310.90 15.3012
294.22 15.3012
277.54 15.3012
260.85 15.3012
444.15 15.3324
427.47 15.3324
410.79 15.3324
394.11 15.3324
377.42 15.3324
360.71 15.3324
344.03 15.3324
327.37 15.3324
310.66 15.3324
294.01 15.3324
343.96 15.3345
327.30 15.3345
310.60 15.3345
293.91 15.3345
277.26 15.3345
260.57 15.3345
443.88 15.251
427.17 15.251
410.51 15.251
393.81 15.251
377.12 15.251
360.46 15.251
343.76 15.251
327.07 15.251
310.41 15.251
293.73 15.251
377.04 15.3689
360.36 15.3689
343.67 15.3689
326.97 15.3689
310.31 15.3689
293.62 15.3689
443.60 15.2922
426.94 15.2922
410.26 15.2922
393.55 15.2922
376.87 15.2922
360.21 15.2922
343.52 15.2922
326.84 15.2922
310.16 15.2922
293.44 15.2922
276.79 15.2922
260.11 15.2922
343.42 15.2367
326.74 15.2367
310.06 15.2367
293.38 15.2367
276.69 15.2367
260.01 15.2367
309.96 15.2225
293.28 15.2225
276.59 15.2225
259.91 15.2225
243.23 15.2225
226.51 15.2225
343.18 15.3763
326.50 15.3763
309.82 15.3763
293.11 15.3763
276.42 15.3763
259.77 15.3763
276.44 15.3864
259.76 15.3864
243.05 15.3864
226.37 15.3864
243.04 15.3598
226.33 15.3598
226.32 15.343
209.64 15.343
192.95 15.343
176.30 15.343
276.25 15.3335
259.59 15.3335
309.51 15.2829
292.86 15.2829
276.14 15.2829
259.49 15.2829
242.77 15.2829
226.12 15.2829
309.43 15.2714
292.72 15.2714
459.42 15.3837
442.71 15.3837
426.02 15.3837
409.37 15.3837
392.66 15.3837
375.98 15.3837
359.30 15.3837
342.64 15.3837
325.93 15.3837
309.27 15.3837
292.59 15.3837
275.88 15.3837
309.19 15.3551
292.53 15.3551
275.82 15.3551
259.14 15.3551
242.46 15.3551
225.78 15.3551
375.72 15.3196
359.04 15.3196
342.35 15.3196
325.67 15.3196
308.99 15.3196
292.30 15.3196
275.62 15.3196
258.97 15.3196
442.27 15.4125
425.58 15.4125
408.88 15.4125
392.22 15.4125
375.51 15.4125
358.83 15.4125
342.14 15.4125
325.49 15.4125
308.78 15.4125
292.12 15.4125
375.40 15.3732
358.75 15.3732
342.04 15.3732
325.38 15.3732
308.70 15.3732
292.02 15.3732
275.33 15.3732
258.62 15.3732
341.99 15.3125
325.31 15.3125
308.62 15.3125
291.94 15.3125
441.88 15.2332
425.20 15.2332
408.52 15.2332
391.83 15.2332
375.15 15.2332
358.47 15.2332
341.79 15.2332
325.10 15.2332
308.42 15.2332
291.74 15.2332
475.04 15.3198
458.36 15.3198
441.67 15.3198
424.99 15.3198
408.31 15.3198
391.62 15.3198
374.94 15.3198
358.26 15.3198
341.57 15.3198
324.89 15.3198
308.21 15.3198
291.46 15.3198
341.48 15.3019
324.78 15.3019
308.12 15.3019
291.46 15.3019
274.75 15.3019
258.09 15.3019
274.74 15.2702
258.06 15.2702
241.37 15.2702
224.69 15.2702
224.67 15.2143
207.99 15.2143
407.96 15.2065
391.28 15.2065
374.59 15.2065
357.91 15.2065
341.23 15.2065
324.55 15.2065
307.86 15.2065
291.15 15.2065
374.50 15.1812
357.84 15.1812
341.15 15.1812
324.47 15.1812
307.76 15.1812
291.10 15.1812
307.73 15.3586
291.04 15.3586
274.34 15.3586
257.68 15.3586
240.96 15.3586
224.28 15.3586
374.25 15.2741
357.60 15.2741
340.88 15.2741
324.20 15.2741
307.55 15.2741
290.86 15.2741
274.18 15.2741
257.50 15.2741
324.17 15.2444
307.48 15.2444
290.80 15.2444
274.12 15.2444
257.41 15.2444
240.72 15.2444
274.04 15.2184
257.36 15.2184
240.70 15.2184
224.02 15.2184
373.99 15.3645
357.31 15.3645
340.63 15.3645
323.94 15.3645
307.26 15.3645
290.58 15.3645
273.89 15.3645
257.21 15.3645
407.15 15.3327
390.47 15.3327
373.79 15.3327
357.08 15.3327
340.40 15.3327
323.71 15.3327
307.03 15.3327
290.35 15.3327
290.33 15.3123
273.64 15.3123
256.99 15.3123
240.28 15.3123
223.62 15.3123
206.94 15.3123
190.26 15.3123
173.57 15.3123
240.22 15.3155
223.54 15.3155
373.51 15.4489
356.83 15.4489
340.12 15.4489
323.46 15.4489
306.75 15.4489
290.10 15.4489
306.77 15.447
290.09 15.447
273.40 15.447
256.72 15.447
240.04 15.447
223.36 15.447
356.64 15.4949
339.95 15.4949
323.25 15.4949
306.56 15.4949
289.91 15.4949
273.22 15.4949
306.54 15.4031
289.82 15.4031
273.14 15.4031
256.49 15.4031
239.78 15.4031
223.09 15.4031
273.10 15.3439
256.42 15.3439
239.73 15.3439
223.08 15.3439
339.66 15.318
322.97 15.318
306.29 15.318
289.64 15.318
306.31 15.2809
289.60 15.2809
272.92 15.2809
256.26 15.2809
239.58 15.2809
222.87 15.2809
406.15 15.3711
389.49 15.3711
372.81 15.3711
356.12 15.3711
339.44 15.3711
322.76 15.3711
306.05 15.3711
289.39 15.3711
372.67 15.357
356.02 15.357
339.31 15.357
322.66 15.357
305.97 15.357
289.29 15.357
339.27 15.3505
322.61 15.3505
305.90 15.3505
289.25 15.3505
272.56 15.3505
255.88 15.3505
239.17 15.3505
222.48 15.3505
205.83 15.3505
189.12 15.3505
205.80 15.4639
189.09 15.4639
272.43 15.5082
255.74 15.5082
439.02 15.4809
422.33 15.4809
405.65 15.4809
388.97 15.4809
372.29 15.4809
355.60 15.4809
338.92 15.4809
322.21 15.4809
305.53 15.4809
288.85 15.4809
322.18 15.4313
305.48 15.4313
288.79 15.4313
272.11 15.4313
255.43 15.4313
238.77 15.4313
338.71 15.3627
322.03 15.3627
305.36 15.3627
288.70 15.3627
272.02 15.3627
255.31 15.3627
271.98 15.4602
255.30 15.4602
238.62 15.4602
221.93 15.4602
238.55 15.3675
221.90 15.3675
205.21 15.3675
188.53 15.3675
338.50 15.369
321.82 15.369
305.13 15.369
288.45 15.369
271.77 15.369
255.09 15.369
338.42 15.408
321.71 15.408
305.02 15.408
288.35 15.408
271.69 15.408
255.00 15.408
371.60 15.4743
354.91 15.4743
338.23 15.4743
321.55 15.4743
304.86 15.4743
288.18 15.4743
271.53 15.4743
254.81 15.4743
321.46 15.5459
304.77 15.5459
288.09 15.5459
271.44 15.5459
254.75 15.5459
238.07 15.5459
388.05 15.4994
371.36 15.4994
354.65 15.4994
337.97 15.4994
321.31 15.4994
304.63 15.4994
287.92 15.4994
271.24 15.4994
254.58 15.4994
237.90 15.4994
421.22 15.5223
404.54 15.5223
387.86 15.5223
371.18 15.5223
354.49 15.5223
337.78 15.5223
321.10 15.5223
304.44 15.5223
287.74 15.5223
271.05 15.5223
337.69 15.5012
321.01 15.5012
304.33 15.5012
287.64 15.5012
270.94 15.5012
254.28 15.5012
270.93 15.477
254.24 15.477
237.56 15.477
220.88 15.477
387.52 15.4719
370.83 15.4719
354.15 15.4719
337.47 15.4719
320.79 15.4719
304.07 15.4719
287.42 15.4719
270.71 15.4719
287.39 15.6062
270.68 15.6062
253.99 15.6062
237.31 15.6062
220.62 15.6062
203.97 15.6062
187.28 15.6062
170.60 15.6062
237.25 15.5723
220.54 15.5723
403.87 15.4437
387.16 15.4437
370.47 15.4437
353.79 15.4437
337.11 15.4437
320.43 15.4437
303.77 15.4437
353.73 15.4146
337.06 15.4146
320.38 15.4146
303.70 15.4146
287.02 15.4146
270.33 15.4146
286.98 15.4136
270.32 15.4136
253.64 15.4136
236.96 15.4136
353.60 15.4115
336.92 15.4115
320.23 15.4115
303.53 15.4115
320.15 15.4624
303.46 15.4624
286.81 15.4624
270.10 15.4624
253.41 15.4624
236.73 15.4624
286.74 15.4547
270.03 15.4547
353.34 15.4336
336.68 15.4336
320.00 15.4336
303.32 15.4336
353.30 15.4332
336.62 15.4332
319.96 15.4332
303.28 15.4332
286.59 15.4332
269.88 15.4332
353.18 15.3762
336.50 15.3762
319.82 15.3762
303.16 15.3762
286.45 15.3762
269.80 15.3762
303.12 15.4083
286.43 15.4083
269.75 15.4083
253.07 15.4083
236.38 15.4083
219.70 15.4083
236.35 15.4369
219.67 15.4369
269.64 15.3966
252.96 15.3966
236.28 15.3966
219.57 15.3966
386.21 15.3735
369.55 15.3735
352.87 15.3735
336.19 15.3735
319.50 15.3735
302.82 15.3735
286.11 15.3735
269.46 15.3735
286.07 15.217
269.36 15.217
252.71 15.217
236.00 15.217
219.31 15.217
202.66 15.217
219.28 15.2969
202.62 15.2969
285.93 15.2382
269.25 15.2382
402.56 15.3255
385.88 15.3255
369.22 15.3255
352.51 15.3255
335.85 15.3255
319.15 15.3255
302.49 15.3255
285.78 15.3255
269.12 15.3255
252.42 15.3255
385.72 15.2307
369.06 15.2307
352.38 15.2307
335.70 15.2307
318.99 15.2307
302.33 15.2307
285.62 15.2307
268.97 15.2307
285.58 15.2098
268.88 15.2098
252.19 15.2098
235.53 15.2098
218.84 15.2098
202.17 15.2098
335.48 15.1738
318.79 15.1738
302.11 15.1738
285.43 15.1738
268.71 15.1738
252.06 15.1738
268.71 15.2264
252.03 15.2264
235.34 15.2264
218.66 15.2264
201.98 15.2264
185.29 15.2264
201.94 15.3005
185.23 15.3005
285.23 15.2998
268.55 15.2998
285.22 15.3052
268.53 15.3052
401.85 15.2301
385.17 15.2301
368.49 15.2301
351.81 15.2301
335.12 15.2301
318.44 15.2301
301.75 15.2301
285.07 15.2301
268.39 15.2301
251.68 15.2301
351.64 15.1858
334.97 15.1858
318.28 15.1858
301.60 15.1858
284.92 15.1858
268.21 15.1858
284.86 15.186
268.20 15.186
251.50 15.186
234.82 15.186
218.13 15.186
201.47 15.186
318.11 15.267
301.43 15.267
284.72 15.267
268.06 15.267
418.06 15.2131
401.35 15.2131
384.70 15.2131
368.01 15.2131
351.33 15.2131
334.65 15.2131
317.93 15.2131
301.28 15.2131
284.60 15.2131
267.92 15.2131
401.20 15.1719
384.51 15.1719
367.83 15.1719
351.15 15.1719
334.43 15.1719
317.78 15.1719
301.07 15.1719
284.41 15.1719
267.73 15.1719
251.02 15.1719
267.72 15.1843
251.04 15.1843
234.33 15.1843
217.65 15.1843
200.96 15.1843
184.29 15.1843
334.25 15.3199
317.55 15.3199
300.86 15.3199
284.18 15.3199
267.52 15.3199
250.84 15.3199
384.14 15.2557
367.44 15.2557
350.78 15.2557
334.06 15.2557
317.38 15.2557
300.72 15.2557
284.01 15.2557
267.33 15.2557
283.98 15.217
267.32 15.217
250.61 15.217
233.96 15.217
217.28 15.217
200.59 15.217
333.90 15.2115
317.22 15.2115
300.52 15.2115
283.85 15.2115
267.17 15.2115
250.49 15.2115
417.12 15.3181
400.44 15.3181
383.76 15.3181
367.07 15.3181
350.39 15.3181
333.71 15.3181
317.02 15.3181
300.34 15.3181
283.63 15.3181
266.98 15.3181
350.29 15.295
333.58 15.295
316.91 15.295
300.22 15.295
283.54 15.295
266.85 15.295
416.87 15.236
400.17 15.236
383.51 15.236
366.80 15.236
350.14 15.236
333.46 15.236
316.77 15.236
300.07 15.236
283.38 15.236
266.73 15.236
416.67 15.2464
399.96 15.2464
383.30 15.2464
366.60 15.2464
349.91 15.2464
333.26 15.2464
316.53 15.2464
299.89 15.2464
283.20 15.2464
266.52 15.2464
416.50 15.2777
399.79 15.2777
383.10 15.2777
366.45 15.2777
349.74 15.2777
333.08 15.2777
316.40 15.2777
299.69 15.2777
283.03 15.2777
266.32 15.2777
349.69 15.2289
333.01 15.2289
316.32 15.2289
299.61 15.2289
282.93 15.2289
266.24 15.2289
282.86 15.2208
266.21 15.2208
349.52 15.2027
332.83 15.2027
316.15 15.2027
299.44 15.2027
282.79 15.2027
266.08 15.2027
282.76 15.2504
266.07 15.2504
249.39 15.2504
232.69 15.2504
216.02 15.2504
199.34 15.2504
349.32 15.2967
332.61 15.2967
315.96 15.2967
299.24 15.2967
282.59 15.2967
265.88 15.2967
399.17 15.2497
382.51 15.2497
365.80 15.2497
349.15 15.2497
332.47 15.2497
315.79 15.2497
299.10 15.2497
282.39 15.2497
265.74 15.2497
249.05 15.2497
282.37 15.1933
265.68 15.1933
249.00 15.1933
232.32 15.1933
215.64 15.1933
198.95 15.1933
332.26 15.1944
315.58 15.1944
298.89 15.1944
282.21 15.1944
265.53 15.1944
248.84 15.1944
298.82 15.3368
282.14 15.3368
265.43 15.3368
248.78 15.3368
232.09 15.3368
215.41 15.3368
232.06 15.3189
215.37 15.3189
198.69 15.3189
182.01 15.3189
198.66 15.2709
181.97 15.2709
331.95 15.2312
315.26 15.2312
298.58 15.2312
281.90 15.2312
265.22 15.2312
248.53 15.2312
281.84 15.2215
265.16 15.2215
248.48 15.2215
231.80 15.2215
215.11 15.2215
198.43 15.2215
265.10 15.2108
248.42 15.2108
265.04 15.2495
248.35 15.2495
231.65 15.2495
214.96 15.2495
198.28 15.2495
181.60 15.2495
264.95 15.3113
248.24 15.3113
414.89 15.2857
398.18 15.2857
381.52 15.2857
364.82 15.2857
348.13 15.2857
331.48 15.2857
314.76 15.2857
298.08 15.2857
281.39 15.2857
264.74 15.2857
414.73 15.211
398.05 15.211
381.37 15.211
364.69 15.211
348.00 15.211
331.32 15.211
314.61 15.211
297.93 15.211
281.24 15.211
264.56 15.211
364.54 15.2042
347.86 15.2042
331.17 15.2042
314.49 15.2042
297.81 15.2042
281.13 15.2042
3430.92 15.321
3414.23 15.321
3397.55 15.321
3380.87 15.321
3364.19 15.321
3347.48 15.321
9380.38 15.2379
9363.73 15.2379
9347.05 15.2379
9330.33 15.2379
9313.68 15.2379
9296.96 15.2379
9280.29 15.2379
9263.60 15.2379
9246.94 15.2379
9230.26 15.2379
9213.58 15.2379
9196.90 15.2379
9180.22 15.2379
9163.53 15.2379
9146.85 15.2379
9130.16 15.2379
9113.45 15.2379
9096.77 15.2379
9080.09 15.2379
9063.43 15.2379
9046.72 15.2379
9030.04 15.2379
9013.36 15.2379
8996.67 15.2379
8979.99 15.2379
8963.30 15.2379
8996.62 15.2439
8979.91 15.2439
8963.26 15.2439
8946.55 15.2439
8929.89 15.2439
8913.17 15.2439
8896.52 15.2439
8879.84 15.2439
8863.16 15.2439
8846.45 15.2439
8829.77 15.2439
8813.11 15.2439
8796.39 15.2439
8779.74 15.2439
8763.03 15.2439
8746.38 15.2439
8729.67 15.2439
8713.01 15.2439
8696.33 15.2439
8679.65 15.2439
8662.96 15.2439
8646.28 15.2439
8629.59 15.2439
8612.91 15.2439
8629.58 15.245
8612.90 15.245
8662.86 15.2322
8646.20 15.2322
8629.52 15.2322
8612.84 15.2322
8596.16 15.2322
8579.47 15.2322
8562.79 15.2322
8546.11 15.2322
8529.42 15.2322
8512.74 15.2322
8496.03 15.2322
8479.38 15.2322
8462.68 15.2322
8446.01 15.2322
8429.30 15.2322
8412.64 15.2322
8395.96 15.2322
8379.28 15.2322
8362.60 15.2322
8345.91 15.2322
8329.23 15.2322
8312.55 15.2322
8295.86 15.2322
8279.18 15.2322
8262.50 15.2322
8245.81 15.2322
8262.46 15.2325
8245.78 15.2325
8329.08 15.2263
8312.40 15.2263
8295.69 15.2263
8279.03 15.2263
8262.32 15.2263
8245.66 15.2263
8228.98 15.2263
8212.27 15.2263
8195.62 15.2263
8178.93 15.2263
8162.25 15.2263
8145.54 15.2263
8128.89 15.2263
8112.18 15.2263
8095.49 15.2263
8078.80 15.2263
8062.15 15.2263
8045.45 15.2263
8028.76 15.2263
8012.08 15.2263
7995.39 15.2263
7978.72 15.2263
7962.02 15.2263
7945.34 15.2263
7928.66 15.2263
7911.98 15.2263
7895.30 15.2263
7878.64 15.2263
7861.93 15.2263
7845.25 15.2263
7828.56 15.2263
7811.88 15.2263
7895.19 15.2554
7878.51 15.2554
7861.85 15.2554
7845.14 15.2554
7828.46 15.2554
7811.78 15.2554
7795.09 15.2554
7778.41 15.2554
7761.73 15.2554
7745.04 15.2554
7728.36 15.2554
7711.68 15.2554
7695.00 15.2554
7678.31 15.2554
7661.63 15.2554
7644.95 15.2554
7628.27 15.2554
7611.58 15.2554
7594.90 15.2554
7578.22 15.2554
7561.52 15.2554
7544.85 15.2554
7528.16 15.2554
7511.51 15.2554
7494.80 15.2554
7478.14 15.2554
7461.44 15.2554
7444.78 15.2554
7428.10 15.2554
7411.41 15.2554
7394.73 15.2554
7378.05 15.2554
7361.34 15.2554
7344.66 15.2554
7327.97 15.2554
7311.29 15.2554
7294.61 15.2554
7277.95 15.2554
7261.23 15.2554
7244.56 15.2554
7227.90 15.2554
7211.21 15.2554
7194.51 15.2554
7177.85 15.2554
7161.16 15.2554
7144.46 15.2554
7127.80 15.2554
7111.12 15.2554
7127.77 15.2349
7111.08 15.2349
7094.40 15.2349
7077.72 15.2349
7061.03 15.2349
7044.35 15.2349
7027.64 15.2349
7010.96 15.2349
7060.94 15.249
7044.26 15.249
7027.60 15.249
7010.89 15.249
6994.23 15.249
6977.52 15.249
6960.84 15.249
6944.18 15.249
6927.50 15.249
6910.79 15.249
6894.11 15.249
6877.43 15.249
6860.75 15.249
6844.09 15.249
6827.40 15.249
6810.72 15.249
6794.01 15.249
6777.33 15.249
6760.67 15.249
6743.97 15.249
6727.28 15.249
6710.59 15.249
6727.24 15.2034
6710.56 15.2034
6693.88 15.2034
6677.22 15.2034
6660.53 15.2034
6643.85 15.2034
6627.17 15.2034
6610.48 15.2034
6627.13 15.2287
6610.43 15.2287
6593.74 15.2287
6577.09 15.2287
6560.40 15.2287
6543.72 15.2287
6560.37 15.3732
6543.69 15.3732
6527.00 15.3732
6510.32 15.3732
6493.61 15.3732
6476.95 15.3732
6526.91 15.2382
6510.23 15.2382
6493.55 15.2382
6476.86 15.2382
6460.18 15.2382
6443.52 15.2382
6426.84 15.2382
6410.16 15.2382
6393.48 15.2382
6376.77 15.2382
6360.11 15.2382
6343.43 15.2382
6326.74 15.2382
6310.06 15.2382
6293.38 15.2382
6276.69 15.2382
6259.98 15.2382
6243.28 15.2382
6226.61 15.2382
6209.96 15.2382
6226.58 15.3238
6209.89 15.3238
6193.21 15.3238
6176.53 15.3238
6159.82 15.3238
6143.16 15.3238
6126.48 15.3238
6109.77 15.3238
6093.09 15.3238
6076.41 15.3238
6059.75 15.3238
6043.04 15.3238
6059.69 15.2838
6043.03 15.2838
6026.35 15.2838
6009.66 15.2838
5992.98 15.2838
5976.30 15.2838
6026.28 15.2773
6009.59 15.2773
5992.91 15.2773
5976.23 15.2773
5959.54 15.2773
5942.83 15.2773
5926.15 15.2773
5909.49 15.2773
5892.81 15.2773
5876.12 15.2773
5859.44 15.2773
5842.76 15.2773
5826.08 15.2773
5809.37 15.2773
5792.71 15.2773
5776.03 15.2773
5759.32 15.2773
5742.64 15.2773
5725.98 15.2773
5709.30 15.2773
5692.62 15.2773
5675.93 15.2773
5659.25 15.2773
5642.57 15.2773
5625.88 15.2773
5609.17 15.2773
5592.52 15.2773
5575.84 15.2773
5559.12 15.2773
5542.47 15.2773
5559.11 15.262
5542.43 15.262
5525.72 15.262
5509.04 15.262
5492.35 15.262
5475.67 15.262
5458.99 15.262
5442.31 15.262
5425.65 15.262
5408.94 15.262
5425.59 15.2449
5408.91 15.2449
5458.92 15.2669
5442.26 15.2669
5425.55 15.2669
5408.86 15.2669
5392.21 15.2669
5375.52 15.2669
5358.81 15.2669
5342.16 15.2669
5325.48 15.2669
5308.75 15.2669
5292.11 15.2669
5275.43 15.2669
5258.74 15.2669
5242.03 15.2669
5225.38 15.2669
5208.69 15.2669
5192.01 15.2669
5175.32 15.2669
5158.64 15.2669
5141.96 15.2669
5125.28 15.2669
5108.60 15.2669
5091.91 15.2669
5075.23 15.2669
5091.88 15.2245
5075.20 15.2245
5058.51 15.2245
5041.83 15.2245
5025.15 15.2245
5008.46 15.2245
5058.44 15.3561
5041.76 15.3561
5025.08 15.3561
5008.40 15.3561
4991.71 15.3561
4975.03 15.3561
4958.35 15.3561
4941.66 15.3561
4924.98 15.3561
4908.30 15.3561
4891.61 15.3561
4874.93 15.3561
4858.25 15.3561
4841.56 15.3561
4924.85 15.2586
4908.16 15.2586
4891.48 15.2586
4874.80 15.2586
4858.11 15.2586
4841.43 15.2586
4824.75 15.2586
4808.06 15.2586
4791.38 15.2586
4774.67 15.2586
4757.98 15.2586
4741.33 15.2586
4724.65 15.2586
4707.97 15.2586
4691.28 15.2586
4674.60 15.2586
4657.92 15.2586
4641.23 15.2586
4624.56 15.2586
4607.84 15.2586
4591.18 15.2586
4574.50 15.2586
4557.82 15.2586
4541.14 15.2586
4624.48 15.2056
4607.76 15.2056
4591.09 15.2056
4574.40 15.2056
4557.75 15.2056
4541.06 15.2056
4524.38 15.2056
4507.70 15.2056
4490.99 15.2056
4474.33 15.2056
4457.65 15.2056
4440.96 15.2056
4424.27 15.2056
4407.57 15.2056
4390.89 15.2056
4374.21 15.2056
4357.52 15.2056
4340.87 15.2056
4324.19 15.2056
4307.50 15.2056
4290.82 15.2056
4274.11 15.2056
4257.43 15.2056
4240.74 15.2056
4224.06 15.2056
4207.40 15.2056
4190.69 15.2056
4174.04 15.2056
4157.35 15.2056
4140.67 15.2056
4123.99 15.2056
4107.31 15.2056
4090.62 15.2056
4073.94 15.2056
4090.53 15.2166
4073.84 15.2166
4090.49 14.8939
4073.84 14.8939
4057.16 14.8939
4040.45 14.8939
4023.79 14.8939
4007.08 14.8939
3990.42 14.8939
3973.72 14.8939
3957.06 14.8939
3940.37 14.8939
3923.69 14.8939
3907.01 14.8939
3890.30 14.8939
3873.64 14.8939
3856.96 14.8939
3840.25 14.8939
3823.57 14.8939
3806.88 14.8939
3823.56 14.9267
3806.88 14.9267
3890.19 14.8407
3873.50 14.8407
3856.82 14.8407
3840.14 14.8407
3823.43 14.8407
3806.77 14.8407
3790.06 14.8407
3773.41 14.8407
3756.72 14.8407
3740.04 14.8407
3723.36 14.8407
3706.67 14.8407
3689.99 14.8407
3673.31 14.8407
3656.62 14.8407
3639.94 14.8407
3623.26 14.8407
3606.57 14.8407
3589.89 14.8407
3573.21 14.8407
3556.53 14.8407
3539.84 14.8407
3623.15 14.9628
3606.47 14.9628
3589.78 14.9628
3573.10 14.9628
3556.42 14.9628
3539.74 14.9628
3523.05 14.9628
3506.37 14.9628
3489.69 14.9628
3473.00 14.9628
3456.30 14.9628
3439.61 14.9628
3422.93 14.9628
3406.27 14.9628
3389.56 14.9628
3372.91 14.9628
3356.20 14.9628
3339.51 14.9628
3322.86 14.9628
3306.17 14.9628
3289.46 14.9628
3272.78 14.9628
3256.12 14.9628
3239.41 14.9628
3222.76 14.9628
3206.08 14.9628
3189.39 14.9628
3172.69 14.9628
3156.03 14.9628
3139.34 14.9628
3122.63 14.9628
3105.98 14.9628
3089.30 14.9628
3072.61 14.9628
3055.90 14.9628
3039.22 14.9628
3022.56 14.9628
3005.88 14.9628
2989.20 14.9628
2972.51 14.9628
2989.19 15.0171
2972.47 15.0171
3089.13 15.2295
3072.47 15.2295
3055.79 15.2295
3039.08 15.2295
3022.42 15.2295
3005.74 15.2295
2989.05 15.2295
2972.34 15.2295
2955.69 15.2295
2938.98 15.2295
2922.32 15.2295
2905.64 15.2295
2888.95 15.2295
2872.24 15.2295
2855.59 15.2295
2838.88 15.2295
2822.22 15.2295
2805.51 15.2295
2788.86 15.2295
2772.17 15.2295
2755.46 15.2295
2738.78 15.2295
2722.10 15.2295
2705.42 15.2295
2688.73 15.2295
2672.06 15.2295
2655.37 15.2295
2638.68 15.2295
2622.00 15.2295
2605.34 15.2295
2588.64 15.2295
2571.96 15.2295
2555.27 15.2295
2538.58 15.2295
2721.89 15.089
2705.20 15.089
2688.52 15.089
2671.84 15.089
2655.15 15.089
2638.50 15.089
2621.82 15.089
2605.13 15.089
2588.42 15.089
2571.76 15.089
2555.06 15.089
2538.37 15.089
2521.69 15.089
2505.03 15.089
2488.33 15.089
2471.64 15.089
2454.96 15.089
2438.28 15.089
2421.59 15.089
2404.94 15.089
2388.25 15.089
2371.54 15.089
2354.86 15.089
2338.18 15.089
2321.49 15.089
2304.84 15.089
2288.13 15.089
2271.47 15.089
2254.76 15.089
2238.09 15.089
2221.42 15.089
2204.71 15.089
2188.06 15.089
2171.37 15.089
2154.69 15.089
2138.01 15.089
2121.32 15.089
2104.64 15.089
2121.24 15.0977
2104.55 15.0977
2087.90 15.0977
2071.18 15.0977
2054.51 15.0977
2037.82 15.0977
2054.47 14.9809
2037.81 14.9809
2021.12 14.9809
2004.44 14.9809
2021.10 14.6559
2004.44 14.6559
1987.76 14.6559
1971.07 14.6559
1954.39 14.6559
1937.68 14.6559
1987.66 14.9943
1970.98 14.9943
1954.29 14.9943
1937.61 14.9943
1920.89 14.9943
1904.22 14.9943
1887.54 14.9943
1870.85 14.9943
1854.17 14.9943
1837.49 14.9943
1854.16 15.1008
1837.45 15.1008
1820.77 15.1008
1804.09 15.1008
1787.43 15.1008
1770.71 15.1008
1754.03 15.1008
1737.38 15.1008
1820.65 14.9781
1803.98 14.9781
1787.30 14.9781
1770.61 14.9781
1753.93 14.9781
1737.28 14.9781
1720.57 14.9781
1703.91 14.9781
1687.20 14.9781
1670.54 14.9781
1653.84 14.9781
1637.17 14.9781
1620.49 14.9781
1603.79 14.9781
1620.43 15.1101
1603.75 15.1101
1587.07 15.1101
1570.38 15.1101
1553.73 15.1101
1537.02 15.1101
1520.34 15.1101
1503.68 15.1101
1486.99 15.1101
1470.31 15.1101
1520.32 15.1918
1503.63 15.1918
1486.92 15.1918
1470.24 15.1918
1453.56 15.1918
1436.90 15.1918
1420.19 15.1918
1403.54 15.1918
1386.85 15.1918
1436.80 15.3361
1420.12 15.3361
1403.40 15.3361
1386.73 15.3361
1370.05 15.3361
1353.36 15.3361
1336.68 15.3361
1320.02 15.3361
1303.31 15.3361
1286.63 15.3361
1269.94 15.3361
1253.29 15.3361
1269.94 15.3576
1253.28 15.3576
1236.60 15.3576
1219.91 15.3576
1203.23 15.3576
1186.55 15.3576
1203.17 15.2745
1186.49 15.2745
1169.83 15.2745
1153.12 15.2745
1203.12 15.324
1186.44 15.324
1169.76 15.324
1153.08 15.324
1136.39 15.324
1119.69 15.324
1103.03 15.324
1086.35 15.324
1069.64 15.324
1052.98 15.324
1069.60 15.2804
1052.91 15.2804
1036.24 15.2804
1019.58 15.2804
1002.90 15.2804
986.19 15.2804
969.50 15.2804
952.85 15.2804
936.17 15.2804
919.48 15.2804
969.41 15.3493
952.75 15.3493
936.04 15.3493
919.36 15.3493
902.68 15.3493
886.02 15.3493
869.34 15.3493
852.63 15.3493
835.94 15.3493
819.29 15.3493
802.61 15.3493
785.92 15.3493
835.93 15.2256
819.24 15.2256
802.53 15.2256
785.87 15.2256
769.19 15.2256
752.51 15.2256
735.83 15.2256
719.12 15.2256
702.46 15.2256
685.78 15.2256
735.73 15.2957
719.05 15.2957
702.37 15.2957
685.68 15.2957
669.00 15.2957
652.29 15.2957
635.63 15.2957
618.95 15.2957
602.27 15.2957
585.59 15.2957
635.58 15.1407
618.90 15.1407
602.22 15.1407
585.53 15.1407
568.85 15.1407
552.17 15.1407
535.49 15.1407
518.80 15.1407
502.12 15.1407
485.41 15.1407
502.07 15.0084
485.36 15.0084
468.70 15.0084
452.02 15.0084
435.34 15.0084
418.62 15.0084
401.97 15.0084
385.29 15.0084
435.29 14.9766
418.60 14.9766
468.57 15.1029
451.90 15.1029
435.21 15.1029
418.53 15.1029
468.47 14.513
451.78 14.513
435.10 14.513
418.41 14.513
468.42 14.8785
451.74 14.8785
435.08 14.8785
418.37 14.8785
401.69 14.8785
385.04 14.8785
368.35 14.8785
351.67 14.8785
4068.04 13.4619
4051.38 13.4619
4034.70 13.4619
4018.01 13.4619
4001.33 13.4619
3984.62 13.4619
3967.94 13.4619
3951.28 13.4619
3934.57 13.4619
3917.92 13.4619
3901.21 13.4619
3884.52 13.4619
3867.84 13.4619
3851.18 13.4619
3834.48 13.4619
3817.79 13.4619
3801.11 13.4619
3784.45 13.4619
3767.76 13.4619
3751.08 13.4619
3734.40 13.4619
3717.72 13.4619
3701.04 13.4619
3684.35 13.4619
3667.64 13.4619
3650.98 13.4619
3634.28 13.4619
3617.62 13.4619
3600.91 13.4619
3584.26 13.4619
3567.57 13.4619
3550.86 13.4619
3534.21 13.4619
3517.49 13.4619
3500.84 13.4619
3484.16 13.4619
3467.47 13.4619
3450.79 13.4619
3434.11 13.4619
3417.42 13.4619
3400.74 13.4619
3384.06 13.4619
3367.37 13.4619
3350.69 13.4619
3334.01 13.4619
3317.33 13.4619
3300.62 13.4619
3283.96 13.4619
3267.28 13.4619
3250.56 13.4619
3233.88 13.4619
3217.23 13.4619
3200.55 13.4619
3183.83 13.4619
3167.15 13.4619
3150.47 13.4619
3133.81 13.4619
3117.11 13.4619
3100.42 13.4619
3083.74 13.4619
3067.06 13.4619
3050.37 13.4619
3033.69 13.4619
3017.03 13.4619
3000.35 13.4619
2983.64 13.4619
2966.96 13.4619
2950.30 13.4619
2933.62 13.4619
2916.91 13.4619
2900.22 13.4619
2883.57 13.4619
2866.86 13.4619
2850.18 13.4619
2833.52 13.4619
2816.84 13.4619
2800.15 13.4619
2783.44 13.4619
2766.76 13.4619
2750.08 13.4619
2733.40 13.4619
2716.72 13.4619
2700.04 13.4619
2683.35 13.4619
2666.67 13.4619
2649.98 13.4619
2633.30 13.4619
2616.64 13.4619
2599.95 13.4619
2583.28 13.4619
2566.59 13.4619
2549.88 13.4619
2533.22 13.4619
2516.51 13.4619
2499.86 13.4619
2483.18 13.4619
2466.49 13.4619
2449.81 13.4619
2433.10 13.4619
2416.43 13.4619
2399.76 13.4619
2383.08 13.4619
2366.36 13.4619
2349.69 13.4619
2333.00 13.4619
2316.31 13.4619
2299.66 13.4619
2282.98 13.4619
2266.30 13.4619
2249.61 13.4619
2232.93 13.4619
2216.22 13.4619
2199.54 13.4619
2182.85 13.4619
2166.17 13.4619
2149.52 13.4619
2132.83 13.4619
2116.15 13.4619
2099.44 13.4619
2082.78 13.4619
2066.10 13.4619
2049.42 13.4619
2032.73 13.4619
2016.05 13.4619
1999.34 13.4619
1982.69 13.4619
1966.00 13.4619
1949.29 13.4619
1932.63 13.4619
1915.93 13.4619
1899.27 13.4619
1882.56 13.4619
1865.90 13.4619
1849.19 13.4619
1832.54 13.4619
1815.83 13.4619
1799.14 13.4619
1782.49 13.4619
1765.81 13.4619
1749.10 13.4619
1732.44 13.4619
1715.73 13.4619
1699.08 13.4619
1682.36 13.4619
1665.71 13.4619
1649.03 13.4619
1632.32 13.4619
1615.63 13.4619
1598.98 13.4619
1582.30 13.4619
1565.61 13.4619
1548.93 13.4619
1532.22 13.4619
1515.56 13.4619
1498.88 13.4619
1482.17 13.4619
1465.49 13.4619
1448.81 13.4619
1432.15 13.4619
1415.44 13.4619
1398.78 13.4619
1382.10 13.4619
1365.41 13.4619
1348.70 13.4619
1332.05 13.4619
1315.34 13.4619
1298.68 13.4619
1282.00 13.4619
1265.32 13.4619
1248.61 13.4619
1231.93 13.4619
1215.24 13.4619
1198.56 13.4619
1181.90 13.4619
1165.22 13.4619
1148.53 13.4619
1131.85 13.4619
1115.17 13.4619
1098.45 13.4619
1081.80 13.4619
1065.12 13.4619
1048.41 13.4619
1031.73 13.4619
1015.05 13.4619
998.38 13.4619
981.67 13.4619
965.02 13.4619
948.34 13.4619
931.63 13.4619
914.97 13.4619
898.29 13.4619
881.61 13.4619
864.92 13.4619
848.24 13.4619
831.56 13.4619
814.88 13.4619
798.19 13.4619
781.51 13.4619
764.80 13.4619
748.14 13.4619
731.46 13.4619
714.78 13.4619
698.09 13.4619
681.38 13.4619
664.73 13.4619
648.02 13.4619
631.34 13.4619
614.65 13.4619
1064.60 12.8985
1047.89 12.8985
1031.24 12.8985
1014.55 12.8985
997.87 12.8985
981.19 12.8985
964.50 12.8985
947.82 12.8985
931.14 12.8985
914.43 12.8985
897.75 12.8985
881.09 12.8985
864.37 12.8985
847.73 12.8985
831.04 12.8985
814.36 12.8985
797.68 12.8985
780.99 12.8985
764.31 12.8985
747.60 12.8985
730.94 12.8985
714.26 12.8985
697.58 12.8985
680.89 12.8985
664.21 12.8985
647.53 12.8985
630.85 12.8985
614.16 12.8985
797.46 11.5561
780.80 11.5561
764.10 11.5561
747.41 11.5561
730.73 11.5561
714.08 11.5561
697.39 11.5561
680.68 11.5561
664.00 11.5561
647.34 11.5561
630.63 11.5561
613.95 11.5561
597.27 11.5561
580.61 11.5561
563.93 11.5561
547.25 11.5561
530.53 11.5561
513.85 11.5561
497.20 11.5561
480.51 11.5561
763.78 9.25179
747.10 9.25179
730.42 9.25179
713.74 9.25179
697.05 9.25179
680.37 9.25179
663.66 9.25179
647.00 9.25179
630.32 9.25179
613.61 9.25179
596.93 9.25179
580.24 9.25179
563.59 9.25179
546.90 9.25179
530.22 9.25179
513.54 9.25179
496.83 9.25179
480.15 9.25179
463.49 9.25179
446.81 9.25179
596.78 10.033
580.10 10.033
563.42 10.033
546.73 10.033
530.05 10.033
513.36 10.033
496.69 10.033
479.97 10.033
463.29 10.033
446.63 10.033
429.93 10.033
413.27 10.033
529.91 8.52069
513.23 8.52069
496.57 8.52069
479.88 8.52069
463.20 8.52069
446.52 8.52069
429.84 8.52069
413.16 8.52069
396.45 8.52069
379.76 8.52069
363.08 8.52069
346.42 8.52069
496.34 8.2827
479.66 8.2827
462.97 8.2827
446.31 8.2827
429.63 8.2827
412.95 8.2827
396.26 8.2827
379.58 8.2827
562.86 8.69069
546.17 8.69069
529.52 8.69069
512.81 8.69069
496.12 8.69069
479.44 8.69069
462.76 8.69069
446.08 8.69069
429.42 8.69069
412.71 8.69069
396.05 8.69069
379.35 8.69069
596.03 8.20407
579.35 8.20407
562.64 8.20407
545.98 8.20407
529.27 8.20407
512.62 8.20407
495.94 8.20407
479.25 8.20407
462.57 8.20407
445.89 8.20407
429.20 8.20407
412.52 8.20407
462.50 8.18366
445.82 8.18366
429.11 8.18366
412.43 8.18366
395.77 8.18366
379.09 8.18366
362.38 8.18366
345.70 8.18366
462.36 8.23469
445.68 8.23469
429.00 8.23469
412.31 8.23469
395.60 8.23469
378.92 8.23469
362.24 8.23469
345.58 8.23469
328.89 8.23469
312.22 8.23469
295.53 8.23469
278.85 8.23469
428.80 7.01002
412.09 7.01002
395.43 7.01002
378.73 7.01002
362.07 7.01002
345.38 7.01002
328.67 7.01002
312.01 7.01002
295.31 7.01002
278.65 7.01002
361.93 7.13386
345.27 7.13386
328.57 7.13386
311.91 7.13386
295.23 7.13386
278.54 7.13386
261.86 7.13386
245.18 7.13386
228.47 7.13386
211.78 7.13386
195.10 7.13386
178.42 7.13386
161.76 7.13386
145.05 7.13386
495.07 7.22742
478.36 7.22742
461.70 7.22742
445.02 7.22742
428.34 7.22742
411.65 7.22742
394.97 7.22742
378.29 7.22742
361.60 7.22742
344.92 7.22742
328.24 7.22742
311.55 7.22742
294.87 7.22742
278.16 7.22742
261.48 7.22742
244.82 7.22742
228.12 7.22742
211.43 7.22742
394.73 7.05491
378.05 7.05491
361.37 7.05491
344.68 7.05491
328.00 7.05491
311.31 7.05491
294.61 7.05491
277.95 7.05491
261.27 7.05491
244.56 7.05491
227.90 7.05491
211.21 7.05491
194.51 7.05491
177.85 7.05491
161.17 7.05491
144.49 7.05491
127.78 7.05491
111.12 7.05491
561.07 7.22518
544.39 7.22518
527.71 7.22518
511.02 7.22518
494.33 7.22518
477.65 7.22518
461.00 7.22518
444.29 7.22518
427.63 7.22518
410.92 7.22518
394.24 7.22518
377.56 7.22518
360.87 7.22518
344.19 7.22518
327.51 7.22518
310.81 7.22518
294.14 7.22518
277.46 7.22518
394.07 7.02738
377.39 7.02738
360.73 7.02738
344.05 7.02738
327.34 7.02738
310.69 7.02738
294.00 7.02738
277.32 7.02738
260.64 7.02738
243.96 7.02738
227.27 7.02738
210.59 7.02738
193.88 7.02738
177.22 7.02738
160.51 7.02738
143.83 7.02738
127.15 7.02738
110.49 7.02738
460.45 7.15405
443.79 7.15405
427.11 7.15405
410.43 7.15405
393.72 7.15405
377.06 7.15405
360.38 7.15405
343.67 7.15405
326.99 7.15405
310.33 7.15405
293.64 7.15405
276.96 7.15405
260.28 7.15405
243.57 7.15405
226.91 7.15405
210.23 7.15405
193.55 7.15405
176.84 7.15405
260.14 7.06291
243.46 7.06291
226.75 7.06291
210.09 7.06291
193.38 7.06291
176.73 7.06291
160.02 7.06291
143.36 7.06291
126.65 7.06291
110.00 7.06291
93.32 7.06291
76.61 7.06291
426.56 7.01469
409.91 7.01469
393.22 7.01469
376.54 7.01469
359.86 7.01469
343.18 7.01469
326.49 7.01469
309.81 7.01469
293.13 7.01469
276.42 7.01469
259.74 7.01469
243.05 7.01469
359.69 7.16227
343.03 7.16227
326.35 7.16227
309.67 7.16227
292.96 7.16227
276.30 7.16227
259.62 7.16227
242.94 7.16227
226.25 7.16227
209.57 7.16227
192.89 7.16227
176.18 7.16227
292.88 7.32852
276.20 7.32852
259.51 7.32852
242.82 7.32852
226.15 7.32852
209.46 7.32852
192.78 7.32852
176.10 7.32852
159.41 7.32852
142.73 7.32852
126.05 7.32852
109.37 7.32852
459.30 7.27429
442.61 7.27429
425.90 7.27429
409.22 7.27429
392.56 7.27429
375.88 7.27429
359.17 7.27429
342.49 7.27429
325.83 7.27429
309.15 7.27429
292.47 7.27429
275.78 7.27429
292.43 7.27828
275.72 7.27828
259.06 7.27828
242.38 7.27828
225.68 7.27828
209.01 7.27828
192.31 7.27828
175.65 7.27828
158.94 7.27828
142.26 7.27828
125.60 7.27828
108.91 7.27828
358.91 8.01326
342.23 8.01326
325.55 8.01326
308.86 8.01326
292.15 8.01326
275.50 8.01326
258.81 8.01326
242.13 8.01326
225.45 8.01326
208.76 8.01326
192.08 8.01326
175.40 8.01326
292.00 8.09402
275.30 8.09402
258.64 8.09402
241.96 8.09402
225.28 8.09402
208.59 8.09402
191.88 8.09402
175.22 8.09402
158.52 8.09402
141.86 8.09402
125.15 8.09402
108.49 8.09402
458.45 7.9679
441.75 7.9679
425.06 7.9679
408.40 7.9679
391.70 7.9679
375.04 7.9679
358.35 7.9679
341.64 7.9679
324.99 7.9679
308.28 7.9679
291.62 7.9679
274.94 7.9679
324.92 8.05435
308.24 8.05435
291.55 8.05435
274.87 8.05435
258.17 8.05435
241.51 8.05435
224.82 8.05435
208.14 8.05435
191.46 8.05435
174.78 8.05435
158.09 8.05435
141.38 8.05435
358.07 8.00401
341.36 8.00401
324.68 8.00401
308.02 8.00401
291.34 8.00401
274.66 8.00401
257.97 8.00401
241.29 8.00401
224.61 8.00401
207.92 8.00401
191.24 8.00401
174.56 8.00401
291.17 7.94117
274.49 7.94117
257.78 7.94117
241.12 7.94117
224.44 7.94117
207.76 7.94117
191.07 7.94117
174.39 7.94117
157.71 7.94117
141.03 7.94117
124.34 7.94117
107.66 7.94117
357.62 7.96495
340.92 7.96495
324.23 7.96495
307.57 7.96495
290.89 7.96495
274.18 7.96495
257.53 7.96495
240.84 7.96495
224.16 7.96495
207.48 7.96495
190.79 7.96495
174.09 7.96495
424.07 8.45837
407.37 8.45837
390.68 8.45837
374.03 8.45837
357.34 8.45837
340.63 8.45837
323.95 8.45837
307.27 8.45837
290.61 8.45837
273.90 8.45837
257.22 8.45837
240.54 8.45837
323.87 8.6371
307.17 8.6371
290.51 8.6371
273.83 8.6371
257.14 8.6371
240.44 8.6371
223.75 8.6371
207.09 8.6371
190.41 8.6371
173.73 8.6371
157.04 8.6371
140.36 8.6371
190.34 8.50359
173.63 8.50359
156.94 8.50359
140.26 8.50359
123.59 8.50359
106.90 8.50359
90.24 8.50359
73.56 8.50359
223.53 8.50092
206.84 8.50092
190.16 8.50092
173.48 8.50092
156.80 8.50092
140.12 8.50092
123.43 8.50092
106.75 8.50092
256.72 8.37453
240.04 8.37453
223.35 8.37453
206.67 8.37453
189.99 8.37453
173.31 8.37453
223.28 8.42192
206.60 8.42192
189.92 8.42192
173.24 8.42192
156.53 8.42192
139.87 8.42192
223.18 8.50284
206.52 8.50284
189.81 8.50284
173.13 8.50284
156.47 8.50284
139.79 8.50284
256.43 8.50757
239.75 8.50757
223.06 8.50757
206.38 8.50757
189.70 8.50757
172.99 8.50757
222.95 8.51156
206.27 8.51156
189.61 8.51156
172.92 8.51156
156.22 8.51156
139.56 8.51156
222.89 8.55449
206.18 8.55449
189.50 8.55449
172.82 8.55449
156.12 8.55449
139.45 8.55449
256.12 8.55192
239.41 8.55192
222.73 8.55192
206.07 8.55192
189.36 8.55192
172.68 8.55192
289.29 8.63537
272.63 8.63537
255.93 8.63537
239.27 8.63537
222.56 8.63537
205.90 8.63537
222.53 8.71391
205.87 8.71391
189.16 8.71391
172.48 8.71391
155.79 8.71391
139.11 8.71391
255.80 8.65338
239.09 8.65338
222.43 8.65338
205.73 8.65338
189.07 8.65338
172.36 8.65338
289.01 8.62339
272.32 8.62339
255.64 8.62339
238.96 8.62339
222.28 8.62339
205.60 8.62339
255.54 8.61761
238.88 8.61761
222.20 8.61761
205.52 8.61761
188.81 8.61761
172.13 8.61761
222.13 8.6504
205.43 8.6504
188.74 8.6504
172.06 8.6504
155.37 8.6504
138.69 8.6504
222.02 8.59535
205.32 8.59535
188.66 8.59535
171.95 8.59535
155.29 8.59535
138.59 8.59535
221.90 8.58864
205.24 8.58864
188.56 8.58864
171.85 8.58864
155.16 8.58864
138.51 8.58864
255.12 8.57121
238.46 8.57121
221.78 8.57121
205.10 8.57121
188.38 8.57121
171.70 8.57121
288.34 8.60162
271.68 8.60162
255.01 8.60162
238.32 8.60162
221.64 8.60162
204.96 8.60162
221.60 8.65046
204.92 8.65046
188.24 8.65046
171.56 8.65046
154.85 8.65046
138.19 8.65046
254.81 8.62178
238.12 8.62178
221.47 8.62178
204.78 8.62178
188.10 8.62178
171.42 8.62178
288.06 8.62469
271.38 8.62469
254.67 8.62469
237.98 8.62469
221.32 8.62469
204.64 8.62469
221.29 8.62556
204.61 8.62556
187.93 8.62556
171.24 8.62556
154.56 8.62556
137.88 8.62556
254.54 8.66374
237.86 8.66374
221.18 8.66374
204.50 8.66374
187.78 8.66374
171.13 8.66374
287.72 8.67664
271.06 8.67664
254.38 8.67664
237.70 8.67664
221.01 8.67664
204.33 8.67664
220.98 8.65321
204.29 8.65321
187.59 8.65321
170.90 8.65321
154.25 8.65321
137.56 8.65321
254.20 8.63968
237.55 8.63968
220.84 8.63968
204.18 8.63968
187.47 8.63968
170.81 8.63968
220.77 8.601
204.09 8.601
187.40 8.601
170.72 8.601
154.00 8.601
137.35 8.601
287.33 8.63199
270.64 8.63199
253.94 8.63199
237.24 8.63199
220.59 8.63199
203.88 8.63199
253.90 8.68912
237.19 8.68912
220.54 8.68912
203.85 8.68912
187.17 8.68912
170.46 8.68912
287.12 8.65633
270.43 8.65633
253.72 8.65633
237.06 8.65633
220.36 8.65633
203.70 8.65633
286.98 8.61477
270.33 8.61477
253.62 8.61477
236.96 8.61477
220.25 8.61477
203.57 8.61477
253.55 8.60121
236.87 8.60121
220.21 8.60121
203.52 8.60121
186.84 8.60121
170.13 8.60121
286.83 8.64526
270.15 8.64526
253.46 8.64526
236.78 8.64526
220.10 8.64526
203.41 8.64526
286.69 8.65078
270.01 8.65078
253.33 8.65078
236.64 8.65078
219.93 8.65078
203.28 8.65078
253.26 8.66542
236.57 8.66542
219.89 8.66542
203.18 8.66542
186.52 8.66542
169.82 8.66542
286.49 8.64656
269.80 8.64656
253.15 8.64656
236.44 8.64656
219.78 8.64656
203.10 8.64656
286.41 8.67904
269.72 8.67904
253.04 8.67904
236.36 8.67904
219.68 8.67904
202.99 8.67904
252.97 8.6631
236.29 8.6631
219.61 8.6631
202.92 8.6631
186.21 8.6631
169.53 8.6631
286.14 8.73197
269.46 8.73197
252.81 8.73197
236.12 8.73197
219.41 8.73197
202.73 8.73197
286.07 8.71953
269.38 8.71953
252.70 8.71953
236.02 8.71953
219.36 8.71953
202.64 8.71953
252.61 8.72787
235.92 8.72787
219.25 8.72787
202.55 8.72787
185.90 8.72787
302.51 8.69823
285.86 8.69823
269.17 8.69823
252.49 8.69823
235.81 8.69823
219.10 8.69823
302.46 8.72693
285.78 8.72693
269.07 8.72693
252.38 8.72693
235.70 8.72693
219.02 8.72693
269.02 8.82295
252.34 8.82295
235.66 8.82295
218.97 8.82295
202.29 8.82295
185.61 8.82295
302.22 8.90751
285.51 8.90751
268.86 8.90751
252.15 8.90751
235.49 8.90751
218.78 8.90751
302.12 8.95195
285.42 8.95195
268.73 8.95195
252.07 8.95195
235.36 8.95195
218.70 8.95195
268.68 8.97952
252.03 8.97952
235.32 8.97952
218.63 8.97952
201.95 8.97952
185.29 8.97952
301.88 8.97613
285.20 8.97613
268.54 8.97613
251.84 8.97613
235.18 8.97613
218.47 8.97613
301.84 8.8782
285.13 8.8782
268.44 8.8782
251.79 8.8782
235.11 8.8782
218.42 8.8782
268.37 8.92331
251.69 8.92331
235.01 8.92331
218.31 8.92331
201.64 8.92331
184.96 8.92331
301.63 8.89971
284.95 8.89971
268.24 8.89971
251.55 8.89971
234.90 8.89971
218.19 8.89971
301.46 8.82599
284.78 8.82599
268.10 8.82599
251.44 8.82599
234.73 8.82599
218.05 8.82599
268.05 8.8148
251.35 8.8148
234.69 8.8148
218.00 8.8148
201.29 8.8148
184.64 8.8148
301.28 8.82053
284.57 8.82053
267.88 8.82053
251.23 8.82053
234.55 8.82053
217.87 8.82053
301.15 8.84944
284.49 8.84944
267.79 8.84944
251.13 8.84944
234.44 8.84944
217.76 8.84944
267.74 9.48584
251.05 9.48584
234.37 9.48584
217.67 9.48584
201.01 9.48584
184.32 9.48584
300.96 9.47395
284.30 9.47395
267.60 9.47395
250.91 9.47395
234.25 9.47395
217.54 9.47395
234.18 9.40282
217.52 9.40282
200.83 9.40282
184.15 9.40282
234.16 9.30404
217.47 9.30404
200.79 9.30404
184.08 9.30404
234.06 9.24004
217.35 9.24004
200.69 9.24004
183.98 9.24004
234.01 9.30887
217.33 9.30887
200.64 9.30887
183.96 9.30887
267.25 9.2676
250.54 9.2676
233.86 9.2676
217.20 9.2676
267.18 9.29433
250.50 9.29433
233.81 9.29433
217.13 9.29433
267.11 9.30512
250.43 9.30512
233.75 9.30512
217.03 9.30512
267.04 9.32211
250.33 9.32211
233.64 9.32211
216.99 9.32211
266.95 9.37945
250.29 9.37945
233.60 9.37945
216.92 9.37945
233.57 9.37449
216.88 9.37449
200.18 9.37449
183.52 9.37449
233.49 9.45483
216.81 9.45483
200.13 9.45483
183.47 9.45483
233.43 9.49332
216.75 9.49332
200.07 9.49332
183.38 9.49332
233.36 9.4672
216.68 9.4672
199.99 9.4672
183.31 9.4672
266.62 9.49336
249.94 9.49336
233.25 9.49336
216.55 9.49336
233.25 9.47908
216.56 9.47908
199.86 9.47908
183.20 9.47908
266.48 9.53494
249.80 9.53494
233.14 9.53494
216.46 9.53494
266.44 9.52146
249.75 9.52146
233.07 9.52146
216.39 9.52146
266.34 9.59611
249.66 9.59611
232.97 9.59611
216.27 9.59611
232.94 9.60795
216.23 9.60795
199.55 9.60795
182.87 9.60795
232.90 9.60536
216.22 9.60536
199.53 9.60536
182.82 9.60536
232.78 9.56032
216.12 9.56032
199.40 9.56032
182.75 9.56032
366.06 9.54187
349.40 9.54187
332.69 9.54187
316.03 9.54187
466.01 9.4747
449.30 9.4747
432.64 9.4747
415.93 9.4747
399.28 9.4747
382.57 9.4747
365.88 9.4747
349.20 9.4747
332.52 9.4747
315.86 9.4747
299.18 9.4747
282.50 9.4747
299.12 9.56213
282.43 9.56213
265.75 9.56213
249.07 9.56213
232.38 9.56213
215.67 9.56213
198.99 9.56213
182.30 9.56213
365.61 9.54614
348.93 9.54614
332.24 9.54614
315.56 9.54614
498.89 9.56737
482.18 9.56737
465.52 9.56737
448.81 9.56737
432.16 9.56737
415.48 9.56737
398.79 9.56737
382.11 9.56737
365.40 9.56737
348.74 9.56737
332.06 9.56737
315.38 9.56737
498.71 9.64277
482.02 9.64277
465.31 9.64277
448.66 9.64277
431.98 9.64277
415.29 9.64277
398.58 9.64277
381.90 9.64277
365.24 9.64277
348.56 9.64277
331.88 9.64277
315.17 9.64277
398.48 9.59866
381.79 9.59866
365.11 9.59866
348.43 9.59866
331.74 9.59866
315.06 9.59866
298.38 9.59866
281.69 9.59866
265.01 9.59866
248.33 9.59866
231.65 9.59866
214.96 9.59866
231.58 9.5809
214.93 9.5809
198.24 9.5809
181.56 9.5809
364.84 9.58646
348.15 9.58646
331.50 9.58646
314.79 9.58646
498.12 9.62407
481.44 9.62407
464.73 9.62407
448.04 9.62407
431.39 9.62407
414.68 9.62407
398.00 9.62407
381.34 9.62407
364.66 9.62407
347.97 9.62407
331.29 9.62407
314.61 9.62407
431.25 9.80936
414.57 9.80936
397.88 9.80936
381.20 9.80936
364.52 9.80936
347.83 9.80936
331.15 9.80936
314.47 9.80936
297.79 9.80936
281.10 9.80936
264.42 9.80936
247.74 9.80936
397.71 9.81262
381.02 9.81262
364.34 9.81262
347.66 9.81262
330.98 9.81262
314.29 9.81262
364.30 9.86521
347.62 9.86521
330.93 9.86521
314.25 9.86521
297.57 9.86521
280.89 9.86521
264.20 9.86521
247.52 9.86521
230.84 9.86521
214.12 9.86521
297.43 9.82139
280.75 9.82139
264.07 9.82139
247.36 9.82139
230.67 9.82139
214.02 9.82139
397.35 9.86001
380.67 9.86001
363.99 9.86001
347.30 9.86001
330.62 9.86001
313.93 9.86001
297.25 9.86001
280.57 9.86001
430.54 9.82743
413.85 9.82743
397.14 9.82743
380.46 9.82743
363.78 9.82743
347.09 9.82743
330.44 9.82743
313.73 9.82743
297.07 9.82743
280.37 9.82743
430.36 9.92109
413.68 9.92109
397.00 9.92109
380.29 9.92109
363.61 9.92109
346.95 9.92109
330.27 9.92109
313.58 9.92109
363.54 9.9705
346.85 9.9705
330.15 9.9705
313.49 9.9705
296.77 9.9705
280.12 9.9705
263.44 9.9705
246.75 9.9705
230.07 9.9705
213.36 9.9705
230.07 9.87254
213.38 9.87254
363.33 9.89837
346.65 9.89837
329.96 9.89837
313.28 9.89837
296.60 9.89837
279.89 9.89837
296.56 9.8437
279.91 9.8437
263.20 9.8437
246.52 9.8437
229.83 9.8437
213.15 9.8437
329.76 9.89013
313.08 9.89013
296.39 9.89013
279.74 9.89013
363.02 9.74783
346.36 9.74783
329.68 9.74783
313.00 9.74783
296.31 9.74783
279.63 9.74783
262.95 9.74783
246.26 9.74783
262.94 9.73202
246.23 9.73202
229.57 9.73202
212.86 9.73202
196.18 9.73202
179.50 9.73202
362.77 9.84487
346.12 9.84487
329.40 9.84487
312.75 9.84487
296.04 9.84487
279.39 9.84487
362.72 9.94264
346.04 9.94264
329.33 9.94264
312.67 9.94264
295.99 9.94264
279.31 9.94264
262.62 9.94264
245.94 9.94264
229.26 9.94264
212.55 9.94264
395.82 9.9441
379.17 9.9441
362.49 9.9441
345.81 9.9441
329.12 9.9441
312.44 9.9441
295.76 9.9441
279.07 9.9441
462.40 9.93663
445.72 9.93663
429.00 9.93663
412.33 9.93663
395.64 9.93663
378.96 9.93663
362.28 9.93663
345.60 9.93663
328.92 9.93663
312.26 9.93663
295.57 9.93663
278.87 9.93663
328.81 10.0251
312.13 10.0251
295.48 10.0251
278.79 10.0251
262.11 10.0251
245.43 10.0251
228.74 10.0251
212.06 10.0251
195.38 10.0251
178.70 10.0251
262.03 10.0688
245.35 10.0688
328.63 10.0629
311.95 10.0629
295.27 10.0629
278.58 10.0629
261.90 10.0629
245.22 10.0629
361.86 9.9987
345.15 9.9987
328.50 9.9987
311.81 9.9987
295.13 9.9987
278.42 9.9987
461.75 9.9722
445.06 9.9722
428.38 9.9722
411.69 9.9722
394.99 9.9722
378.33 9.9722
361.65 9.9722
344.96 9.9722
328.28 9.9722
311.57 9.9722
294.92 9.9722
278.21 9.9722
461.54 9.95891
444.85 9.95891
428.14 9.95891
411.49 9.95891
394.81 9.95891
378.12 9.95891
361.42 9.95891
344.73 9.95891
328.07 9.95891
311.39 9.95891
294.71 9.95891
278.02 9.95891
461.33 9.97936
444.64 9.97936
427.96 9.97936
411.28 9.97936
394.59 9.97936
377.91 9.97936
361.23 9.97936
344.55 9.97936
327.86 9.97936
311.18 9.97936
294.50 9.97936
277.81 9.97936
461.12 10.0518
444.43 10.0518
427.75 10.0518
411.07 10.0518
394.39 10.0518
377.70 10.0518
361.02 10.0518
344.33 10.0518
327.65 10.0518
310.97 10.0518
294.26 10.0518
277.58 10.0518
460.91 9.82603
444.22 9.82603
427.54 9.82603
410.86 9.82603
394.18 9.82603
377.49 9.82603
360.81 9.82603
344.13 9.82603
327.44 9.82603
310.76 9.82603
294.08 9.82603
277.39 9.82603
460.70 9.68466
444.01 9.68466
427.33 9.68466
410.65 9.68466
393.96 9.68466
377.28 9.68466
360.60 9.68466
343.91 9.68466
327.23 9.68466
310.55 9.68466
293.87 9.68466
277.18 9.68466
460.49 9.77061
443.81 9.77061
427.12 9.77061
410.44 9.77061
393.76 9.77061
377.07 9.77061
360.39 9.77061
343.71 9.77061
327.02 9.77061
310.34 9.77061
293.66 9.77061
276.98 9.77061
460.28 9.69789
443.59 9.69789
426.91 9.69789
410.23 9.69789
393.55 9.69789
376.86 9.69789
360.18 9.69789
343.49 9.69789
326.81 9.69789
310.13 9.69789
293.45 9.69789
276.76 9.69789
460.07 9.80232
443.38 9.80232
426.70 9.80232
410.02 9.80232
393.33 9.80232
376.65 9.80232
359.97 9.80232
343.29 9.80232
326.60 9.80232
309.92 9.80232
293.24 9.80232
276.56 9.80232
459.86 9.88288
443.18 9.88288
426.49 9.88288
409.81 9.88288
393.13 9.88288
376.44 9.88288
359.76 9.88288
343.08 9.88288
326.39 9.88288
309.71 9.88288
293.03 9.88288
276.35 9.88288
459.65 9.95305
442.97 9.95305
426.28 9.95305
409.60 9.95305
392.92 9.95305
376.23 9.95305
359.55 9.95305
342.87 9.95305
326.18 9.95305
309.50 9.95305
292.82 9.95305
276.13 9.95305
459.44 9.93885
442.75 9.93885
426.05 9.93885
409.39 9.93885
392.71 9.93885
376.02 9.93885
359.34 9.93885
342.66 9.93885
325.97 9.93885
309.26 9.93885
292.58 9.93885
275.90 9.93885
459.21 9.95174
442.52 9.95174
425.87 9.95174
409.16 9.95174
392.50 9.95174
375.82 9.95174
359.14 9.95174
342.45 9.95174
325.74 9.95174
309.09 9.95174
292.40 9.95174
275.72 9.95174
459.02 10.4971
442.34 10.4971
425.65 10.4971
408.94 10.4971
392.29 10.4971
375.57 10.4971
358.89 10.4971
342.24 10.4971
325.56 10.4971
308.87 10.4971
292.16 10.4971
275.51 10.4971
292.13 10.4924
275.47 10.4924
258.76 10.4924
242.10 10.4924
258.73 10.4798
242.07 10.4798
225.39 10.4798
208.70 10.4798
192.02 10.4798
175.31 10.4798
191.98 10.5382
175.33 10.5382
325.27 10.5081
308.56 10.5081
291.91 10.5081
275.20 10.5081
425.22 10.6162
408.51 10.6162
391.83 10.6162
375.17 10.6162
358.46 10.6162
341.78 10.6162
325.10 10.6162
308.44 10.6162
425.09 10.6772
408.40 10.6772
391.72 10.6772
375.02 10.6772
358.33 10.6772
341.64 10.6772
324.96 10.6772
308.28 10.6772
291.59 10.6772
274.94 10.6772
358.25 10.657
341.57 10.657
324.88 10.657
308.20 10.657
291.52 10.657
274.83 10.657
258.15 10.657
241.47 10.657
391.42 10.6919
374.76 10.6919
358.07 10.6919
341.39 10.6919
324.68 10.6919
308.02 10.6919
291.34 10.6919
274.66 10.6919
324.58 10.7792
307.93 10.7792
291.22 10.7792
274.53 10.7792
257.85 10.7792
241.17 10.7792
224.48 10.7792
207.81 10.7792
291.14 10.768
274.46 10.768
257.79 10.768
241.09 10.768
291.07 10.7724
274.39 10.7724
257.73 10.7724
241.02 10.7724
224.37 10.7724
207.65 10.7724
257.66 10.7673
240.95 10.7673
224.26 10.7673
207.58 10.7673
290.90 10.8167
274.21 10.8167
257.53 10.8167
240.82 10.8167
224.16 10.8167
207.48 10.8167
190.80 10.8167
174.09 10.8167
290.73 10.8074
274.07 10.8074
290.70 10.8704
274.04 10.8704
257.33 10.8704
240.67 10.8704
223.99 10.8704
207.28 10.8704
223.95 10.877
207.27 10.877
323.91 10.863
307.21 10.863
290.52 10.863
273.83 10.863
257.18 10.863
240.50 10.863
257.14 10.8616
240.44 10.8616
357.13 11.3393
340.44 11.3393
323.74 11.3393
307.06 11.3393
290.40 11.3393
273.71 11.3393
456.99 11.4881
440.31 11.4881
423.62 11.4881
406.94 11.4881
390.26 11.4881
373.55 11.4881
356.89 11.4881
340.19 11.4881
323.53 11.4881
306.82 11.4881
390.16 11.5396
373.48 11.5396
356.77 11.5396
340.09 11.5396
323.43 11.5396
306.71 11.5396
290.06 11.5396
273.35 11.5396
256.69 11.5396
240.01 11.5396
256.66 11.5433
239.94 11.5433
223.29 11.5433
206.61 11.5433
356.56 11.5488
339.87 11.5488
323.21 11.5488
306.50 11.5488
289.85 11.5488
273.10 11.5488
256.42 11.5488
239.80 11.5488
256.47 11.5779
239.79 11.5779
389.76 11.6634
373.08 11.6634
356.37 11.6634
339.71 11.6634
323.03 11.6634
306.35 11.6634
289.67 11.6634
272.98 11.6634
289.59 11.6508
272.90 11.6508
256.21 11.6508
239.56 11.6508
222.85 11.6508
206.19 11.6508
389.49 11.7328
372.81 11.7328
356.10 11.7328
339.41 11.7328
322.73 11.7328
306.05 11.7328
289.39 11.7328
272.68 11.7328
422.68 11.7324
405.97 11.7324
389.31 11.7324
372.61 11.7324
355.92 11.7324
339.24 11.7324
322.58 11.7324
305.88 11.7324
289.19 11.7324
272.53 11.7324
255.85 11.7324
239.17 11.7324
255.81 12.0405
239.13 12.0405
222.45 12.0405
205.77 12.0405
189.08 12.0405
172.40 12.0405
255.74 12.0
239.06 12.0
322.34 12.0102
305.66 12.0102
288.97 12.0102
272.29 12.0102
255.61 12.0102
238.92 12.0102
288.90 12.0105
272.22 12.0105
255.54 12.0105
238.85 12.0105
222.17 12.0105
205.49 12.0105
322.13 12.0097
305.44 12.0097
288.74 12.0097
272.05 12.0097
355.42 12.1442
338.74 12.1442
322.03 12.1442
305.37 12.1442
288.69 12.1442
271.97 12.1442
255.32 12.1442
238.64 12.1442
255.28 12.1341
238.60 12.1341
388.55 12.1054
371.87 12.1054
355.19 12.1054
338.46 12.1054
321.79 12.1054
305.11 12.1054
288.42 12.1054
271.77 12.1054
255.06 12.1054
238.38 12.1054
388.34 12.0524
371.69 12.0524
355.00 12.0524
338.30 12.0524
321.62 12.0524
304.96 12.0524
288.24 12.0524
271.56 12.0524
254.88 12.0524
238.20 12.0524
254.87 12.0544
238.16 12.0544
321.53 12.0425
304.82 12.0425
288.16 12.0425
271.45 12.0425
254.77 12.0425
238.09 12.0425
254.73 12.0149
238.05 12.0149
221.34 12.0149
204.69 12.0149
221.31 11.9145
204.65 11.9145
287.96 11.8812
271.28 11.8812
254.59 11.8812
237.88 11.8812
321.23 11.6235
304.52 11.6235
287.86 11.6235
271.15 11.6235
254.50 11.6235
237.79 11.6235
254.45 11.6085
237.77 11.6085
221.11 11.6085
204.43 11.6085
187.75 11.6085
171.06 11.6085
321.01 11.4573
304.33 11.4573
287.64 11.4573
270.96 11.4573
254.28 11.4573
237.60 11.4573
254.24 11.3815
237.56 11.3815
387.51 11.2153
370.82 11.2153
354.13 11.2153
337.48 11.2153
320.79 11.2153
304.09 11.2153
287.43 11.2153
270.75 11.2153
254.07 11.2153
237.38 11.2153
254.03 11.1418
237.35 11.1418
220.64 11.1418
203.99 11.1418
220.63 11.1466
203.95 11.1466
353.92 11.1735
337.21 11.1735
320.56 11.1735
303.87 11.1735
287.19 11.1735
270.51 11.1735
253.83 11.1735
237.14 11.1735
287.12 11.353
270.44 11.353
253.75 11.353
237.07 11.353
220.39 11.353
203.70 11.353
220.35 11.3622
203.67 11.3622
220.32 11.3977
203.64 11.3977
353.61 11.5098
336.93 11.5098
320.24 11.5098
303.56 11.5098
286.85 11.5098
270.19 11.5098
253.48 11.5098
236.82 11.5098
253.47 11.6028
236.79 11.6028
220.11 11.6028
203.42 11.6028
353.40 11.7513
336.71 11.7513
320.03 11.7513
303.35 11.7513
286.66 11.7513
269.98 11.7513
253.30 11.7513
236.62 11.7513
319.93 11.8413
303.24 11.8413
286.56 11.8413
269.88 11.8413
253.19 11.8413
236.51 11.8413
253.16 11.9341
236.48 11.9341
219.79 11.9341
203.11 11.9341
219.76 11.924
203.07 11.924
353.05 11.8905
336.37 11.8905
319.68 11.8905
303.00 11.8905
286.31 11.8905
269.63 11.8905
252.95 11.8905
236.27 11.8905
252.91 11.8577
236.23 11.8577
219.55 11.8577
202.87 11.8577
319.51 11.8715
302.82 11.8715
286.14 11.8715
269.46 11.8715
252.78 11.8715
236.09 11.8715
252.72 11.9423
236.03 11.9423
219.35 11.9423
202.69 11.9423
186.01 11.9423
169.32 11.9423
252.66 11.975
235.95 11.975
252.62 11.9026
235.91 11.9026
219.26 11.9026
202.57 11.9026
185.86 11.9026
169.18 11.9026
185.83 11.9029
169.15 11.9029
252.46 11.8492
235.78 11.8492
252.40 11.87
235.74 11.87
219.06 11.87
202.38 11.87
219.02 11.88
202.31 11.88
352.29 11.8924
335.63 11.8924
318.95 11.8924
302.24 11.8924
285.58 11.8924
268.90 11.8924
252.22 11.8924
235.53 11.8924
352.17 11.9313
335.49 11.9313
318.81 11.9313
302.12 11.9313
285.44 11.9313
268.76 11.9313
418.76 11.9004
402.08 11.9004
385.39 11.9004
368.68 11.9004
352.03 11.9004
335.32 11.9004
318.66 11.9004
301.98 11.9004
285.29 11.9004
268.61 11.9004
251.93 11.9004
235.25 11.9004
251.89 11.8522
235.21 11.8522
385.15 11.6762
368.47 11.6762
351.79 11.6762
335.11 11.6762
318.42 11.6762
301.74 11.6762
285.04 11.6762
268.37 11.6762
418.35 11.6423
401.67 11.6423
384.96 11.6423
368.28 11.6423
351.62 11.6423
334.90 11.6423
318.22 11.6423
301.54 11.6423
284.88 11.6423
268.18 11.6423
251.52 11.6423
234.83 11.6423
384.80 11.637
368.09 11.637
351.41 11.637
334.73 11.637
318.05 11.637
301.36 11.637
284.71 11.637
268.02 11.637
251.34 11.637
301.35 11.506
284.67 11.506
267.98 11.506
251.27 11.506
234.59 11.506
217.94 11.506
367.87 11.4589
351.19 11.4589
334.51 11.4589
317.83 11.4589
301.14 11.4589
284.46 11.4589
267.75 11.4589
251.07 11.4589
267.77 11.5275
251.09 11.5275
234.40 11.5275
217.69 11.5275
201.04 11.5275
184.33 11.5275
334.28 11.3321
317.59 11.3321
300.90 11.3321
284.22 11.3321
267.57 11.3321
250.86 11.3321
300.86 11.4576
284.15 11.4576
267.50 11.4576
250.79 11.4576
234.11 11.4576
217.45 11.4576
234.10 11.4434
217.41 11.4434
200.73 11.4434
184.05 11.4434
234.03 11.4772
217.35 11.4772
333.99 11.4129
317.31 11.4129
300.62 11.4129
283.94 11.4129
267.25 11.4129
250.57 11.4129
267.22 11.4479
250.51 11.4479
233.83 11.4479
217.14 11.4479
200.49 11.4479
183.81 11.4479
367.09 11.2282
350.42 11.2282
333.74 11.2282
317.06 11.2282
300.38 11.2282
283.69 11.2282
300.33 11.1918
283.66 11.1918
266.97 11.1918
250.29 11.1918
233.61 11.1918
216.93 11.1918
200.22 11.1918
183.56 11.1918
300.21 11.2894
283.52 11.2894
266.82 11.2894
250.13 11.2894
266.80 11.2515
250.09 11.2515
266.79 11.4103
250.11 11.4103
233.40 11.4103
216.72 11.4103
200.06 11.4103
183.35 11.4103
233.33 11.4078
216.65 11.4078
266.63 11.4594
249.92 11.4594
233.26 11.4594
216.56 11.4594
366.57 11.477
349.89 11.477
333.21 11.477
316.50 11.477
299.84 11.477
283.13 11.477
266.48 11.477
249.79 11.477
266.44 11.4962
249.73 11.4962
233.05 11.4962
216.36 11.4962
299.68 11.437
282.98 11.437
266.29 11.437
249.63 11.437
399.60 11.562
382.91 11.562
366.23 11.562
349.55 11.562
332.84 11.562
316.18 11.562
299.50 11.562
282.77 11.562
266.13 11.562
249.43 11.562
266.07 11.5458
249.39 11.5458
332.70 11.5847
316.05 11.5847
299.36 11.5847
282.66 11.5847
265.97 11.5847
249.31 11.5847
399.32 11.6783
382.64 11.6783
365.93 11.6783
349.24 11.6783
332.56 11.6783
315.90 11.6783
299.19 11.6783
282.51 11.6783
432.45 11.9719
415.78 11.9719
399.11 11.9719
382.41 11.9719
365.75 11.9719
349.06 11.9719
332.38 11.9719
315.70 11.9719
299.01 11.9719
282.33 11.9719
265.62 11.9719
248.94 11.9719
265.61 12.0259
248.89 12.0259
398.92 12.0327
382.24 12.0327
365.53 12.0327
348.85 12.0327
332.16 12.0327
315.48 12.0327
298.80 12.0327
282.14 12.0327
265.46 12.0327
248.78 12.0327
265.40 12.0368
248.72 12.0368
1065.28 12.07
1048.60 12.07
1031.95 12.07
1015.24 12.07
998.58 12.07
981.90 12.07
1031.90 12.1633
1015.22 12.1633
998.53 12.1633
981.85 12.1633
965.17 12.1633
948.49 12.1633
931.80 12.1633
915.12 12.1633
898.44 12.1633
881.75 12.1633
898.38 12.206
881.72 12.206
865.02 12.206
848.36 12.206
898.28 12.2065
881.60 12.2065
864.91 12.2065
848.23 12.2065
831.57 12.2065
814.86 12.2065
798.21 12.2065
781.50 12.2065
764.84 12.2065
748.13 12.2065
731.45 12.2065
714.76 12.2065
698.11 12.2065
681.40 12.2065
698.08 12.2258
681.40 12.2258
664.68 12.2258
648.00 12.2258
