311.05 11.0411
294.35 11.0411
277.69 11.0411
277.63 10.9613
260.96 10.9613
277.64 11.0508
260.95 11.0508
277.66 11.04
260.95 11.04
277.69 11.0926
260.98 11.0926
277.69 11.0498
260.98 11.0498
277.66 10.8637
260.98 10.8637
277.68 10.9642
260.97 10.9642
277.69 10.9442
261.01 10.9442
277.69 10.9378
261.01 10.9378
277.66 10.8393
260.98 10.8393
294.37 10.9484
277.69 10.9484
294.38 10.9605
277.66 10.9605
294.35 10.8654
277.67 10.8654
294.37 10.9791
277.67 10.9791
294.38 11.0259
277.67 11.0259
294.35 11.0173
277.67 11.0173
294.32 11.0494
277.66 11.0494
294.32 10.883
277.63 10.883
294.32 11.0245
277.66 11.0245
294.35 10.9208
277.66 10.9208
294.32 11.008
277.66 11.008
294.32 10.8625
277.66 10.8625
294.34 11.1388
277.67 11.1388
311.03 11.1997
294.32 11.1997
311.05 11.0955
294.35 11.0955
311.02 11.1042
294.32 11.1042
311.05 11.1275
294.37 11.1275
311.05 11.1335
294.37 11.1335
311.05 11.2576
294.35 11.2576
311.00 11.22
294.32 11.22
311.02 11.203
294.37 11.203
311.03 11.1392
294.35 11.1392
311.03 11.2018
294.37 11.2018
311.00 11.1442
294.32 11.1442
311.05 11.152
294.34 11.152
311.02 11.1191
294.32 11.1191
311.02 11.1611
294.35 11.1611
327.71 11.0346
311.03 11.0346
327.71 11.054
311.00 11.054
327.68 11.1378
311.03 11.1378
327.70 11.1879
311.05 11.1879
327.68 11.0534
311.02 11.0534
327.68 11.0782
311.02 11.0782
327.70 11.1799
311.05 11.1799
327.71 11.2102
311.03 11.2102
327.71 11.0817
311.03 11.0817
327.71 11.125
311.03 11.125
344.39 11.1949
327.71 11.1949
327.71 11.2217
311.00 11.2217
327.71 11.1139
311.02 11.1139
344.39 11.2005
327.74 11.2005
344.39 11.2489
327.71 11.2489
344.40 11.2241
327.74 11.2241
344.39 11.1582
327.69 11.1582
344.39 11.2782
327.68 11.2782
344.36 11.2187
327.71 11.2187
344.39 11.258
327.71 11.258
344.39 11.2009
327.71 11.2009
344.39 11.227
327.71 11.227
344.42 11.2995
327.74 11.2995
344.41 11.2786
327.73 11.2786
344.39 11.1041
327.71 11.1041
344.36 11.2045
327.68 11.2045
361.07 11.3136
344.39 11.3136
361.07 11.2485
344.39 11.2485
361.04 11.1692
344.39 11.1692
361.07 11.1788
344.39 11.1788
361.07 11.1661
344.39 11.1661
361.07 11.1486
344.39 11.1486
361.07 11.0956
344.39 11.0956
361.07 11.0663
344.39 11.0663
361.05 11.1332
344.39 11.1332
361.05 11.0667
344.37 11.0667
361.04 11.0049
344.39 11.0049
361.07 11.1741
344.39 11.1741
377.75 11.0795
361.07 11.0795
361.07 11.2237
344.39 11.2237
377.75 11.0252
361.07 11.0252
377.75 11.1258
361.07 11.1258
377.75 11.1471
361.07 11.1471
377.75 11.0057
361.07 11.0057
377.75 11.1112
361.07 11.1112
377.75 11.0137
361.07 11.0137
377.75 11.0424
361.07 11.0424
377.75 11.1627
361.07 11.1627
377.75 11.0556
361.07 11.0556
377.79 11.1408
361.10 11.1408
377.75 11.1329
361.07 11.1329
377.75 11.3079
361.07 11.3079
377.75 11.2231
361.07 11.2231
377.75 11.1711
361.07 11.1711
394.46 11.2173
377.78 11.2173
377.75 11.2844
361.07 11.2844
394.43 11.1014
377.75 11.1014
394.46 11.2615
377.78 11.2615
394.46 11.3108
377.78 11.3108
394.46 11.1363
377.78 11.1363
394.46 11.1779
377.78 11.1779
394.43 11.2877
377.73 11.2877
394.43 11.1816
377.75 11.1816
394.44 11.2873
377.75 11.2873
394.43 11.1009
377.75 11.1009
394.46 11.3402
377.75 11.3402
394.43 11.2504
377.77 11.2504
394.40 11.2093
377.75 11.2093
394.41 11.3666
377.75 11.3666
411.08 11.3375
394.43 11.3375
411.09 11.2685
394.41 11.2685
411.09 11.2647
394.40 11.2647
411.12 11.3002
394.41 11.3002
411.09 11.2199
394.41 11.2199
411.11 11.3665
394.43 11.3665
411.09 11.3401
394.43 11.3401
411.09 11.2344
394.44 11.2344
411.09 11.2069
394.41 11.2069
411.09 11.3563
394.41 11.3563
411.11 11.2394
394.46 11.2394
427.80 11.2141
411.14 11.2141
427.80 11.1338
411.12 11.1338
427.83 11.2471
411.15 11.2471
427.80 11.2708
411.12 11.2708
427.82 11.0787
411.14 11.0787
427.82 11.0174
411.12 11.0174
427.80 11.1159
411.14 11.1159
427.82 11.1666
411.14 11.1666
427.82 10.8959
411.14 10.8959
427.80 11.0214
411.12 11.0214
427.81 11.0302
411.13 11.0302
427.80 11.0121
411.12 11.0121
427.80 11.0312
411.11 11.0312
427.77 10.79
411.08 10.79
427.77 10.9113
411.11 10.9113
444.48 10.998
427.76 10.998
427.80 10.9119
411.09 10.9119
444.46 11.1711
427.77 11.1711
444.48 11.1897
427.77 11.1897
444.45 11.2786
427.80 11.2786
444.47 11.1649
427.82 11.1649
444.49 11.3672
427.83 11.3672
444.48 11.2462
427.80 11.2462
444.51 11.2217
427.80 11.2217
444.48 11.3324
427.76 11.3324
444.48 11.3301
427.79 11.3301
444.45 11.254
427.77 11.254
444.51 11.3649
427.82 11.3649
444.48 11.3199
427.80 11.3199
461.16 11.2679
444.50 11.2679
444.48 11.3178
427.80 11.3178
461.18 11.1981
444.50 11.1981
461.16 11.2248
444.48 11.2248
461.15 11.2989
444.47 11.2989
461.16 11.2803
444.45 11.2803
461.16 11.1603
444.48 11.1603
461.16 11.0099
444.49 11.0099
461.19 11.1847
444.51 11.1847
461.17 11.1537
444.52 11.1537
461.16 11.0248
444.48 11.0248
461.21 10.9617
444.52 10.9617
461.19 11.1134
444.48 11.1134
461.17 11.1561
444.51 11.1561
461.16 11.0652
444.48 11.0652
477.84 10.999
461.16 10.999
477.84 11.1049
461.15 11.1049
477.87 11.0877
461.16 11.0877
477.85 11.045
461.17 11.045
477.84 11.0849
461.13 11.0849
477.84 11.1421
461.16 11.1421
477.84 11.1724
461.16 11.1724
477.84 11.1582
461.15 11.1582
477.80 11.1202
461.13 11.1202
477.84 11.1739
461.16 11.1739
477.84 11.144
461.13 11.144
477.84 11.1952
461.15 11.1952
477.84 11.2235
461.15 11.2235
477.81 11.2509
461.13 11.2509
477.84 11.2572
461.14 11.2572
494.55 11.2528
477.84 11.2528
494.55 11.1569
477.85 11.1569
494.55 11.279
477.87 11.279
494.50 11.2618
477.84 11.2618
494.50 11.2834
477.84 11.2834
494.52 11.2089
477.86 11.2089
494.52 11.3752
477.84 11.3752
494.55 11.3703
477.84 11.3703
494.52 11.4151
477.87 11.4151
494.56 11.2944
477.87 11.2944
494.52 11.3355
477.86 11.3355
494.52 11.4321
477.84 11.4321
494.55 11.4801
477.84 11.4801
494.52 11.5027
477.87 11.5027
494.52 11.5295
477.84 11.5295
511.21 11.3807
494.52 11.3807
494.53 11.6081
477.84 11.6081
511.20 11.6098
494.52 11.6098
511.21 11.607
494.53 11.607
511.21 11.6832
494.50 11.6832
511.21 11.674
494.55 11.674
511.23 11.6073
494.55 11.6073
511.21 11.5806
494.55 11.5806
511.21 11.6741
494.53 11.6741
511.19 11.6807
494.54 11.6807
511.20 11.6945
494.55 11.6945
511.18 11.6171
494.52 11.6171
511.21 11.6935
494.52 11.6935
511.20 11.7419
494.52 11.7419
527.88 11.6398
511.23 11.6398
527.91 11.7159
511.23 11.7159
527.91 11.8196
511.20 11.8196
527.91 11.7081
511.22 11.7081
527.86 11.8063
511.18 11.8063
527.88 11.7373
511.23 11.7373
527.89 11.6115
511.23 11.6115
527.86 11.7899
511.17 11.7899
527.89 11.7344
511.21 11.7344
494.53 11.7344
477.85 11.7344
461.19 11.7344
444.48 11.7344
427.83 11.7344
411.12 11.7344
394.47 11.7344
377.79 11.7344
361.08 11.7344
344.39 11.7344
327.74 11.7344
311.06 11.7344
294.35 11.7344
277.67 11.7344
260.99 11.7344
244.33 11.7344
260.98 11.6396
244.30 11.6396
260.98 11.7644
244.27 11.7644
260.98 11.763
244.30 11.763
260.98 11.7201
244.31 11.7201
261.01 11.7504
244.30 11.7504
260.98 11.7377
244.33 11.7377
260.96 11.7596
244.27 11.7596
277.69 11.7682
260.98 11.7682
277.66 11.7721
261.01 11.7721
277.66 11.7971
260.98 11.7971
277.69 11.8462
261.01 11.8462
277.64 11.6797
260.96 11.6797
277.64 11.7525
260.96 11.7525
277.66 11.7471
260.98 11.7471
277.67 11.8633
260.98 11.8633
277.66 11.7556
260.98 11.7556
277.69 11.8307
261.01 11.8307
294.35 11.8561
277.67 11.8561
277.69 11.8337
260.98 11.8337
294.32 11.7138
277.66 11.7138
294.35 11.7499
277.67 11.7499
294.34 11.6782
277.66 11.6782
294.32 11.7556
277.66 11.7556
294.37 11.6488
277.66 11.6488
294.35 11.7116
277.67 11.7116
294.37 11.6634
277.67 11.6634
294.32 11.7665
277.64 11.7665
294.32 11.6717
277.64 11.6717
294.32 11.7199
277.63 11.7199
311.02 11.7164
294.35 11.7164
294.32 11.7852
277.66 11.7852
311.03 11.7601
294.34 11.7601
311.00 11.7848
294.32 11.7848
311.00 11.767
294.32 11.767
311.00 11.8529
294.32 11.8529
311.03 11.7472
294.35 11.7472
311.04 11.6963
294.34 11.6963
311.05 11.6965
294.34 11.6965
311.00 11.6989
294.32 11.6989
311.06 11.5902
294.35 11.5902
311.02 11.6235
294.35 11.6235
311.03 11.649
294.37 11.649
311.03 11.6914
294.35 11.6914
311.00 11.5491
294.35 11.5491
311.00 11.5539
294.31 11.5539
311.00 11.5944
294.32 11.5944
311.02 11.4977
294.35 11.4977
327.71 11.6157
311.00 11.6157
327.71 11.5321
311.00 11.5321
327.71 11.5509
311.00 11.5509
327.68 11.607
311.00 11.607
327.71 11.5505
311.05 11.5505
327.68 11.5861
311.02 11.5861
327.71 11.5744
311.05 11.5744
327.71 11.6603
311.05 11.6603
327.70 11.499
311.03 11.499
327.72 11.5768
311.04 11.5768
327.71 11.5051
311.00 11.5051
327.70 11.6389
311.00 11.6389
344.41 11.4627
327.73 11.4627
344.39 11.593
327.68 11.593
344.39 11.6282
327.71 11.6282
344.36 11.7669
327.71 11.7669
344.39 11.5953
327.71 11.5953
344.39 11.7054
327.71 11.7054
344.36 11.5795
327.68 11.5795
344.36 11.5922
327.68 11.5922
344.36 11.7404
327.68 11.7404
344.39 11.6927
327.68 11.6927
344.39 11.8052
327.71 11.8052
344.39 11.666
327.68 11.666
344.36 11.6325
327.68 11.6325
344.39 11.6828
327.71 11.6828
361.07 11.6542
344.39 11.6542
344.39 11.5949
327.71 11.5949
361.10 11.686
344.42 11.686
361.07 11.6682
344.39 11.6682
361.07 11.7056
344.39 11.7056
361.10 11.5682
344.42 11.5682
361.07 11.6291
344.39 11.6291
361.07 11.7186
344.39 11.7186
361.07 11.6285
344.39 11.6285
361.07 11.679
344.39 11.679
361.10 11.6366
344.41 11.6366
361.10 11.671
344.42 11.671
361.10 11.6794
344.41 11.6794
361.10 11.7034
344.42 11.7034
361.10 11.6519
344.42 11.6519
377.75 11.6198
361.10 11.6198
377.75 11.6358
361.07 11.6358
377.75 11.6538
361.04 11.6538
377.75 11.7297
361.04 11.7297
377.75 11.6774
361.07 11.6774
377.78 11.794
361.07 11.794
377.75 11.7931
361.07 11.7931
377.72 11.7159
361.07 11.7159
377.72 11.6874
361.07 11.6874
377.73 11.6919
361.07 11.6919
377.72 11.6358
361.04 11.6358
377.73 11.7337
361.04 11.7337
377.75 11.7331
361.04 11.7331
394.41 11.7065
377.73 11.7065
377.73 11.7312
361.07 11.7312
394.43 11.6991
377.75 11.6991
394.43 11.625
377.75 11.625
394.40 11.617
377.75 11.617
394.43 11.71
377.75 11.71
394.43 11.6117
377.75 11.6117
394.44 11.6231
377.73 11.6231
394.43 11.5976
377.75 11.5976
394.43 11.5908
377.75 11.5908
394.43 11.5128
377.75 11.5128
394.43 11.4753
377.75 11.4753
394.43 11.4458
377.75 11.4458
394.46 11.4595
377.78 11.4595
394.43 11.4074
377.75 11.4074
394.44 11.3695
377.75 11.3695
411.12 11.4319
394.44 11.4319
411.12 11.4716
394.44 11.4716
411.12 11.4903
394.44 11.4903
411.12 11.4291
394.43 11.4291
411.12 11.609
394.41 11.609
411.11 11.6029
394.43 11.6029
411.11 11.4782
394.44 11.4782
411.12 11.5805
394.43 11.5805
411.12 11.4115
394.44 11.4115
411.12 11.4618
394.43 11.4618
411.12 11.4175
394.44 11.4175
411.09 11.4425
394.43 11.4425
427.80 11.5882
411.12 11.5882
411.12 11.4798
394.43 11.4798
427.80 11.5077
411.12 11.5077
427.80 11.6111
411.12 11.6111
427.80 11.7224
411.11 11.7224
427.79 11.6849
411.11 11.6849
427.79 11.6567
411.11 11.6567
427.80 11.8689
411.12 11.8689
427.80 11.8247
411.11 11.8247
427.80 11.9377
411.12 11.9377
427.80 11.8582
411.11 11.8582
427.80 11.8485
411.11 11.8485
427.80 11.8649
411.10 11.8649
427.80 11.9198
411.09 11.9198
427.82 11.8515
411.14 11.8515
427.79 11.8438
411.11 11.8438
444.51 11.8039
427.82 11.8039
427.82 11.9004
411.14 11.9004
444.48 11.7292
427.80 11.7292
444.48 11.7148
427.80 11.7148
444.48 11.6526
427.80 11.6526
444.51 11.6793
427.83 11.6793
444.51 11.6065
427.82 11.6065
444.50 11.656
427.82 11.656
444.50 11.5409
427.82 11.5409
444.51 11.6049
427.80 11.6049
444.50 11.5763
427.82 11.5763
444.51 11.486
427.80 11.486
444.48 11.5873
427.77 11.5873
444.45 11.6586
427.80 11.6586
444.45 11.4806
427.77 11.4806
461.13 11.6314
444.48 11.6314
461.13 11.5312
444.48 11.5312
461.16 11.4588
444.45 11.4588
461.13 11.5679
444.45 11.5679
461.14 11.5001
444.48 11.5001
461.16 11.4588
444.45 11.4588
461.16 11.5115
444.45 11.5115
461.16 11.5584
444.48 11.5584
461.13 11.4635
444.45 11.4635
461.13 11.4791
444.48 11.4791
461.13 11.5951
444.48 11.5951
461.13 11.4484
444.48 11.4484
461.13 11.4143
444.48 11.4143
477.84 11.4042
461.13 11.4042
461.16 11.4649
444.45 11.4649
477.84 11.3627
461.13 11.3627
477.84 11.2282
461.16 11.2282
477.84 11.3411
461.16 11.3411
477.84 11.313
461.16 11.313
477.84 11.2457
461.16 11.2457
477.84 11.3163
461.16 11.3163
477.84 11.3936
461.16 11.3936
477.84 11.454
461.16 11.454
477.84 11.3113
461.16 11.3113
477.84 11.4854
461.16 11.4854
477.84 11.4866
461.16 11.4866
477.84 11.4087
461.16 11.4087
477.84 11.4719
461.16 11.4719
494.52 11.3884
477.84 11.3884
494.52 11.4733
477.84 11.4733
494.52 11.5516
477.84 11.5516
494.52 11.408
477.84 11.408
494.52 11.4614
477.84 11.4614
494.52 11.4834
477.84 11.4834
494.53 11.5351
477.84 11.5351
494.52 11.5074
477.84 11.5074
494.52 11.426
477.84 11.426
494.52 11.5237
477.84 11.5237
494.52 11.5668
477.84 11.5668
494.52 11.437
477.84 11.437
494.52 11.4653
477.84 11.4653
511.20 11.5061
494.52 11.5061
511.23 11.5896
494.55 11.5896
511.23 11.527
494.55 11.527
511.20 11.4583
494.52 11.4583
511.23 11.5153
494.55 11.5153
511.23 11.5944
494.55 11.5944
511.23 11.4879
494.55 11.4879
511.23 11.4767
494.55 11.4767
527.89 11.5033
511.20 11.5033
511.20 11.2804
494.52 11.2804
511.24 11.5542
494.56 11.5542
477.87 11.5542
461.19 11.5542
444.51 11.5542
427.83 11.5542
411.15 11.5542
394.47 11.5542
377.79 11.5542
361.11 11.5542
344.42 11.5542
327.74 11.5542
311.06 11.5542
294.38 11.5542
277.70 11.5542
261.02 11.5542
244.33 11.5542
227.63 11.5542
260.98 11.3305
244.28 11.3305
260.95 11.4375
244.30 11.4375
260.98 11.4678
244.27 11.4678
260.95 11.4037
244.30 11.4037
261.01 11.3207
244.32 11.3207
260.98 11.3028
244.30 11.3028
260.98 11.4297
244.30 11.4297
260.95 11.3498
244.27 11.3498
260.98 11.4177
244.30 11.4177
261.01 11.3973
244.30 11.3973
261.01 11.4387
244.31 11.4387
261.01 11.3057
244.33 11.3057
261.01 11.3678
244.30 11.3678
277.63 11.4273
260.95 11.4273
277.66 11.406
260.98 11.406
277.64 11.3239
260.98 11.3239
277.66 11.341
260.98 11.341
311.03 12.8287
294.37 12.8287
394.44 12.511
377.78 12.511
361.07 12.511
344.39 12.511
327.70 12.511
311.03 12.511
294.37 12.511
277.67 12.511
311.02 12.6992
294.32 12.6992
277.64 12.6992
260.98 12.6992
311.02 12.6435
294.32 12.6435
277.66 12.6435
260.98 12.6435
311.06 12.5871
294.38 12.5871
277.70 12.5871
260.99 12.5871
310.99 12.6846
294.31 12.6846
277.63 12.6846
260.95 12.6846
277.64 12.697
260.95 12.697
277.67 12.5013
260.98 12.5013
277.63 12.6533
260.95 12.6533
277.63 12.5548
260.98 12.5548
277.66 12.6523
260.98 12.6523
277.64 12.3766
260.96 12.3766
277.66 12.6976
260.98 12.6976
277.63 12.6844
260.98 12.6844
277.66 12.8107
260.98 12.8107
277.66 12.9608
260.96 12.9608
277.66 12.9134
260.98 12.9134
277.66 12.8636
260.98 12.8636
260.98 12.9945
244.30 12.9945
260.98 12.7121
244.30 12.7121
277.66 12.7846
260.98 12.7846
277.66 12.6755
260.98 12.6755
277.66 12.5781
260.98 12.5781
277.67 12.7519
260.98 12.7519
277.67 12.7458
260.98 12.7458
277.67 12.7393
260.98 12.7393
277.66 12.7046
260.98 12.7046
277.66 12.8055
260.98 12.8055
277.66 12.9965
260.98 12.9965
277.66 12.883
260.98 12.883
277.66 13.0958
260.98 13.0958
277.66 12.8268
260.98 12.8268
277.67 12.9496
260.98 12.9496
277.69 12.9875
261.01 12.9875
277.66 12.9272
260.98 12.9272
294.37 12.7595
277.69 12.7595
277.67 12.8996
260.98 12.8996
294.32 12.8195
277.67 12.8195
277.67 12.8607
260.98 12.8607
294.35 12.7818
277.67 12.7818
294.34 12.9985
277.66 12.9985
294.34 12.9073
277.66 12.9073
294.32 12.9505
277.66 12.9505
294.34 13.0649
277.66 13.0649
294.35 12.9618
277.66 12.9618
311.00 12.9672
294.35 12.9672
3347.06 13.0408
3330.38 13.0408
8334.84 13.0564
8318.16 13.0564
9168.94 12.994
9152.26 12.994
9218.99 12.8638
9202.31 12.8638
9202.31 13.1126
9185.63 13.1126
9168.92 13.1126
9152.27 13.1126
9152.27 13.0806
9135.59 13.0806
9168.95 13.182
9152.27 13.182
9135.58 13.182
9118.90 13.182
9118.91 13.0356
9102.22 13.0356
9085.54 13.0356
9068.86 13.0356
9068.83 13.1811
9052.15 13.1811
9035.47 13.1811
9018.79 13.1811
9018.81 12.9366
9002.13 12.9366
9002.10 13.2104
8985.42 13.2104
8985.45 13.0658
8968.77 13.0658
8952.08 13.0658
8935.41 13.0658
8935.38 13.0231
8918.70 13.0231
8918.70 13.0496
8902.02 13.0496
8902.04 12.9759
8885.36 12.9759
8902.04 12.9449
8885.36 12.9449
8868.68 12.9449
8852.00 12.9449
8851.97 13.075
8835.29 13.075
8852.00 13.0687
8835.32 13.0687
8835.29 13.0293
8818.61 13.0293
8801.92 13.0293
8785.24 13.0293
8785.26 13.2064
8768.58 13.2064
8751.90 13.2064
8735.22 13.2064
8718.54 13.2064
8701.86 13.2064
8701.84 13.0393
8685.16 13.0393
8668.47 13.0393
8651.79 13.0393
8651.79 12.9602
8635.11 12.9602
8618.44 12.9602
8618.46 12.8266
8601.77 12.8266
8601.77 12.8954
8585.09 12.8954
8585.09 12.8446
8568.41 12.8446
8551.73 12.8446
8535.05 12.8446
8535.05 12.8184
8518.37 12.8184
8501.69 12.8184
8485.00 12.8184
8484.98 12.9572
8468.30 12.9572
8468.30 12.9339
8451.61 12.9339
8434.93 12.9339
8418.25 12.9339
8418.22 12.86
8401.57 12.86
8418.25 12.7989
8401.57 12.7989
8384.89 12.7989
8368.20 12.7989
8384.89 12.8418
8368.20 12.8418
8351.52 12.8418
8334.84 12.8418
8334.84 12.9076
8318.16 12.9076
8301.48 12.9076
8284.80 12.9076
8284.83 12.8667
8268.15 12.8667
8268.12 12.7484
8251.43 12.7484
8251.46 12.9207
8234.78 12.9207
8234.75 12.8841
8218.07 12.8841
8218.10 12.9436
8201.42 12.9436
8184.74 12.9436
8168.06 12.9436
8168.03 12.8005
8151.35 12.8005
8134.66 12.8005
8117.98 12.8005
8117.98 12.8197
8101.30 12.8197
8134.67 12.7547
8118.01 12.7547
8117.98 12.8604
8101.32 12.8604
8084.62 12.8604
8067.96 12.8604
8067.94 12.7227
8051.26 12.7227
8051.26 12.7951
8034.58 12.7951
8034.58 12.7685
8017.87 12.7685
8001.19 12.7685
7984.51 12.7685
7967.82 12.7685
7951.14 12.7685
7951.14 12.7432
7934.46 12.7432
7934.45 12.9616
7917.78 12.9616
7917.78 12.7898
7901.10 12.7898
7884.44 12.7898
7867.76 12.7898
7867.76 12.7904
7851.11 12.7904
7851.10 12.889
7834.43 12.889
7817.71 12.889
7801.06 12.889
7801.06 12.9546
7784.38 12.9546
7801.04 12.881
7784.32 12.881
7784.36 12.8668
7767.67 12.8668
7751.02 12.8668
7734.34 12.8668
7734.31 12.8336
7717.62 12.8336
7700.91 12.8336
7684.24 12.8336
7684.26 12.7698
7667.61 12.7698
7667.56 12.6974
7650.90 12.6974
7634.22 12.6974
7617.54 12.6974
7634.19 12.6772
7617.51 12.6772
7600.83 12.6772
7584.15 12.6772
7567.46 12.6772
7550.81 12.6772
7550.78 12.7285
7534.10 12.7285
7534.13 12.6259
7517.45 12.6259
7534.16 12.8431
7517.48 12.8431
7517.48 12.7765
7500.79 12.7765
7500.77 12.8155
7484.08 12.8155
7467.38 12.8155
7450.72 12.8155
7450.70 12.7673
7434.01 12.7673
7417.33 12.7673
7400.65 12.7673
7417.34 12.8309
7400.65 12.8309
7383.97 12.8309
7367.31 12.8309
7383.99 12.9665
7367.31 12.9665
7350.63 12.9665
7333.95 12.9665
7317.27 12.9665
7300.59 12.9665
7300.59 12.824
7283.91 12.824
7283.91 12.91
7267.23 12.91
7267.25 12.5944
7250.57 12.5944
7233.89 12.5944
7217.21 12.5944
7217.21 12.7351
7200.53 12.7351
7233.86 12.8275
7217.18 12.8275
7200.50 12.8275
7183.82 12.8275
7183.82 12.6529
7167.14 12.6529
7150.45 12.6529
7133.77 12.6529
7117.09 12.6529
7100.38 12.6529
7100.41 12.6116
7083.70 12.6116
7067.05 12.6116
7050.34 12.6116
7033.65 12.6116
7016.97 12.6116
7033.65 12.6189
7016.98 12.6189
7000.30 12.6189
6983.64 12.6189
6983.64 12.7755
6966.98 12.7755
6950.27 12.7755
6933.62 12.7755
6933.59 12.9184
6916.91 12.9184
6966.96 12.7485
6950.28 12.7485
6950.28 12.8546
6933.61 12.8546
6933.63 12.6758
6916.93 12.6758
6900.26 12.6758
6883.56 12.6758
6866.86 12.6758
6850.20 12.6758
6850.19 12.866
6833.52 12.866
6816.83 12.866
6800.14 12.866
6800.11 12.973
6783.46 12.973
6783.46 12.92
6766.78 12.92
6750.07 12.92
6733.42 12.92
6716.73 12.92
6700.05 12.92
6700.05 12.7761
6683.37 12.7761
6666.69 12.7761
6649.98 12.7761
6633.33 12.7761
6616.61 12.7761
6616.64 12.8127
6599.96 12.8127
6599.93 12.9165
6583.26 12.9165
6583.26 13.0296
6566.58 13.0296
6549.89 13.0296
6533.21 13.0296
6516.52 13.0296
6499.85 13.0296
6566.57 12.9792
6549.89 12.9792
6533.21 12.9792
6516.53 12.9792
6516.53 13.2029
6499.85 13.2029
6483.17 13.2029
6466.49 13.2029
6449.80 13.2029
6433.15 13.2029
6433.12 13.0982
6416.44 13.0982
6399.76 13.0982
6383.08 13.0982
6366.40 13.0982
6349.72 13.0982
6366.42 13.1397
6349.71 13.1397
6333.03 13.1397
6316.38 13.1397
6316.35 13.0036
6299.69 13.0036
6316.38 13.0026
6299.69 13.0026
6282.98 13.0026
6266.33 13.0026
6266.31 13.153
6249.62 13.153
6266.33 13.0316
6249.62 13.0316
6399.76 13.0312
6383.08 13.0312
6383.10 13.1357
6366.42 13.1357
6366.43 12.8665
6349.71 12.8665
6349.72 12.9112
6333.06 12.9112
6349.74 13.0005
6333.06 13.0005
6333.06 12.9361
6316.36 12.9361
6299.67 12.9361
6283.02 12.9361
6283.02 12.9131
6266.33 12.9131
6283.02 12.9138
6266.33 12.9138
6266.33 12.903
6249.65 12.903
6249.65 12.8797
6232.97 12.8797
6249.65 12.6454
6232.97 12.6454
6232.97 12.8035
6216.29 12.8035
6199.61 12.8035
6182.93 12.8035
6182.93 12.8325
6166.25 12.8325
6182.93 12.814
6166.24 12.814
6182.95 12.8852
6166.27 12.8852
6149.59 12.8852
6132.91 12.8852
6149.59 13.0158
6132.91 13.0158
6116.23 13.0158
6099.54 13.0158
6116.23 12.8953
6099.55 12.8953
6082.86 12.8953
6066.18 12.8953
6049.50 12.8953
6032.82 12.8953
6032.79 12.8933
6016.11 12.8933
6032.79 12.8936
6016.11 12.8936
6049.47 13.0113
6032.79 13.0113
6049.47 12.9289
6032.79 12.9289
6016.11 12.9289
5999.43 12.9289
5982.75 12.9289
5966.06 12.9289
5966.06 13.0317
5949.38 13.0317
5966.09 12.8588
5949.41 12.8588
5966.06 12.8965
5949.38 12.8965
5932.70 12.8965
5916.02 12.8965
5916.02 12.8069
5899.34 12.8069
5882.66 12.8069
5865.97 12.8069
5899.35 12.9889
5882.67 12.9889
5882.69 12.8256
5866.00 12.8256
5866.00 12.8151
5849.32 12.8151
5832.64 12.8151
5815.96 12.8151
5832.64 12.8639
5815.96 12.8639
5815.93 12.8142
5799.25 12.8142
5782.57 12.8142
5765.89 12.8142
5782.57 12.9536
5765.89 12.9536
5765.89 13.0585
5749.21 13.0585
5749.21 12.9598
5732.52 12.9598
5732.55 13.0943
5715.86 13.0943
5715.84 13.1046
5699.16 13.1046
5699.19 13.1043
5682.51 13.1043
5715.87 13.0891
5699.19 13.0891
5682.51 13.0891
5665.82 13.0891
5649.14 13.0891
5632.46 13.0891
5649.14 13.032
5632.46 13.032
5632.44 13.024
5615.75 13.024
5615.75 13.1539
5599.07 13.1539
5615.78 13.0785
5599.10 13.0785
5599.10 13.0153
5582.42 13.0153
5565.74 13.0153
5549.06 13.0153
5565.71 13.2149
5549.03 13.2149
5549.05 12.9926
5532.37 12.9926
5565.74 13.2683
5549.06 13.2683
5549.03 13.3093
5532.35 13.3093
5515.66 13.3093
5498.98 13.3093
5499.01 13.3163
5482.32 13.3163
5482.30 13.2539
5465.62 13.2539
5448.94 13.2539
5432.26 13.2539
5448.94 13.3872
5432.25 13.3872
5465.64 13.3216
5448.96 13.3216
5465.64 13.241
5448.96 13.241
5448.96 13.2604
5432.28 13.2604
5415.60 13.2604
5398.92 13.2604
5398.92 13.2221
5382.24 13.2221
5398.89 13.2811
5382.21 13.2811
5382.21 13.2647
5365.53 13.2647
5365.53 13.3332
5348.85 13.3332
5348.88 13.2518
5332.20 13.2518
5332.19 13.447
5315.51 13.447
5315.51 13.3807
5298.83 13.3807
5298.83 13.2278
5282.15 13.2278
5265.47 13.2278
5248.79 13.2278
5265.47 13.4141
5248.79 13.4141
5265.47 13.2662
5248.78 13.2662
5232.10 13.2662
5215.42 13.2662
5215.40 13.2663
5198.72 13.2663
5215.42 13.1234
5198.74 13.1234
5182.06 13.1234
5165.38 13.1234
5198.74 13.2869
5182.06 13.2869
5165.38 13.2869
5148.70 13.2869
5148.67 13.4072
5131.99 13.4072
5148.70 13.4448
5132.02 13.4448
5115.33 13.4448
5098.65 13.4448
5098.65 13.3237
5081.97 13.3237
5081.97 13.3562
5065.29 13.3562
5081.98 13.1561
5065.30 13.1561
5065.26 13.2717
5048.58 13.2717
5031.90 13.2717
5015.22 13.2717
5031.94 13.2127
5015.25 13.2127
5165.35 13.0237
5148.67 13.0237
5131.99 13.0237
5115.31 13.0237
5098.63 13.0237
5081.94 13.0237
5065.26 13.0237
5048.58 13.0237
5031.90 13.0237
5015.22 13.0237
4998.54 13.0237
4981.85 13.0237
4965.17 13.0237
4948.49 13.0237
4931.81 13.0237
4915.13 13.0237
4898.45 13.0237
4881.77 13.0237
4865.08 13.0237
4848.40 13.0237
4831.72 13.0237
4815.04 13.0237
4798.36 13.0237
4781.68 13.0237
4764.99 13.0237
4748.31 13.0237
4731.63 13.0237
4714.95 13.0237
4698.27 13.0237
4681.59 13.0237
4664.88 13.0237
4648.19 13.0237
4631.54 13.0237
4614.86 13.0237
4598.15 13.0237
4581.50 13.0237
4564.82 13.0237
4548.13 13.0237
4531.45 13.0237
4514.77 13.0237
4498.06 13.0237
4481.41 13.0237
4464.73 13.0237
4448.05 13.0237
4431.36 13.0237
4414.68 13.0237
4398.00 13.0237
4381.32 13.0237
4364.59 13.0237
4347.95 13.0237
4331.27 13.0237
4314.56 13.0237
4297.91 13.0237
4281.23 13.0237
4264.55 13.0237
4247.87 13.0237
4231.19 13.0237
4214.50 13.0237
4197.80 13.0237
4181.14 13.0237
4164.46 13.0237
4147.75 13.0237
4131.10 13.0237
4114.41 13.0237
4097.73 13.0237
4081.05 13.0237
4064.37 13.0237
4047.66 13.0237
4031.01 13.0237
4014.33 13.0237
3997.64 13.0237
3980.93 13.0237
3964.28 13.0237
3947.60 13.0237
3930.89 13.0237
3914.24 13.0237
3897.53 13.0237
3880.87 13.0237
3864.19 13.0237
3847.51 13.0237
3830.83 13.0237
3814.12 13.0237
3797.46 13.0237
3780.76 13.0237
3764.10 13.0237
3747.40 13.0237
3730.74 13.0237
3714.03 13.0237
3697.38 13.0237
3680.67 13.0237
3664.01 13.0237
3647.33 13.0237
3630.65 13.0237
3613.97 13.0237
3597.29 13.0237
3580.58 13.0237
3563.93 13.0237
3547.24 13.0237
3530.56 13.0237
3513.88 13.0237
3497.17 13.0237
3480.49 13.0237
3463.81 13.0237
3447.15 13.0237
3430.47 13.0237
3413.79 13.0237
3397.11 13.0237
3380.40 13.0237
3363.75 13.0237
3347.04 13.0237
3330.38 13.0237
3313.67 13.0237
3296.99 13.0237
3280.34 13.0237
3263.63 13.0237
3246.95 13.0237
3246.98 12.9707
3230.32 12.9707
3213.64 12.9707
3196.96 12.9707
3213.64 12.9455
3196.96 12.9455
3196.93 13.009
3180.25 13.009
3163.57 13.009
3146.86 13.009
3146.89 13.0303
3130.18 13.0303
3130.18 12.9061
3113.52 12.9061
3113.52 13.0392
3096.82 13.0392
3096.84 13.0303
3080.13 13.0303
3113.52 12.9952
3096.84 12.9952
3080.16 12.9952
3063.45 12.9952
3063.48 12.9489
3046.80 12.9489
3063.45 12.8626
3046.77 12.8626
3030.12 12.8626
3013.44 12.8626
3013.43 12.8298
2996.75 12.8298
2996.75 12.858
2980.04 12.858
2996.73 12.9051
2980.07 12.9051
2980.07 12.8447
2963.39 12.8447
2963.39 12.8154
2946.71 12.8154
2946.68 12.7282
2930.00 12.7282
2913.32 12.7282
2896.64 12.7282
2913.32 12.7694
2896.64 12.7694
2896.64 12.7316
2879.95 12.7316
2879.95 12.8483
2863.28 12.8483
2863.30 12.8052
2846.59 12.8052
2863.27 12.7656
2846.59 12.7656
2846.62 12.8358
2829.94 12.8358
2846.62 12.797
2829.94 12.797
2846.62 12.7624
2829.94 12.7624
2829.94 12.8449
2813.26 12.8449
2796.57 12.8449
2779.89 12.8449
2796.60 12.8505
2779.92 12.8505
2763.24 12.8505
2746.56 12.8505
2763.21 12.9657
2746.53 12.9657
2779.89 12.984
2763.21 12.984
2763.21 13.0691
2746.53 13.0691
2729.85 13.0691
2713.17 13.0691
2729.85 12.9765
2713.17 12.9765
2729.85 13.1152
2713.17 13.1152
2696.49 13.1152
2679.80 13.1152
2679.80 13.1323
2663.12 13.1323
2646.44 13.1323
2629.76 13.1323
2629.76 13.0102
2613.07 13.0102
2629.76 13.0947
2613.08 13.0947
2613.08 13.0023
2596.40 13.0023
2613.08 12.9509
2596.39 12.9509
2579.71 12.9509
2563.03 12.9509
2579.74 12.9228
2563.05 12.9228
2563.03 13.0163
2546.35 13.0163
2546.35 12.9266
2529.64 12.9266
2546.33 13.0187
2529.67 13.0187
2512.99 13.0187
2496.31 13.0187
2512.99 12.9217
2496.31 12.9217
2479.63 12.9217
2462.95 12.9217
2462.95 12.835
2446.26 12.835
2479.63 12.9485
2462.94 12.9485
2462.95 12.7491
2446.26 12.7491
2429.58 12.7491
2412.90 12.7491
2396.22 12.7491
2379.54 12.7491
2396.22 12.7946
2379.51 12.7946
2362.83 12.7946
2346.14 12.7946
2379.51 12.8369
2362.83 12.8369
2362.83 12.8264
2346.17 12.8264
2329.46 12.8264
2312.81 12.8264
2312.81 12.5308
2296.11 12.5308
2312.79 12.6239
2296.13 12.6239
2296.10 12.6437
2279.45 12.6437
2262.74 12.6437
2246.06 12.6437
2279.45 12.4979
2262.74 12.4979
2262.77 12.6521
2246.09 12.6521
2229.38 12.6521
2212.72 12.6521
2196.01 12.6521
2179.36 12.6521
2212.75 12.8867
2196.04 12.8867
2179.38 12.8867
2162.70 12.8867
2162.64 12.7695
2145.99 12.7695
2162.64 12.8676
2145.99 12.8676
2145.99 12.9318
2129.31 12.9318
2112.61 12.9318
2095.92 12.9318
2112.63 12.9395
2095.95 12.9395
2095.93 12.849
2079.24 12.849
2062.59 12.849
2045.91 12.849
2079.27 12.8465
2062.59 12.8465
2062.56 13.0068
2045.88 13.0068
2029.19 13.0068
2012.51 13.0068
2029.22 12.9371
2012.51 12.9371
2029.22 12.9394
2012.54 12.9394
1995.86 12.9394
1979.18 12.9394
1962.50 12.9394
1945.79 12.9394
1945.79 12.9717
1929.11 12.9717
1962.47 12.8471
1945.82 12.8471
1929.13 12.8471
1912.43 12.8471
1912.43 12.9286
1895.74 12.9286
1912.42 13.0267
1895.74 13.0267
1929.14 13.2279
1912.43 13.2279
1895.75 13.2279
1879.06 13.2279
1895.75 12.812
1879.09 12.812
1895.74 12.9423
1879.09 12.9423
1879.06 13.0883
1862.41 13.0883
1895.80 13.1364
1879.09 13.1364
1879.12 12.9707
1862.43 12.9707
1862.39 13.1564
1845.73 13.1564
1862.41 13.1114
1845.73 13.1114
1862.41 13.0376
1845.73 13.0376
1845.73 13.2322
1829.04 13.2322
1845.73 12.9572
1829.05 12.9572
1829.07 12.9839
1812.39 12.9839
1829.07 12.9993
1812.39 12.9993
1829.07 13.0394
1812.39 13.0394
1829.07 13.021
1812.39 13.021
1962.50 12.7249
1945.82 12.7249
1929.13 12.7249
1912.45 12.7249
1895.77 12.7249
1879.09 12.7249
1862.41 12.7249
1845.73 12.7249
1829.05 12.7249
1812.37 12.7249
1795.68 12.7249
1779.00 12.7249
1762.32 12.7249
1745.61 12.7249
1728.93 12.7249
1712.28 12.7249
1695.59 12.7249
1678.91 12.7249
1662.23 12.7249
1645.55 12.7249
1628.87 12.7249
1612.19 12.7249
1595.50 12.7249
1578.82 12.7249
1562.14 12.7249
1545.46 12.7249
1528.78 12.7249
1512.10 12.7249
1495.41 12.7249
1478.73 12.7249
1462.05 12.7249
1445.37 12.7249
1428.69 12.7249
1412.01 12.7249
1395.33 12.7249
1378.64 12.7249
1361.96 12.7249
1345.28 12.7249
1328.60 12.7249
1311.92 12.7249
1295.24 12.7249
1278.56 12.7249
1261.87 12.7249
1245.19 12.7249
1228.51 12.7249
1211.83 12.7249
1195.15 12.7249
1178.47 12.7249
1161.78 12.7249
1145.10 12.7249
1128.42 12.7249
1111.74 12.7249
1095.06 12.7249
1078.38 12.7249
1061.70 12.7249
1045.01 12.7249
1028.33 12.7249
1011.65 12.7249
994.97 12.7249
978.29 12.7249
961.61 12.7249
944.93 12.7249
928.22 12.7249
911.54 12.7249
894.88 12.7249
878.20 12.7249
861.52 12.7249
844.84 12.7249
828.15 12.7249
811.47 12.7249
794.79 12.7249
778.11 12.7249
761.43 12.7249
744.75 12.7249
728.06 12.7249
711.38 12.7249
694.70 12.7249
678.02 12.7249
661.34 12.7249
644.66 12.7249
627.98 12.7249
611.29 12.7249
594.61 12.7249
577.93 12.7249
561.25 12.7249
544.57 12.7249
527.89 12.7249
511.20 12.7249
494.52 12.7249
477.84 12.7249
461.16 12.7249
444.48 12.7249
427.80 12.7249
411.09 12.7249
394.41 12.7249
377.73 12.7249
361.05 12.7249
344.36 12.7249
344.39 12.9737
327.71 12.9737
344.39 12.9039
327.71 12.9039
361.07 12.915
344.39 12.915
361.07 12.8132
344.36 12.8132
361.04 12.8296
344.36 12.8296
377.73 13.0713
361.05 13.0713
361.04 12.9301
344.36 12.9301
361.04 12.7908
344.36 12.7908
377.73 12.9912
361.05 12.9912
377.73 13.0364
361.05 13.0364
361.05 12.8736
344.39 12.8736
377.75 12.9755
361.07 12.9755
377.75 13.1623
361.05 13.1623
377.75 12.8113
361.07 12.8113
377.75 13.1433
361.07 13.1433
377.75 13.2503
361.07 13.2503
377.75 13.0127
361.07 13.0127
377.75 13.0236
361.07 13.0236
377.75 12.955
361.07 12.955
377.75 12.9102
361.07 12.9102
394.44 13.0358
377.75 13.0358
394.44 13.1618
377.75 13.1618
377.75 12.8585
361.07 12.8585
377.75 12.8718
361.07 12.8718
377.75 12.871
361.07 12.871
394.43 12.9237
377.75 12.9237
377.75 12.6624
361.07 12.6624
394.43 12.6675
377.75 12.6675
394.43 12.7659
377.75 12.7659
394.44 12.7847
377.75 12.7847
394.44 12.6657
377.75 12.6657
394.44 12.7102
377.75 12.7102
411.11 12.9234
394.43 12.9234
394.43 12.9055
377.75 12.9055
394.43 12.909
377.75 12.909
411.11 13.0186
394.43 13.0186
411.11 12.9335
394.43 12.9335
411.11 12.9401
394.43 12.9401
411.11 12.9397
394.43 12.9397
411.12 12.9502
394.43 12.9502
411.12 13.09
394.43 13.09
411.12 12.9817
394.43 12.9817
411.11 12.824
394.43 12.824
411.12 12.8915
394.43 12.8915
427.80 12.9673
411.12 12.9673
427.82 13.1434
411.14 13.1434
411.14 13.079
394.46 13.079
427.80 13.1264
411.11 13.1264
427.79 13.1105
411.11 13.1105
427.82 13.2932
411.14 13.2932
411.14 13.1273
394.46 13.1273
411.14 13.0881
394.46 13.0881
427.82 13.1119
411.14 13.1119
427.82 13.2046
411.14 13.2046
427.82 12.9878
411.14 12.9878
427.82 12.9251
411.14 12.9251
427.83 13.0002
411.15 13.0002
444.50 13.0518
427.80 13.0518
427.77 12.8771
411.12 12.8771
444.51 12.897
427.80 12.897
444.50 13.0546
427.81 13.0546
444.52 13.0739
427.82 13.0739
427.80 12.9412
411.12 12.9412
444.45 12.9885
427.77 12.9885
444.45 12.9458
427.80 12.9458
444.51 12.791
427.83 12.791
444.48 12.9204
427.82 12.9204
444.48 12.9118
427.79 12.9118
444.51 12.9318
427.80 12.9318
444.48 13.0335
427.80 13.0335
444.50 12.8875
427.80 12.8875
444.50 12.8664
427.80 12.8664
461.19 12.9563
444.48 12.9563
461.16 12.9612
444.51 12.9612
461.16 13.0197
444.48 13.0197
461.16 12.9668
444.50 12.9668
461.13 13.0909
444.48 13.0909
461.13 13.0352
444.46 13.0352
461.13 13.0589
444.45 13.0589
461.13 12.9718
444.45 12.9718
461.13 12.9643
444.45 12.9643
461.16 12.9818
444.45 12.9818
461.16 12.8889
444.45 12.8889
461.16 12.774
444.45 12.774
477.81 12.8689
461.13 12.8689
477.81 12.8869
461.13 12.8869
477.81 12.8691
461.13 12.8691
477.84 13.0278
461.15 13.0278
477.81 13.0028
461.16 13.0028
477.82 13.181
461.16 13.181
477.82 13.2476
461.16 13.2476
477.81 13.1833
461.16 13.1833
477.84 13.2674
461.16 13.2674
494.52 13.1065
477.84 13.1065
477.84 13.3011
461.16 13.3011
477.84 13.0126
461.16 13.0126
494.52 13.0271
477.84 13.0271
494.52 13.1014
477.84 13.1014
494.52 13.1231
477.84 13.1231
494.52 13.1101
477.84 13.1101
494.52 13.1777
477.84 13.1777
494.52 13.1958
477.84 13.1958
494.52 13.0748
477.84 13.0748
494.52 13.1061
477.84 13.1061
494.52 13.1163
477.84 13.1163
494.52 13.1399
477.84 13.1399
494.52 13.3468
477.84 13.3468
494.53 13.1397
477.85 13.1397
511.21 13.1943
494.53 13.1943
511.20 12.9012
494.52 12.9012
511.21 13.1299
494.52 13.1299
511.21 12.9632
494.52 12.9632
511.20 13.0543
494.52 13.0543
511.20 12.8081
494.52 12.8081
511.20 12.7907
494.52 12.7907
511.20 13.013
494.52 13.013
511.20 12.8463
494.52 12.8463
527.88 12.9029
511.20 12.9029
511.20 12.7655
494.52 12.7655
527.88 12.721
511.20 12.721
527.91 12.9424
544.59 13.0346
527.91 13.0346
527.88 12.8352
511.20 12.8352
544.57 12.9585
527.88 12.9585
544.57 12.9901
527.88 12.9901
544.57 12.9339
527.89 12.9339
544.57 13.0624
527.89 13.0624
544.57 13.0727
527.89 13.0727
544.57 13.0324
527.89 13.0324
544.57 12.9202
527.89 12.9202
544.57 13.1839
527.89 13.1839
544.57 12.993
527.89 12.993
544.57 13.0318
527.89 13.0318
544.57 12.9658
527.88 12.9658
544.57 13.0944
527.89 13.0944
561.25 13.0767
544.57 13.0767
561.25 13.2389
544.57 13.2389
561.25 13.097
544.57 13.097
561.25 12.9622
544.54 12.9622
561.25 13.0466
544.54 13.0466
561.23 12.9572
544.57 12.9572
561.25 13.058
544.57 13.058
561.25 12.8121
544.57 12.8121
561.25 12.8429
544.57 12.8429
561.25 12.8722
544.57 12.8722
577.93 12.8363
561.25 12.8363
577.93 12.7385
561.25 12.7385
577.93 12.8632
561.25 12.8632
577.93 12.7479
561.25 12.7479
577.93 12.8607
561.25 12.8607
577.93 12.7293
561.25 12.7293
577.93 12.8228
561.25 12.8228
577.93 12.905
561.25 12.905
577.93 12.8488
561.25 12.8488
577.93 12.8229
561.25 12.8229
577.93 12.8134
561.25 12.8134
577.93 12.8865
561.25 12.8865
577.93 12.9132
561.25 12.9132
577.93 12.8851
561.25 12.8851
594.61 12.779
577.93 12.779
594.61 12.901
577.93 12.901
594.64 13.0196
577.96 13.0196
594.64 13.1442
577.93 13.1442
594.61 12.93
577.90 12.93
594.61 13.1068
577.93 13.1068
594.64 13.2701
577.94 13.2701
594.64 12.9908
577.96 12.9908
611.32 13.1707
594.63 13.1707
594.64 13.0753
577.96 13.0753
611.33 13.2165
594.64 13.2165
611.32 12.9539
594.64 12.9539
611.32 13.083
594.64 13.083
611.33 13.0106
594.65 13.0106
611.32 13.1523
594.64 13.1523
611.32 12.7834
594.64 12.7834
611.29 12.8755
594.61 12.8755
611.32 12.9191
594.64 12.9191
628.00 13.1005
611.32 13.1005
611.32 12.9082
594.64 12.9082
628.00 13.0841
611.32 13.0841
627.98 13.0149
611.29 13.0149
628.00 13.221
611.32 13.221
627.97 12.9232
611.32 12.9232
627.98 13.0308
611.32 13.0308
627.98 12.9749
611.27 12.9749
627.97 13.0768
611.29 13.0768
627.98 12.753
611.32 12.753
628.00 12.7939
611.29 12.7939
627.98 12.9037
611.26 12.9037
627.98 12.9663
611.30 12.9663
628.00 12.9488
611.32 12.9488
594.61 12.9488
577.96 12.9488
561.28 12.9488
544.55 12.9488
527.89 12.9488
511.20 12.9488
494.52 12.9488
477.87 12.9488
461.16 12.9488
444.51 12.9488
427.82 12.9488
411.11 12.9488
394.46 12.9488
377.78 12.9488
361.07 12.9488
344.39 12.9488
327.71 12.9488
311.05 12.9488
311.00 12.8856
294.32 12.8856
294.34 12.9787
277.66 12.9787
294.34 12.6551
277.66 12.6551
311.05 12.8622
294.35 12.8622
311.00 12.9991
294.32 12.9991
311.03 12.8076
294.35 12.8076
311.03 12.963
294.36 12.963
311.02 12.8755
294.35 12.8755
311.03 13.045
294.37 13.045
327.68 12.9405
311.03 12.9405
311.00 12.7236
294.32 12.7236
327.71 13.0763
311.03 13.0763
327.71 12.8202
311.03 12.8202
327.68 13.1313
311.03 13.1313
327.73 13.0455
311.03 13.0455
327.68 12.834
311.03 12.834
327.68 13.0464
311.03 13.0464
327.70 12.901
311.02 12.901
327.71 13.0922
311.03 13.0922
327.68 12.8749
311.02 12.8749
344.39 13.0366
327.71 13.0366
344.42 13.0799
327.73 13.0799
344.42 12.8149
327.74 12.8149
344.39 12.8069
327.68 12.8069
344.39 12.955
327.74 12.955
344.42 12.931
327.71 12.931
344.36 12.9566
327.68 12.9566
344.41 13.0316
327.73 13.0316
344.39 13.1008
327.71 13.1008
344.39 13.3272
327.69 13.3272
344.39 13.1527
327.71 13.1527
344.41 13.0045
327.73 13.0045
361.10 13.2963
344.41 13.2963
361.07 13.1331
344.41 13.1331
344.39 13.2272
327.74 13.2272
361.07 13.3212
344.39 13.3212
361.09 13.2646
344.39 13.2646
361.07 13.3439
344.39 13.3439
361.10 13.1249
344.42 13.1249
361.07 13.2435
344.39 13.2435
361.10 13.2614
344.41 13.2614
361.10 13.1736
344.42 13.1736
361.10 13.1187
344.42 13.1187
377.78 13.2758
361.08 13.2758
377.75 13.221
361.06 13.221
377.76 13.1465
361.07 13.1465
377.78 13.2486
361.07 13.2486
377.75 13.1796
361.07 13.1796
377.75 13.284
361.08 13.284
377.75 13.2324
361.07 13.2324
377.78 13.2887
361.06 13.2887
377.75 13.2122
361.10 13.2122
377.75 13.2714
361.07 13.2714
377.75 13.0763
361.07 13.0763
377.76 13.3151
361.07 13.3151
377.75 13.2288
361.07 13.2288
377.75 13.2535
361.07 13.2535
394.46 13.4116
377.76 13.4116
394.43 13.12
377.75 13.12
394.44 13.1873
377.75 13.1873
394.41 13.2433
377.73 13.2433
394.43 13.3097
377.78 13.3097
394.44 13.277
377.75 13.277
394.43 13.2215
377.75 13.2215
394.44 13.3914
377.75 13.3914
394.41 13.2274
377.72 13.2274
394.43 13.2308
377.75 13.2308
394.46 13.2089
377.75 13.2089
411.11 13.2931
394.43 13.2931
411.14 13.2348
394.43 13.2348
394.41 12.9548
377.73 12.9548
394.44 13.0901
377.75 13.0901
411.11 13.1037
394.43 13.1037
411.14 13.163
394.43 13.163
411.09 12.9509
394.43 12.9509
411.11 13.0626
394.42 13.0626
411.09 13.0849
394.41 13.0849
411.15 13.2068
394.44 13.2068
411.12 12.945
394.46 12.945
411.14 13.0391
394.44 13.0391
427.78 12.9273
411.09 12.9273
427.75 13.0637
411.09 13.0637
427.77 12.7701
411.11 12.7701
427.80 12.9574
411.14 12.9574
427.82 12.9283
411.12 12.9283
427.80 13.0674
411.12 13.0674
427.77 12.8475
411.12 12.8475
427.80 13.0174
411.12 13.0174
427.79 12.9693
411.12 12.9693
444.45 13.0966
427.77 13.0966
427.80 12.8794
411.11 12.8794
444.48 13.0434
427.80 13.0434
444.48 13.0289
427.80 13.0289
444.50 13.2343
427.82 13.2343
427.83 12.9405
411.14 12.9405
444.51 13.169
427.82 13.169
444.51 13.1162
427.82 13.1162
444.51 13.324
427.79 13.324
444.48 13.1936
427.80 13.1936
444.48 13.2408
427.80 13.2408
444.48 12.9841
427.77 12.9841
444.48 13.3686
427.77 13.3686
444.50 13.0168
427.82 13.0168
461.19 13.1484
444.50 13.1484
461.16 13.0142
444.48 13.0142
461.19 13.198
444.48 13.198
461.19 12.9387
444.48 12.9387
461.19 13.0609
444.50 13.0609
461.13 13.1239
444.48 13.1239
461.16 13.3019
444.45 13.3019
461.19 13.1074
444.48 13.1074
461.15 13.3351
444.48 13.3351
461.16 13.2323
444.48 13.2323
461.15 12.9708
444.50 12.9708
461.13 13.3463
444.48 13.3463
461.19 13.1451
444.51 13.1451
477.84 13.0988
461.15 13.0988
477.87 13.106
461.16 13.106
477.84 12.8794
461.16 12.8794
477.87 12.9677
461.19 12.9677
477.82 12.9525
461.13 12.9525
477.82 13.0106
461.16 13.0106
477.82 13.1037
461.13 13.1037
477.84 12.9987
461.19 12.9987
494.55 13.0026
477.87 13.0026
477.84 13.0581
461.13 13.0581
477.82 13.1264
461.13 13.1264
477.81 13.1828
461.13 13.1828
494.52 12.9814
477.81 12.9814
494.50 13.023
477.84 13.023
494.55 12.9228
477.85 12.9228
494.50 13.1275
477.81 13.1275
494.50 12.9479
477.84 12.9479
494.52 13.1981
477.87 13.1981
494.51 13.1385
477.83 13.1385
494.51 13.022
477.86 13.022
494.52 13.0989
477.81 13.0989
511.18 12.9762
494.52 12.9762
494.52 12.8184
477.84 12.8184
494.52 13.0998
477.82 13.0998
511.20 13.0395
494.49 13.0395
511.20 13.1111
494.50 13.1111
494.52 12.9456
477.84 12.9456
511.20 13.0977
494.52 13.0977
511.20 12.9935
494.52 12.9935
511.20 13.3038
494.52 13.3038
511.18 13.0543
494.52 13.0543
511.18 13.3675
494.52 13.3675
511.20 13.2512
494.52 13.2512
527.89 13.3719
511.18 13.3719
511.18 13.3599
494.50 13.3599
527.86 13.0724
511.18 13.0724
527.87 13.1912
511.20 13.1912
527.89 13.0848
511.20 13.0848
527.88 13.3301
511.20 13.3301
527.89 13.368
511.20 13.368
527.89 13.1555
511.20 13.1555
527.89 13.4001
511.20 13.4001
527.89 13.0987
511.20 13.0987
527.89 13.4191
511.20 13.4191
544.57 13.4654
527.89 13.4654
527.89 13.2366
511.21 13.2366
527.91 13.1869
511.23 13.1869
544.57 13.463
527.88 13.463
544.57 13.481
527.89 13.481
544.57 13.2478
527.89 13.2478
544.57 13.0801
527.89 13.0801
544.57 13.3563
527.89 13.3563
544.57 13.1757
527.89 13.1757
544.57 13.3225
527.89 13.3225
544.57 12.9551
527.89 12.9551
544.57 13.0596
527.89 13.0596
561.25 13.0622
544.57 13.0622
561.25 13.0398
544.57 13.0398
544.57 12.7989
527.89 12.7989
561.25 13.0776
544.57 13.0776
561.25 13.0587
544.57 13.0587
561.25 12.9931
544.57 12.9931
561.25 12.8163
544.54 12.8163
561.25 12.9617
544.57 12.9617
561.23 13.0091
544.57 13.0091
561.25 12.8382
544.57 12.8382
561.25 13.066
544.57 13.066
561.25 13.0416
544.57 13.0416
561.25 13.1297
544.57 13.1297
577.94 13.2536
561.26 13.2536
561.25 12.8923
544.57 12.8923
577.93 13.1134
561.25 13.1134
577.93 13.2633
561.25 13.2633
577.93 13.1449
561.25 13.1449
561.25 12.9081
544.57 12.9081
577.93 13.2059
561.25 13.2059
577.93 13.0346
561.25 13.0346
577.93 13.2408
561.25 13.2408
577.93 12.8465
561.25 12.8465
577.93 13.3266
561.25 13.3266
594.61 12.943
577.93 12.943
561.25 12.943
544.57 12.943
527.89 12.943
511.20 12.943
494.52 12.943
477.84 12.943
461.16 12.943
444.48 12.943
427.80 12.943
411.12 12.943
394.43 12.943
377.75 12.943
361.07 12.943
344.39 12.943
327.71 12.943
311.03 12.943
294.35 12.943
277.66 12.943
260.98 12.943
244.30 12.943
244.30 13.2079
227.62 13.2079
260.98 12.9912
244.30 12.9912
260.98 13.0724
244.30 13.0724
260.98 12.9803
244.30 12.9803
260.98 13.2201
244.30 13.2201
260.98 13.0863
244.30 13.0863
260.98 13.0571
244.30 13.0571
260.98 13.2103
244.30 13.2103
260.98 13.3122
244.30 13.3122
277.66 13.2471
260.98 13.2471
277.66 13.1724
260.98 13.1724
277.66 13.0347
260.98 13.0347
277.66 13.2685
260.98 13.2685
277.66 13.3107
260.98 13.3107
277.66 13.3083
260.98 13.3083
277.66 13.1039
260.98 13.1039
277.66 13.2716
260.98 13.2716
277.66 13.2291
260.98 13.2291
294.34 13.2153
277.66 13.2153
277.66 13.0944
260.98 13.0944
294.34 13.1554
277.66 13.1554
294.34 13.084
277.66 13.084
294.34 13.1447
277.66 13.1447
294.34 12.9676
277.66 12.9676
294.34 13.085
277.66 13.085
294.34 12.8112
277.66 12.8112
294.34 13.0895
277.66 13.0895
294.35 12.8485
277.66 12.8485
294.35 12.9294
277.66 12.9294
311.03 13.0792
294.35 13.0792
311.05 13.078
294.37 13.078
311.06 13.0669
294.38 13.0669
311.06 12.9517
294.38 12.9517
311.05 13.0431
294.37 13.0431
311.05 13.1801
294.37 13.1801
311.05 12.9017
294.37 12.9017
311.03 13.0373
294.34 13.0373
311.05 13.0325
294.37 13.0325
311.05 13.1192
294.37 13.1192
311.05 13.1806
294.37 13.1806
311.05 13.0138
294.37 13.0138
327.74 13.2262
311.03 13.2262
327.68 13.2193
311.00 13.2193
327.70 13.1388
311.02 13.1388
327.71 13.3389
311.02 13.3389
327.71 13.3199
311.02 13.3199
327.71 13.5106
311.05 13.5106
327.71 13.2633
311.03 13.2633
327.73 13.2016
311.02 13.2016
327.70 13.1553
311.02 13.1553
344.39 13.0159
327.71 13.0159
327.68 13.3034
311.00 13.3034
344.42 13.1558
327.71 13.1558
327.71 13.2306
311.06 13.2306
327.74 13.1876
311.05 13.1876
327.72 12.858
311.05 12.858
344.39 13.1539
327.74 13.1539
344.39 13.1034
327.71 13.1034
344.38 13.145
327.70 13.145
344.39 12.9288
327.70 12.9288
344.39 13.1098
327.71 13.1098
344.42 13.0342
327.71 13.0342
361.10 13.1229
344.39 13.1229
344.36 12.848
327.68 12.848
361.04 12.9984
344.39 12.9984
361.07 13.067
344.39 13.067
361.10 13.2637
344.39 13.2637
344.39 13.1394
327.74 13.1394
361.07 12.9315
344.39 12.9315
361.09 13.0899
344.39 13.0899
377.75 13.1071
361.10 13.1071
361.10 12.8565
344.39 12.8565
361.10 13.0028
344.39 13.0028
377.77 13.0957
361.07 13.0957
361.04 13.2253
344.37 13.2253
361.10 13.3155
344.41 13.3155
377.75 13.0884
361.06 13.0884
377.78 13.1755
361.07 13.1755
377.75 13.2817
361.07 13.2817
377.72 13.1148
361.05 13.1148
377.78 13.2333
361.07 13.2333
377.75 13.3407
361.05 13.3407
377.73 13.1067
361.05 13.1067
377.75 13.4208
361.07 13.4208
377.76 13.2347
361.07 13.2347
377.78 13.2293
361.10 13.2293
394.47 13.362
377.79 13.362
377.75 13.0393
361.05 13.0393
394.44 13.2043
377.76 13.2043
394.44 13.1693
377.76 13.1693
394.43 13.0985
377.76 13.0985
377.76 13.0664
361.07 13.0664
394.44 13.2015
377.78 13.2015
394.46 13.231
377.75 13.231
394.46 13.2875
377.78 13.2875
394.46 13.2636
377.78 13.2636
394.46 13.1829
377.75 13.1829
394.44 13.2085
377.75 13.2085
411.12 13.172
394.43 13.172
394.44 13.0568
377.75 13.0568
394.43 13.2345
377.78 13.2345
411.14 13.0322
394.46 13.0322
411.12 13.1632
394.43 13.1632
411.12 13.0671
394.43 13.0671
411.12 12.9884
394.43 12.9884
411.12 13.112
394.43 13.112
411.12 13.0662
394.43 13.0662
411.11 12.9239
394.43 12.9239
411.11 12.8665
394.43 12.8665
427.79 12.9958
411.11 12.9958
427.77 12.9421
411.11 12.9421
411.08 12.7212
394.41 12.7212
427.77 12.6157
411.08 12.6157
427.77 12.8
411.11 12.8
427.77 12.8624
411.08 12.8624
427.76 12.8881
411.09 12.8881
427.77 13.0784
411.09 13.0784
427.80 13.011
411.11 13.011
427.77 13.2988
411.08 13.2988
427.80 13.0326
411.14 13.0326
427.77 13.2264
411.09 13.2264
427.80 13.2042
411.10 13.2042
444.46 12.9565
427.78 12.9565
427.78 13.204
411.10 13.204
444.50 13.0639
427.79 13.0639
444.48 13.0996
427.80 13.0996
444.48 13.1954
427.80 13.1954
444.48 12.9449
427.80 12.9449
444.48 13.292
427.80 13.292
444.48 13.1309
427.80 13.1309
444.48 12.9457
427.80 12.9457
444.48 13.2807
427.77 13.2807
444.45 13.1056
427.80 13.1056
461.16 13.1051
444.48 13.1051
461.16 13.2726
444.48 13.2726
461.16 13.2742
444.48 13.2742
461.16 13.095
444.48 13.095
461.16 13.2194
444.48 13.2194
461.16 13.3469
444.48 13.3469
461.16 13.1123
444.48 13.1123
461.16 13.3301
444.48 13.3301
461.16 13.2132
444.48 13.2132
477.84 13.3518
461.16 13.3518
461.16 13.3335
444.48 13.3335
461.16 13.1382
444.48 13.1382
477.84 13.2792
461.16 13.2792
477.84 13.1541
461.16 13.1541
477.84 13.0723
461.16 13.0723
477.84 13.1788
461.16 13.1788
477.84 13.1677
461.16 13.1677
477.84 13.165
461.16 13.165
477.85 13.126
461.16 13.126
477.84 13.3569
461.16 13.3569
477.84 13.0203
461.16 13.0203
494.52 13.2069
477.84 13.2069
477.84 13.2789
461.16 13.2789
494.52 13.5149
477.84 13.5149
494.52 13.3354
477.84 13.3354
494.52 13.4999
477.84 13.4999
494.53 13.2649
477.84 13.2649
494.52 13.5271
477.84 13.5271
494.56 13.2899
477.88 13.2899
511.20 13.5989
494.52 13.5989
494.52 13.6735
477.84 13.6735
494.55 13.4483
477.87 13.4483
494.55 13.5292
477.87 13.5292
511.21 13.2999
494.52 13.2999
494.52 13.5753
477.84 13.5753
511.20 13.7213
494.52 13.7213
511.20 13.3888
494.52 13.3888
511.20 13.4883
494.52 13.4883
511.20 13.2681
494.52 13.2681
511.20 13.3821
494.52 13.3821
511.21 13.2188
494.52 13.2188
511.21 12.9944
494.52 12.9944
511.20 13.3428
494.52 13.3428
527.89 13.1092
511.20 13.1092
527.89 12.9612
511.20 12.9612
527.88 13.1229
511.20 13.1229
511.20 12.919
494.52 12.919
527.89 13.0955
511.21 13.0955
527.88 13.0968
511.20 13.0968
527.89 13.1608
511.20 13.1608
527.86 12.8589
511.18 12.8589
527.88 13.0254
511.20 13.0254
527.91 13.0326
511.23 13.0326
527.91 13.0816
511.23 13.0816
527.91 12.7144
511.23 12.7144
527.89 12.8964
511.21 12.8964
527.89 12.8704
511.20 12.8704
544.57 12.947
527.89 12.947
527.89 12.6755
511.20 12.6755
544.57 13.0269
527.89 13.0269
544.60 13.008
527.92 13.008
544.60 13.3636
527.91 13.3636
544.60 12.9808
527.89 12.9808
544.60 13.2629
527.89 13.2629
544.57 13.1172
527.89 13.1172
544.57 13.028
527.89 13.028
561.27 13.266
544.59 13.266
527.91 13.266
511.23 13.266
494.55 13.266
477.87 13.266
461.18 13.266
444.50 13.266
427.79 13.266
411.11 13.266
394.43 13.266
377.75 13.266
361.09 13.266
344.41 13.266
327.73 13.266
311.05 13.266
294.37 13.266
277.69 13.266
261.00 13.266
244.30 13.266
227.64 13.266
210.96 13.266
210.94 13.3968
194.25 13.3968
210.97 12.9332
194.28 12.9332
227.61 13.1345
210.91 13.1345
227.59 13.0731
210.94 13.0731
227.59 13.1112
210.94 13.1112
227.59 13.1574
210.94 13.1574
227.59 12.7989
210.94 12.7989
227.60 13.0035
210.94 13.0035
244.28 13.1078
227.61 13.1078
227.65 13.0994
210.94 13.0994
244.30 12.8293
227.59 12.8293
244.30 13.1761
227.59 13.1761
244.33 12.9331
227.62 12.9331
244.33 13.0459
227.62 13.0459
244.30 13.2156
227.64 13.2156
244.27 13.4598
227.62 13.4598
260.97 13.2542
244.32 13.2542
261.01 13.1082
244.32 13.1082
261.01 13.4527
244.30 13.4527
260.98 13.3171
244.27 13.3171
261.00 13.0833
244.29 13.0833
261.00 12.9122
244.30 12.9122
261.00 13.409
244.30 13.409
261.01 13.1608
244.30 13.1608
277.70 13.4585
261.02 13.4585
260.95 12.9613
244.30 12.9613
260.99 12.8959
244.30 12.8959
277.63 12.6819
260.98 12.6819
277.67 13.1032
261.01 13.1032
261.01 13.0615
244.33 13.0615
277.64 12.7234
260.96 12.7234
277.64 12.8681
260.96 12.8681
277.66 12.9411
260.95 12.9411
277.69 12.5415
260.99 12.5415
277.68 12.8206
260.98 12.8206
277.69 12.5611
260.98 12.5611
277.63 12.7226
260.98 12.7226
277.67 12.4395
261.01 12.4395
277.67 12.422
261.01 12.422
294.34 12.7582
277.69 12.7582
294.34 12.7447
277.69 12.7447
277.66 12.4669
260.98 12.4669
294.37 12.86
277.69 12.86
294.34 12.5544
277.66 12.5544
294.34 12.7437
277.64 12.7437
294.34 12.5836
277.66 12.5836
294.32 12.7827
277.66 12.7827
294.35 12.8189
277.69 12.8189
294.37 12.9474
277.69 12.9474
294.34 12.9444
277.69 12.9444
294.35 12.6743
277.69 12.6743
311.00 13.1038
294.32 13.1038
294.34 13.0505
277.64 13.0505
311.05 12.8446
294.34 12.8446
311.05 12.9713
294.35 12.9713
311.05 12.9607
327.70 12.8982
311.02 12.8982
327.71 12.7351
311.03 12.7351
327.70 12.8351
311.02 12.8351
327.70 13.0842
311.02 13.0842
327.71 13.1171
311.00 13.1171
327.71 13.0237
311.03 13.0237
327.68 13.0648
311.00 13.0648
327.74 13.1519
311.06 13.1519
344.42 13.1443
327.74 13.1443
344.37 12.956
327.71 12.956
344.36 12.9806
327.71 12.9806
344.38 13.0751
327.71 13.0751
344.39 13.0458
327.71 13.0458
344.39 12.9752
327.71 12.9752
344.42 13.0342
327.71 13.0342
344.41 13.1712
327.71 13.1712
361.07 13.2536
344.36 13.2536
344.40 13.1691
327.71 13.1691
361.07 13.178
344.39 13.178
361.07 13.1938
344.41 13.1938
361.07 13.1353
344.42 13.1353
361.07 13.2078
344.39 13.2078
361.07 13.0348
344.39 13.0348
361.07 13.0261
344.42 13.0261
361.07 13.0776
344.39 13.0776
361.07 12.9689
344.36 12.9689
361.07 12.9918
344.39 12.9918
377.75 13.0463
361.07 13.0463
377.75 13.0642
361.05 13.0642
361.07 13.022
344.42 13.022
377.75 13.0219
361.07 13.0219
377.74 13.1725
361.09 13.1725
377.72 13.1078
361.04 13.1078
377.75 13.1187
361.10 13.1187
377.75 13.1716
361.07 13.1716
377.78 13.1969
361.07 13.1969
377.78 13.1158
361.07 13.1158
394.43 12.9877
377.78 12.9877
394.44 13.0513
377.76 13.0513
394.44 13.1466
377.78 13.1466
394.46 13.2221
377.78 13.2221
394.43 13.0906
377.75 13.0906
394.43 13.1298
377.76 13.1298
394.46 13.0679
377.78 13.0679
394.44 13.2033
377.75 13.2033
394.46 13.0723
377.78 13.0723
394.40 12.8995
377.69 12.8995
394.43 12.9859
377.75 12.9859
411.11 13.0841
394.43 13.0841
394.43 13.0449
377.75 13.0449
411.11 13.021
394.44 13.021
411.11 12.9895
394.44 12.9895
411.11 13.0341
394.43 13.0341
394.43 12.8189
377.75 12.8189
411.12 12.7929
394.44 12.7929
411.11 12.9043
394.40 12.9043
411.12 12.8827
394.40 12.8827
411.12 12.6737
394.41 12.6737
411.11 12.9224
394.43 12.9224
411.09 12.6888
394.41 12.6888
411.09 12.8201
394.40 12.8201
411.08 12.7469
394.41 12.7469
427.77 12.624
411.09 12.624
427.77 13.0249
411.09 13.0249
427.77 13.0951
411.08 13.0951
411.09 13.0042
394.41 13.0042
427.80 12.9519
411.08 12.9519
427.80 13.0806
411.11 13.0806
427.80 13.051
411.12 13.051
427.79 13.0288
411.12 13.0288
427.80 12.9541
411.11 12.9541
444.48 13.0845
427.80 13.0845
444.45 13.1165
427.80 13.1165
427.77 12.9838
411.12 12.9838
444.48 12.8113
427.80 12.8113
444.48 12.9167
427.80 12.9167
444.48 13.0001
427.80 13.0001
444.48 12.8014
427.80 12.8014
444.48 12.8737
427.80 12.8737
461.16 12.9869
444.48 12.9869
461.16 13.1673
444.48 13.1673
444.48 12.9497
427.80 12.9497
444.48 12.8234
427.80 12.8234
444.48 12.9555
427.80 12.9555
461.16 13.0567
444.48 13.0567
444.51 13.1108
427.82 13.1108
461.16 12.8189
444.48 12.8189
461.19 13.028
444.51 13.028
461.16 13.0088
444.48 13.0088
461.16 13.0312
444.48 13.0312
461.16 13.0343
444.48 13.0343
461.16 12.8847
444.48 12.8847
461.16 12.9553
444.48 12.9553
461.16 12.8687
444.48 12.8687
461.16 12.8328
444.48 12.8328
477.84 12.8849
461.16 12.8849
477.84 12.7824
461.16 12.7824
477.84 12.9124
461.16 12.9124
477.84 12.6685
461.16 12.6685
477.84 12.7615
461.16 12.7615
477.84 13.0046
461.16 13.0046
477.84 12.8945
461.16 12.8945
477.84 12.7812
461.16 12.7812
477.84 12.8065
461.13 12.8065
494.52 12.5752
477.84 12.5752
494.52 12.8538
477.84 12.8538
494.52 12.6857
477.84 12.6857
494.52 12.6983
477.85 12.6983
494.53 12.8274
477.85 12.8274
494.52 12.8227
477.84 12.8227
494.52 12.7239
477.84 12.7239
494.52 12.8662
477.84 12.8662
494.52 12.7003
477.84 12.7003
494.52 12.7996
477.84 12.7996
494.52 12.9271
477.84 12.9271
511.20 12.7522
494.52 12.7522
511.21 12.7337
494.52 12.7337
494.52 12.883
477.84 12.883
511.20 12.8972
494.52 12.8972
511.20 12.9262
494.52 12.9262
511.20 13.0155
494.52 13.0155
511.20 12.997
494.52 12.997
511.20 13.005
494.52 13.005
511.20 13.0316
494.52 13.0316
511.20 13.0036
494.52 13.0036
511.20 12.7838
494.52 12.7838
511.20 12.7342
494.52 12.7342
511.19 12.7757
494.52 12.7757
527.88 12.7819
511.20 12.7819
511.20 12.7005
494.52 12.7005
527.89 12.7879
511.20 12.7879
527.88 12.6888
511.20 12.6888
527.88 12.6328
511.20 12.6328
527.88 12.6636
511.20 12.6636
527.88 12.5734
511.20 12.5734
527.89 12.752
511.21 12.752
527.89 12.6168
511.20 12.6168
527.92 12.8042
511.23 12.8042
544.57 12.8098
527.89 12.8098
544.57 12.7917
527.89 12.7917
511.20 12.7917
494.52 12.7917
477.84 12.7917
461.16 12.7917
444.48 12.7917
427.80 12.7917
411.11 12.7917
394.43 12.7917
377.75 12.7917
361.07 12.7917
344.39 12.7917
327.71 12.7917
311.03 12.7917
294.35 12.7917
277.67 12.7917
260.98 12.7917
244.30 12.7917
227.62 12.7917
210.94 12.7917
194.26 12.7917
210.94 12.7787
194.25 12.7787
