162.23 14.2603
145.56 14.2603
329.03 19.2283
312.37 19.2283
295.69 19.2283
278.99 19.2283
279.01 16.4073
262.33 16.4073
245.65 16.4073
228.95 16.4073
212.28 16.4073
195.60 16.4073
178.90 16.4073
212.29 15.7459
195.63 15.7459
178.93 15.7459
162.27 15.7459
145.57 15.7459
128.90 15.7459
112.20 15.7459
145.56 15.0561
128.86 15.0561
112.20 15.0561
195.59 16.4842
178.92 16.4842
162.22 16.4842
195.61 15.4072
178.91 15.4072
162.23 15.4072
162.22 16.2108
145.54 16.2108
128.86 16.2108
278.99 18.6195
262.33 18.6195
245.63 18.6195
228.94 18.6195
228.95 15.888
212.26 15.888
195.58 15.888
228.95 17.2357
212.26 17.2357
195.58 17.2357
178.90 17.2357
295.68 19.0332
278.99 19.0332
262.31 19.0332
245.61 19.0332
245.63 15.7319
228.95 15.7319
212.26 15.7319
212.26 16.1986
195.58 16.1986
178.90 16.1986
178.90 16.417
162.22 16.417
145.54 16.417
128.86 16.417
228.95 17.3536
212.26 17.3536
195.60 17.3536
295.67 19.0982
278.99 19.0982
262.31 19.0982
245.63 19.0982
245.63 15.9973
228.95 15.9973
212.26 15.9973
195.58 15.9973
178.90 15.9973
162.22 15.9973
145.54 15.9973
178.90 17.2383
162.22 17.2383
145.52 17.2383
279.01 17.3094
262.31 17.3094
245.63 17.3094
228.94 17.3094
228.95 18.9324
212.27 18.9324
195.61 18.9324
195.59 15.7508
178.90 15.7508
162.22 15.7508
145.53 15.7508
195.58 16.5171
178.90 16.5171
162.22 16.5171
145.54 16.5171
178.90 16.53
162.22 16.53
145.54 16.53
345.71 19.0901
329.04 19.0901
312.35 19.0901
295.67 19.0901
295.67 16.5075
278.99 16.5075
262.31 16.5075
262.31 17.3282
245.63 17.3282
228.95 17.3282
295.67 15.5954
278.99 15.5954
262.31 15.5954
245.63 15.5954
228.95 15.5954
212.26 15.5954
195.58 15.5954
178.90 15.5954
162.24 15.5954
145.54 15.5954
128.85 15.5954
212.28 19.2263
195.58 19.2263
178.90 19.2263
295.67 16.4361
278.99 16.4361
262.31 16.4361
245.63 16.4361
362.40 19.2119
345.71 19.2119
329.05 19.2119
312.35 19.2119
295.67 19.2119
278.99 19.2119
262.31 19.2119
379.08 18.9178
362.40 18.9178
345.72 18.9178
329.04 18.9178
312.35 18.9178
295.67 18.9178
278.99 18.9178
262.30 18.9178
245.63 18.9178
362.40 15.8627
345.72 15.8627
329.01 15.8627
312.34 15.8627
295.67 15.8627
278.99 15.8627
262.31 15.8627
245.63 15.8627
228.97 15.8627
212.25 15.8627
195.58 15.8627
178.92 15.8627
195.57 15.5525
178.90 15.5525
162.22 15.5525
195.58 16.4324
178.90 16.4324
162.22 16.4324
145.54 16.4324
195.56 17.3913
178.88 17.3913
162.20 17.3913
295.65 18.8906
278.96 18.8906
262.29 18.8906
245.61 18.8906
245.65 16.1285
228.95 16.1285
212.27 16.1285
228.94 17.2141
212.26 17.2141
195.58 17.2141
178.90 17.2141
295.68 18.9191
278.99 18.9191
262.33 18.9191
245.65 18.9191
245.60 19.0762
228.97 19.0762
212.28 19.0762
245.67 16.5248
228.97 16.5248
212.29 16.5248
195.61 16.5248
278.99 16.4335
262.31 16.4335
245.62 16.4335
228.95 16.4335
228.97 17.2667
212.26 17.2667
195.60 17.2667
178.90 17.2667
162.22 17.2667
145.54 17.2667
128.86 17.2667
212.26 16.0835
195.55 16.0835
178.90 16.0835
178.90 16.1769
162.22 16.1769
145.54 16.1769
145.54 17.3491
128.86 17.3491
112.17 17.3491
145.54 15.809
128.86 15.809
112.18 15.809
145.54 18.9773
128.86 18.9773
112.18 18.9773
262.31 16.0257
245.63 16.0257
228.95 16.0257
228.95 16.0079
212.26 16.0079
195.58 16.0079
195.58 15.8346
178.90 15.8346
162.22 15.8346
379.08 18.4916
362.40 18.4916
345.72 18.4916
329.01 18.4916
312.35 18.4916
295.67 18.4916
278.99 18.4916
278.98 15.6737
262.30 15.6737
245.62 15.6737
228.94 15.6737
228.94 17.2171
212.26 17.2171
195.58 17.2171
178.90 17.2171
212.26 17.2623
195.58 17.2623
178.90 17.2623
195.59 16.4248
178.91 16.4248
162.23 16.4248
329.01 19.3509
312.31 19.3509
295.64 19.3509
278.95 19.3509
462.50 16.6434
445.80 16.6434
429.12 16.6434
412.44 16.6434
395.76 16.6434
379.08 16.6434
362.39 16.6434
345.72 16.6434
329.06 16.6434
312.35 16.6434
395.76 15.7588
379.08 15.7588
362.42 15.7588
345.71 15.7588
329.03 15.7588
312.35 15.7588
295.66 15.7588
278.98 15.7588
262.31 15.7588
245.63 15.7588
228.97 15.7588
278.99 19.0891
262.31 19.0891
245.63 19.0891
228.94 19.0891
212.26 19.0891
195.58 19.0891
178.90 19.0891
162.22 19.0891
195.58 15.8171
178.90 15.8171
162.24 15.8171
162.20 15.5266
145.54 15.5266
128.86 15.5266
112.18 15.5266
178.88 19.1654
162.20 19.1654
145.52 19.1654
178.90 17.2819
162.22 17.2819
145.54 17.2819
128.88 17.2819
178.91 15.9148
162.23 15.9148
145.55 15.9148
162.22 14.8933
145.54 14.8933
128.86 14.8933
112.18 14.8933
145.54 15.6462
128.88 15.6462
112.20 15.6462
228.95 17.2586
212.26 17.2586
195.58 17.2586
195.60 15.8109
178.90 15.8109
162.21 15.8109
162.22 16.3818
145.54 16.3818
128.86 16.3818
162.22 15.3964
145.50 15.3964
128.86 15.3964
178.88 18.2256
162.20 18.2256
145.52 18.2256
245.60 15.8324
228.94 15.8324
212.26 15.8324
195.58 15.8324
245.63 15.6325
228.95 15.6325
212.27 15.6325
195.58 15.6325
178.90 15.6325
162.22 15.6325
195.59 15.5851
178.91 15.5851
162.23 15.5851
162.22 17.1628
145.55 17.1628
128.86 17.1628
112.18 17.1628
162.22 16.2477
145.54 16.2477
128.86 16.2477
295.69 15.4012
279.01 15.4012
262.31 15.4012
262.31 19.3183
245.65 19.3183
228.94 19.3183
212.26 19.3183
195.57 19.3183
178.90 19.3183
162.21 19.3183
162.22 15.8958
145.52 15.8958
128.86 15.8958
162.22 16.5306
145.54 16.5306
128.86 16.5306
162.22 15.4782
145.54 15.4782
128.86 15.4782
162.23 18.6481
145.54 18.6481
128.86 18.6481
112.18 18.6481
195.58 15.9527
178.90 15.9527
162.24 15.9527
228.93 19.2528
212.25 19.2528
195.56 19.2528
178.88 19.2528
212.26 15.7435
195.58 15.7435
178.88 15.7435
162.20 15.7435
145.52 15.7435
128.84 15.7435
228.93 19.0884
212.26 19.0884
195.58 19.0884
312.35 16.199
295.67 16.199
279.01 16.199
262.33 16.199
345.72 16.162
329.03 16.162
312.33 16.162
295.65 16.162
278.99 16.162
262.31 16.162
245.63 16.162
228.95 16.162
212.26 16.162
312.37 16.9807
295.67 16.9807
279.01 16.9807
262.31 16.9807
245.63 16.9807
228.95 16.9807
212.26 16.9807
212.27 19.113
195.61 19.113
178.93 19.113
195.60 17.6162
178.92 17.6162
162.24 17.6162
145.54 17.6162
262.29 19.2268
245.61 19.2268
228.92 19.2268
212.25 19.2268
212.28 17.5328
195.62 17.5328
178.94 17.5328
212.29 16.3636
195.59 16.3636
178.91 16.3636
162.23 16.3636
228.97 17.3952
212.26 17.3952
195.60 17.3952
212.25 17.442
195.57 17.442
178.90 17.442
162.21 17.442
145.53 17.442
128.85 17.442
112.17 17.442
212.26 19.0778
195.59 19.0778
178.90 19.0778
295.67 16.062
278.98 16.062
262.31 16.062
245.62 16.062
245.63 19.1677
228.95 19.1677
212.27 19.1677
212.24 17.0572
195.59 17.0572
178.90 17.0572
162.22 17.0572
162.22 16.7937
145.54 16.7937
128.86 16.7937
178.91 19.2892
162.22 19.2892
145.55 19.2892
262.30 19.2914
245.62 19.2914
228.94 19.2914
329.04 16.1326
312.35 16.1326
295.67 16.1326
278.98 16.1326
262.30 16.1326
245.62 16.1326
228.94 16.1326
345.71 19.1364
329.02 19.1364
312.35 19.1364
295.67 19.1364
279.01 19.1364
262.31 19.1364
245.63 19.1364
279.00 17.5681
262.31 17.5681
245.63 17.5681
228.97 17.5681
212.26 17.5681
195.58 17.5681
178.91 17.5681
162.21 17.5681
145.54 17.5681
128.88 17.5681
212.28 18.8007
195.59 18.8007
178.92 18.8007
178.92 15.9964
162.22 15.9964
145.53 15.9964
128.86 15.9964
162.20 15.8135
145.52 15.8135
128.86 15.8135
162.21 16.6524
145.56 16.6524
128.88 16.6524
112.20 16.6524
162.21 16.0687
145.56 16.0687
128.88 16.0687
228.95 16.2586
212.26 16.2586
195.58 16.2586
178.90 16.2586
178.93 16.3626
162.23 16.3626
145.55 16.3626
178.90 17.3329
162.22 17.3329
145.54 17.3329
162.21 16.1162
145.54 16.1162
128.85 16.1162
112.18 16.1162
178.88 16.6579
162.20 16.6579
145.52 16.6579
245.63 18.8962
228.94 18.8962
212.26 18.8962
195.58 18.8962
195.58 16.4575
178.91 16.4575
162.23 16.4575
212.25 17.3524
195.56 17.3524
178.88 17.3524
162.19 17.3524
295.67 16.8146
279.02 16.8146
262.32 16.8146
262.32 15.6732
245.64 15.6732
228.96 15.6732
228.95 19.2333
212.26 19.2333
195.58 19.2333
178.90 19.2333
178.89 16.5966
162.22 16.5966
145.54 16.5966
145.56 15.6992
128.85 15.6992
112.18 15.6992
128.86 16.133
112.18 16.133
95.50 16.133
162.22 15.6786
145.53 15.6786
128.85 15.6786
212.26 16.0241
195.58 16.0241
178.90 16.0241
178.90 15.7947
162.22 15.7947
145.54 15.7947
128.86 15.7947
112.20 15.7947
95.52 15.7947
162.25 17.2971
145.57 17.2971
128.86 17.2971
295.67 18.4419
278.99 18.4419
262.31 18.4419
262.31 19.0827
245.63 19.0827
228.95 19.0827
228.95 16.8341
212.26 16.8341
195.57 16.8341
195.58 15.9417
178.90 15.9417
162.21 15.9417
162.22 16.3098
145.56 16.3098
128.87 16.3098
278.96 15.5918
262.29 15.5918
245.61 15.5918
245.62 16.49
228.96 16.49
212.26 16.49
212.28 19.0151
195.58 19.0151
178.91 19.0151
162.25 19.0151
162.20 15.8383
145.54 15.8383
128.84 15.8383
145.55 16.5716
128.88 16.5716
112.18 16.5716
245.63 19.1923
228.93 19.1923
212.24 19.1923
212.24 16.3962
195.54 16.3962
178.90 16.3962
195.59 16.0136
178.90 16.0136
162.24 16.0136
162.22 17.4899
145.54 17.4899
128.86 17.4899
145.54 15.7638
128.88 15.7638
112.20 15.7638
128.88 16.6687
112.20 16.6687
95.51 16.6687
145.57 16.2114
128.89 16.2114
112.19 16.2114
212.26 17.3398
195.60 17.3398
178.90 17.3398
178.90 16.5548
162.20 16.5548
145.54 16.5548
162.22 18.46
145.56 18.46
128.86 18.46
245.65 15.8448
228.93 15.8448
212.26 15.8448
212.24 16.3959
195.56 16.3959
178.88 16.3959
195.60 16.4241
178.92 16.4241
162.22 16.4241
145.56 16.4241
145.54 17.2035
128.86 17.2035
112.18 17.2035
145.56 18.5925
128.86 18.5925
112.18 18.5925
128.86 15.9913
112.18 15.9913
95.49 15.9913
145.56 16.0657
128.86 16.0657
112.18 16.0657
245.63 17.2946
228.94 17.2946
212.26 17.2946
212.26 16.0689
195.60 16.0689
178.90 16.0689
228.94 18.9679
212.28 18.9679
195.58 18.9679
178.90 18.9679
162.22 18.9679
145.54 18.9679
128.86 18.9679
128.86 16.6364
112.18 16.6364
95.50 16.6364
162.23 19.2086
145.55 19.2086
128.87 19.2086
212.26 16.5499
195.58 16.5499
178.90 16.5499
312.35 18.9572
295.67 18.9572
278.99 18.9572
262.31 18.9572
245.63 18.9572
228.94 18.9572
228.94 15.9527
212.26 15.9527
195.58 15.9527
195.58 17.329
178.90 17.329
162.22 17.329
178.90 16.734
162.22 16.734
145.53 16.734
162.22 16.58
145.54 16.58
128.86 16.58
279.00 19.0203
262.33 19.0203
245.65 19.0203
228.97 19.0203
228.94 16.7644
212.26 16.7644
195.58 16.7644
195.56 16.6511
178.90 16.6511
162.20 16.6511
145.53 16.6511
145.52 17.4281
128.85 17.4281
112.16 17.4281
162.24 16.0194
145.52 16.0194
128.88 16.0194
329.03 18.9901
312.35 18.9901
295.67 18.9901
279.01 18.9901
329.04 18.9254
312.35 18.9254
295.69 18.9254
295.67 15.4354
278.99 15.4354
262.31 15.4354
245.63 15.4354
245.62 15.6262
228.94 15.6262
212.26 15.6262
195.60 15.6262
178.92 15.6262
162.22 15.6262
178.92 16.5305
162.22 16.5305
145.54 16.5305
128.86 16.5305
112.18 16.5305
95.50 16.5305
145.54 16.0826
128.84 16.0826
112.16 16.0826
262.31 18.8846
245.62 18.8846
228.94 18.8846
228.95 16.7607
212.27 16.7607
195.59 16.7607
195.59 17.3529
178.90 17.3529
162.22 17.3529
145.56 17.3529
145.56 16.7283
128.88 16.7283
112.18 16.7283
162.22 15.6754
145.54 15.6754
128.86 15.6754
279.01 15.8704
262.31 15.8704
245.63 15.8704
228.93 15.8704
228.93 19.1233
212.26 19.1233
195.56 19.1233
195.56 16.0956
178.88 16.0956
162.20 16.0956
145.52 16.0956
162.22 15.4358
145.56 15.4358
128.86 15.4358
145.54 16.4719
128.88 16.4719
112.20 16.4719
195.58 15.9223
178.92 15.9223
162.24 15.9223
162.24 16.0462
145.54 16.0462
128.88 16.0462
145.52 16.3727
128.86 16.3727
112.16 16.3727
95.48 16.3727
145.54 16.0225
128.86 16.0225
112.18 16.0225
195.60 18.0951
178.90 18.0951
162.24 18.0951
162.22 15.8316
145.56 15.8316
128.85 15.8316
145.54 19.0812
128.86 19.0812
112.18 19.0812
145.54 16.2393
128.86 16.2393
112.17 16.2393
145.54 17.1624
128.83 17.1624
112.18 17.1624
228.95 19.071
212.26 19.071
195.60 19.071
178.90 19.071
262.29 16.0868
245.61 16.0868
228.93 16.0868
228.95 17.3525
212.26 17.3525
195.58 17.3525
178.90 17.3525
162.24 17.3525
145.56 17.3525
228.96 16.4739
212.26 16.4739
195.60 16.4739
279.00 17.3039
262.30 17.3039
245.64 17.3039
228.96 17.3039
228.95 15.9601
212.27 15.9601
195.59 15.9601
178.90 15.9601
162.24 15.9601
145.54 15.9601
128.86 15.9601
178.90 16.2023
162.22 16.2023
145.54 16.2023
279.00 17.2677
262.31 17.2677
245.63 17.2677
245.63 15.7971
228.95 15.7971
212.26 15.7971
212.26 16.6039
195.58 16.6039
178.88 16.6039
162.22 16.6039
195.56 16.005
178.88 16.005
162.22 16.005
178.90 16.2641
162.22 16.2641
145.56 16.2641
212.26 18.9996
195.58 18.9996
178.92 18.9996
162.24 18.9996
162.20 15.9052
145.52 15.9052
128.84 15.9052
162.20 15.0813
145.52 15.0813
128.84 15.0813
112.18 15.0813
95.50 15.0813
145.52 15.8461
128.84 15.8461
112.16 15.8461
128.88 16.2546
112.17 16.2546
95.50 16.2546
128.86 15.5251
112.18 15.5251
95.47 15.5251
178.90 15.4875
162.24 15.4875
145.56 15.4875
145.56 15.4289
128.88 15.4289
162.20 16.136
145.52 16.136
128.84 16.136
145.54 16.8577
128.88 16.8577
112.17 16.8577
162.24 15.717
145.54 15.717
128.84 15.717
195.58 16.2247
178.90 16.2247
162.24 16.2247
162.22 15.9225
145.54 15.9225
128.88 15.9225
162.22 15.3461
145.54 15.3461
128.86 15.3461
278.99 16.1854
262.31 16.1854
245.59 16.1854
245.62 19.0232
228.94 19.0232
212.26 19.0232
212.26 15.5848
195.58 15.5848
178.90 15.5848
178.90 15.6979
162.22 15.6979
145.54 15.6979
128.86 15.6979
162.22 17.4648
145.54 17.4648
128.86 17.4648
278.97 16.3271
262.29 16.3271
245.61 16.3271
245.61 16.5118
228.93 16.5118
212.25 16.5118
228.93 19.1693
212.26 19.1693
195.58 19.1693
195.56 16.6375
178.90 16.6375
162.20 16.6375
162.24 15.9772
145.54 15.9772
128.88 15.9772
2414.22 15.6751
2397.55 15.6751
2380.87 15.6751
9253.55 16.1865
9236.89 16.1865
9220.21 16.1865
9220.21 17.139
9203.53 17.139
9186.82 17.139
9170.17 17.139
9170.15 15.4586
9153.46 15.4586
9136.78 15.4586
9186.85 14.6909
9170.17 14.6909
9153.49 14.6909
9136.80 14.6909
9136.78 16.2888
9120.10 16.2888
9103.44 16.2888
9103.42 15.7884
9086.76 15.7884
9070.08 15.7884
9053.36 15.7884
9036.69 15.7884
9020.01 15.7884
9003.35 15.7884
8986.65 15.7884
8969.97 15.7884
8953.28 15.7884
8936.61 15.7884
8919.93 15.7884
8903.24 15.7884
8903.24 15.2598
8886.56 15.2598
8869.88 15.2598
8853.20 15.2598
8836.54 15.2598
8819.84 15.2598
8803.16 15.2598
8786.48 15.2598
8769.79 15.2598
8753.11 15.2598
8753.11 13.9212
8736.43 13.9212
8719.75 13.9212
8703.07 13.9212
8686.39 13.9212
8669.71 13.9212
8653.02 13.9212
8636.34 13.9212
8619.66 13.9212
8602.98 13.9212
8602.96 12.9422
8586.30 12.9422
8569.62 12.9422
8552.93 12.9422
8536.25 12.9422
8519.57 12.9422
8502.89 12.9422
8486.21 12.9422
8486.21 13.4627
8469.53 13.4627
8452.85 13.4627
8436.17 13.4627
8419.48 13.4627
8402.80 13.4627
8386.12 13.4627
8369.44 13.4627
8369.44 12.4984
8352.76 12.4984
8336.08 12.4984
8319.40 12.4984
8302.74 12.4984
8286.03 12.4984
8269.35 12.4984
8252.67 12.4984
8252.65 12.0189
8235.99 12.0189
8219.31 12.0189
8202.63 12.0189
8185.94 12.0189
8169.26 12.0189
8152.58 12.0189
8135.92 12.0189
8135.90 12.319
8119.24 12.319
8102.54 12.319
8085.88 12.319
8069.18 12.319
8052.49 12.319
8035.81 12.319
8019.13 12.319
8019.13 11.6002
8002.45 11.6002
7985.77 11.6002
7969.09 11.6002
7952.43 11.6002
7935.72 11.6002
7919.04 11.6002
7902.36 11.6002
7902.36 12.5001
7885.68 12.5001
7869.02 12.5001
7852.31 12.5001
7835.64 12.5001
7818.95 12.5001
7802.27 12.5001
7785.59 12.5001
7785.59 11.9332
7768.91 11.9332
7752.23 11.9332
7735.55 11.9332
7718.87 11.9332
7702.19 11.9332
7685.50 11.9332
7668.82 11.9332
7652.14 11.9332
7652.14 11.8995
7635.46 11.8995
7618.78 11.8995
7602.10 11.8995
7585.42 11.8995
7568.73 11.8995
7552.05 11.8995
7535.37 11.8995
7518.69 11.8995
7518.69 12.0307
7502.01 12.0307
7485.28 12.0307
7468.65 12.0307
7451.97 12.0307
7435.28 12.0307
7418.60 12.0307
7401.92 12.0307
7385.24 12.0307
7368.56 12.0307
7368.56 11.4483
7351.88 11.4483
7335.19 11.4483
7318.51 11.4483
7301.83 11.4483
7285.17 11.4483
7268.47 11.4483
7251.79 11.4483
7235.11 11.4483
7235.11 11.9358
7218.43 11.9358
7201.74 11.9358
7185.06 11.9358
7168.38 11.9358
7151.72 11.9358
7135.00 11.9358
7118.34 11.9358
7101.64 11.9358
7084.97 11.9358
7084.97 11.1098
7068.28 11.1098
7051.60 11.1098
7034.93 11.1098
7018.23 11.1098
7001.59 11.1098
6984.88 11.1098
6968.20 11.1098
6968.23 11.6668
6951.52 11.6668
6934.84 11.6668
6918.15 11.6668
6901.48 11.6668
6884.79 11.6668
6868.08 11.6668
6851.44 11.6668
6834.77 11.6668
6834.77 11.7285
6818.07 11.7285
6801.39 11.7285
6784.71 11.7285
6768.02 11.7285
6751.34 11.7285
6734.67 11.7285
6717.98 11.7285
6701.30 11.7285
6701.32 11.3419
6684.60 11.3419
6667.96 11.3419
6651.26 11.3419
6634.58 11.3419
6617.89 11.3419
6601.21 11.3419
6584.53 11.3419
6567.85 11.3419
6551.17 11.3419
6551.17 10.7039
6534.49 10.7039
6517.78 10.7039
6501.13 10.7039
6484.46 10.7039
6467.76 10.7039
6451.07 10.7039
6434.39 10.7039
6417.71 10.7039
6417.71 9.63596
6401.04 9.63596
6384.35 9.63596
6367.67 9.63596
6350.99 9.63596
6334.31 9.63596
6317.62 9.63596
6300.94 9.63596
6284.26 9.63596
6284.26 9.97191
6267.57 9.97191
6250.90 9.97191
6234.22 9.97191
6217.53 9.97191
6200.85 9.97191
6184.18 9.97191
6167.49 9.97191
6150.84 9.97191
6134.15 9.97191
6117.45 9.97191
6117.47 9.40621
6100.79 9.40621
6084.08 9.40621
6067.41 9.40621
6050.73 9.40621
6034.07 9.40621
6017.36 9.40621
6000.70 9.40621
5984.02 9.40621
5967.32 9.40621
5950.66 9.40621
5950.66 10.4184
5933.98 10.4184
5917.30 10.4184
5900.62 10.4184
5883.94 10.4184
5867.25 10.4184
5850.57 10.4184
5833.89 10.4184
5817.21 10.4184
5800.53 10.4184
5800.53 9.16833
5783.85 9.16833
5767.17 9.16833
5750.49 9.16833
5733.81 9.16833
5717.13 9.16833
5700.44 9.16833
5683.76 9.16833
5667.06 9.16833
5650.38 9.16833
5650.38 8.99091
5633.72 8.99091
5617.03 8.99091
5600.33 8.99091
5583.67 8.99091
5566.99 8.99091
5550.31 8.99091
5533.61 8.99091
5516.94 8.99091
5500.26 8.99091
5483.58 8.99091
5483.58 8.99259
5466.90 8.99259
5450.22 8.99259
5433.54 8.99259
5416.85 8.99259
5400.18 8.99259
5383.49 8.99259
5366.81 8.99259
5350.11 8.99259
5333.43 8.99259
5333.43 8.94631
5316.75 8.94631
5300.07 8.94631
5283.39 8.94631
5266.70 8.94631
5250.04 8.94631
5233.36 8.94631
5216.66 8.94631
5199.98 8.94631
5183.30 8.94631
5183.30 9.09541
5166.61 9.09541
5149.93 9.09541
5133.25 9.09541
5116.59 9.09541
5099.89 9.09541
5083.21 9.09541
5066.53 9.09541
5049.84 9.09541
5033.16 9.09541
5016.48 9.09541
5016.48 9.06278
4999.80 9.06278
4983.12 9.06278
4966.44 9.06278
4949.76 9.06278
4933.07 9.06278
4916.39 9.06278
4899.71 9.06278
4883.03 9.06278
4866.35 9.06278
4849.69 9.06278
4832.99 9.06278
4832.99 9.08671
4816.31 9.08671
4799.62 9.08671
4782.95 9.08671
4766.26 9.08671
4749.58 9.08671
4732.90 9.08671
4716.22 9.08671
4699.56 9.08671
4682.85 9.08671
4666.19 9.08671
4666.19 8.95471
4649.49 8.95471
4632.81 8.95471
4616.13 8.95471
4599.45 8.95471
4582.77 8.95471
4566.09 8.95471
4549.40 8.95471
4532.74 8.95471
4516.06 8.95471
4499.36 8.95471
4482.70 8.95471
4482.70 8.99876
4466.02 8.99876
4449.34 8.99876
4432.60 8.99876
4415.97 8.99876
4399.27 8.99876
4382.61 8.99876
4365.93 8.99876
4349.25 8.99876
4332.57 8.99876
4315.89 8.99876
4299.20 8.99876
4299.20 8.79966
4282.52 8.79966
4265.82 8.79966
4249.16 8.79966
4232.48 8.79966
4215.78 8.79966
4199.09 8.79966
4182.41 8.79966
4165.73 8.79966
4149.05 8.79966
4132.37 8.79966
4115.68 8.79966
4115.69 8.8912
4099.01 8.8912
4082.33 8.8912
4065.64 8.8912
4048.96 8.8912
4032.28 8.8912
4015.60 8.8912
3998.92 8.8912
3982.24 8.8912
3965.55 8.8912
3948.87 8.8912
3932.19 8.8912
3932.19 8.81294
3915.53 8.81294
3898.85 8.81294
3882.15 8.81294
3865.47 8.81294
3848.79 8.81294
3832.11 8.81294
3815.42 8.81294
3798.74 8.81294
3782.06 8.81294
3765.40 8.81294
3748.72 8.81294
3748.72 8.77457
3732.02 8.77457
3715.34 8.77457
3698.67 8.77457
3681.99 8.77457
3665.31 8.77457
3648.63 8.77457
3631.95 8.77457
3615.27 8.77457
3598.59 8.77457
3581.90 8.77457
3565.22 8.77457
3565.23 8.7676
3548.55 8.7676
3531.87 8.7676
3515.19 8.7676
3498.49 8.7676
3481.83 8.7676
3465.12 8.7676
3448.44 8.7676
3431.78 8.7676
3415.10 8.7676
3398.40 8.7676
3381.74 8.7676
3381.71 8.93468
3365.04 8.93468
3348.34 8.93468
3331.66 8.93468
3314.97 8.93468
3298.30 8.93468
3281.62 8.93468
3264.93 8.93468
3248.26 8.93468
3231.57 8.93468
3214.89 8.93468
3214.89 8.86866
3198.23 8.86866
3181.55 8.86866
3164.87 8.86866
3148.17 8.86866
3131.49 8.86866
3114.80 8.86866
3098.09 8.86866
3081.46 8.86866
3064.76 8.86866
3048.08 8.86866
3031.40 8.86866
3031.40 8.87686
3014.72 8.87686
2998.04 8.87686
2981.38 8.87686
2964.70 8.87686
2948.00 8.87686
2931.33 8.87686
2914.63 8.87686
2897.95 8.87686
2881.27 8.87686
2864.59 8.87686
2847.93 8.87686
2847.90 9.00697
2831.24 9.00697
2814.56 9.00697
2797.88 9.00697
2781.20 9.00697
2764.50 9.00697
2747.84 9.00697
2731.13 9.00697
2714.47 9.00697
2697.79 9.00697
2681.11 9.00697
2664.43 9.00697
2664.41 8.99612
2647.73 8.99612
2631.07 8.99612
2614.37 8.99612
2597.69 8.99612
2581.01 8.99612
2564.35 8.99612
2547.66 8.99612
2530.96 8.99612
2514.28 8.99612
2497.60 8.99612
2480.92 8.99612
2480.91 8.98649
2464.23 8.98649
2447.55 8.98649
2430.89 8.98649
2414.19 8.98649
2397.53 8.98649
2380.82 8.98649
2364.14 8.98649
2347.46 8.98649
2330.80 8.98649
2314.12 8.98649
2314.12 9.04385
2297.44 9.04385
2280.74 9.04385
2264.07 9.04385
2247.37 9.04385
2230.69 9.04385
2214.03 9.04385
2197.33 9.04385
2180.67 9.04385
2163.97 9.04385
2147.28 9.04385
2130.62 9.04385
2130.60 9.00651
2113.92 9.00651
2097.24 9.00651
2080.56 9.00651
2063.88 9.00651
2047.20 9.00651
2030.52 9.00651
2013.83 9.00651
1997.15 9.00651
1980.47 9.00651
1963.79 9.00651
1947.11 9.00651
1947.13 9.15215
1930.45 9.15215
1913.74 9.15215
1897.08 9.15215
1880.40 9.15215
1863.72 9.15215
1847.04 9.15215
1830.36 9.15215
1813.68 9.15215
1796.99 9.15215
1780.31 9.15215
1763.63 9.15215
1763.63 9.02142
1746.95 9.02142
1730.27 9.02142
1713.59 9.02142
1696.91 9.02142
1680.23 9.02142
1663.55 9.02142
1646.86 9.02142
1630.18 9.02142
1613.50 9.02142
1596.82 9.02142
1596.82 9.10249
1580.14 9.10249
1563.46 9.10249
1546.78 9.10249
1530.09 9.10249
1513.41 9.10249
1496.73 9.10249
1480.05 9.10249
1463.37 9.10249
1446.69 9.10249
1446.69 9.21888
1430.01 9.21888
1413.33 9.21888
1396.64 9.21888
1379.96 9.21888
1363.28 9.21888
1346.60 9.21888
1329.92 9.21888
1313.24 9.21888
1296.56 9.21888
1279.87 9.21888
1279.87 9.14804
1263.19 9.14804
1246.51 9.14804
1229.83 9.14804
1213.15 9.14804
1196.47 9.14804
1179.79 9.14804
1163.09 9.14804
1146.42 9.14804
1129.74 9.14804
1113.06 9.14804
1096.38 9.14804
1096.38 9.11447
1079.70 9.11447
1063.01 9.11447
1046.33 9.11447
1029.65 9.11447
1012.97 9.11447
996.29 9.11447
979.61 9.11447
962.93 9.11447
946.25 9.11447
929.56 9.11447
912.88 9.11447
912.88 9.09887
896.20 9.09887
879.51 9.09887
862.84 9.09887
846.16 9.09887
829.48 9.09887
812.79 9.09887
796.11 9.09887
779.43 9.09887
762.75 9.09887
746.07 9.09887
729.39 9.09887
729.38 9.89144
712.71 9.89144
696.02 9.89144
679.34 9.89144
662.66 9.89144
645.98 9.89144
629.30 9.89144
612.62 9.89144
595.94 9.89144
579.25 9.89144
562.58 9.89144
562.57 13.1605
545.89 13.1605
529.21 13.1605
512.53 13.1605
495.85 13.1605
479.17 13.1605
462.49 13.1605
445.80 13.1605
429.12 13.1605
412.44 13.1605
395.76 13.1605
395.76 14.8364
379.08 14.8364
362.40 14.8364
362.40 10.7486
345.71 10.7486
329.03 10.7486
329.04 11.859
312.36 11.859
295.68 11.859
295.67 9.01549
278.99 9.01549
262.31 9.01549
262.31 14.3373
245.63 14.3373
228.95 14.3373
228.95 9.04487
212.26 9.04487
195.58 9.04487
195.58 15.6263
178.90 15.6263
162.22 15.6263
162.22 9.38727
145.54 9.38727
128.86 9.38727
178.90 14.7038
162.22 14.7038
145.54 14.7038
145.54 14.4208
128.86 14.4208
112.18 14.4208
178.90 15.3048
162.22 15.3048
145.54 15.3048
195.58 14.9505
178.90 14.9505
162.22 14.9505
145.54 14.9505
145.54 14.1211
128.86 14.1211
112.18 14.1211
195.58 15.414
178.90 15.414
162.22 15.414
145.54 15.414
195.58 16.4011
178.90 16.4011
162.22 16.4011
162.22 15.5982
145.54 15.5982
128.86 15.5982
145.54 15.3627
128.86 15.3627
112.18 15.3627
162.22 15.2996
145.54 15.2996
128.86 15.2996
312.35 15.8465
295.67 15.8465
278.99 15.8465
262.31 15.8465
329.03 17.9982
312.35 17.9982
295.67 17.9982
379.08 17.5602
362.40 17.5602
345.72 17.5602
329.04 17.5602
312.35 17.5602
295.67 17.5602
278.99 17.5602
262.31 17.5602
245.63 17.5602
228.95 17.5602
212.26 17.5602
195.58 17.5602
178.90 17.5602
162.22 17.5602
145.54 17.5602
262.31 16.6162
245.63 16.6162
228.95 16.6162
212.26 16.6162
329.06 17.9513
312.37 17.9513
295.69 17.9513
279.01 17.9513
279.01 15.5733
262.33 15.5733
245.65 15.5733
228.97 15.5733
212.29 15.5733
195.60 15.5733
178.92 15.5733
212.27 17.9772
195.60 17.9772
178.92 17.9772
162.24 17.9772
262.33 16.67
245.63 16.67
228.97 16.67
212.28 16.67
212.26 18.2446
195.58 18.2446
178.92 18.2446
245.60 16.8613
228.92 16.8613
212.25 16.8613
312.35 15.2809
295.65 15.2809
278.99 15.2809
262.31 15.2809
262.31 16.0084
245.60 16.0084
228.95 16.0084
212.27 16.0084
195.61 16.0084
178.93 16.0084
162.22 16.0084
178.90 15.4859
162.24 15.4859
145.54 15.4859
128.88 15.4859
162.22 14.9005
145.54 14.9005
128.84 14.9005
112.16 14.9005
145.52 18.2377
128.86 18.2377
112.18 18.2377
278.97 14.6416
262.29 14.6416
245.61 14.6416
245.63 15.8639
228.95 15.8639
212.25 15.8639
245.63 17.0376
228.95 17.0376
212.25 17.0376
212.25 16.1293
195.58 16.1293
178.90 16.1293
178.90 15.3863
162.22 15.3863
145.52 15.3863
195.56 16.3217
178.88 16.3217
162.22 16.3217
145.50 16.3217
162.20 15.6035
145.52 15.6035
128.86 15.6035
329.04 15.9575
312.37 15.9575
295.69 15.9575
279.00 15.9575
295.67 18.3998
278.99 18.3998
262.29 18.3998
245.63 18.3998
228.95 18.3998
212.26 18.3998
195.56 18.3998
178.90 18.3998
162.20 18.3998
145.54 18.3998
195.56 17.1152
178.90 17.1152
162.20 17.1152
145.52 17.1152
145.55 16.0141
128.87 16.0141
112.20 16.0141
95.50 16.0141
145.56 18.8389
128.86 18.8389
112.18 18.8389
279.01 17.0817
262.33 17.0817
245.65 17.0817
245.63 15.5573
228.95 15.5573
212.26 15.5573
212.26 16.203
195.58 16.203
178.90 16.203
162.22 16.203
245.63 15.6736
228.95 15.6736
212.26 15.6736
195.58 15.6736
178.89 15.6736
162.22 15.6736
145.54 15.6736
162.20 16.5818
145.52 16.5818
128.84 16.5818
112.18 16.5818
228.96 18.9023
212.28 18.9023
195.58 18.9023
195.59 18.8545
178.93 18.8545
162.24 18.8545
162.22 16.0416
145.54 16.0416
128.86 16.0416
262.31 16.4392
245.63 16.4392
228.93 16.4392
228.95 17.0805
212.26 17.0805
195.59 17.0805
178.92 17.0805
162.24 17.0805
145.56 17.0805
178.94 16.4055
162.25 16.4055
145.56 16.4055
145.56 17.1995
128.86 17.1995
112.18 17.1995
145.54 15.8521
128.86 15.8521
112.17 15.8521
195.60 15.9168
178.90 15.9168
162.24 15.9168
162.24 15.1481
145.54 15.1481
128.86 15.1481
145.54 16.8947
128.85 16.8947
112.18 16.8947
95.47 16.8947
128.86 16.0381
112.18 16.0381
95.51 16.0381
195.58 15.8416
178.90 15.8416
162.22 15.8416
162.22 15.158
145.53 15.158
128.86 15.158
162.20 16.3668
145.52 16.3668
128.84 16.3668
162.22 15.6551
145.54 15.6551
128.86 15.6551
112.18 15.6551
162.22 16.0264
145.54 16.0264
128.86 16.0264
245.63 18.9963
228.95 18.9963
212.26 18.9963
195.58 18.9963
262.29 15.4755
245.61 15.4755
228.93 15.4755
228.93 18.4602
212.24 18.4602
195.58 18.4602
178.90 18.4602
162.20 18.4602
145.52 18.4602
128.84 18.4602
195.59 16.4081
178.88 16.4081
162.22 16.4081
278.97 17.3283
262.29 17.3283
245.61 17.3283
228.93 17.3283
228.94 19.1226
212.24 19.1226
195.58 19.1226
195.60 18.8665
178.92 18.8665
162.22 18.8665
145.54 18.8665
162.19 15.397
145.54 15.397
128.87 15.397
112.18 15.397
178.90 18.5619
162.22 18.5619
145.54 18.5619
178.90 17.5385
162.21 17.5385
145.54 17.5385
128.88 17.5385
178.90 15.4166
162.20 15.4166
145.52 15.4166
278.97 16.4263
262.31 16.4263
245.61 16.4263
228.93 16.4263
329.04 15.3648
312.37 15.3648
295.68 15.3648
312.35 17.3644
295.65 17.3644
278.99 17.3644
262.29 17.3644
245.63 17.3644
228.91 17.3644
212.24 17.3644
195.58 17.3644
178.88 17.3644
162.22 17.3644
195.56 15.6829
178.88 15.6829
162.20 15.6829
162.22 16.3862
145.56 16.3862
128.88 16.3862
112.20 16.3862
162.24 16.0233
145.56 16.0233
128.86 16.0233
295.69 19.0973
278.99 19.0973
262.31 19.0973
262.33 17.1627
245.65 17.1627
228.97 17.1627
228.95 15.8685
212.24 15.8685
195.56 15.8685
178.88 15.8685
228.95 16.6595
212.26 16.6595
195.60 16.6595
178.92 16.6595
162.22 16.6595
145.54 16.6595
178.90 15.1926
162.22 15.1926
145.54 15.1926
212.28 15.3958
195.58 15.3958
178.90 15.3958
162.21 15.3958
162.22 15.5506
145.56 15.5506
128.88 15.5506
145.54 16.926
128.86 16.926
112.18 16.926
95.49 16.926
145.52 15.3233
128.84 15.3233
112.16 15.3233
162.22 15.7516
145.56 15.7516
128.88 15.7516
178.90 14.6969
162.24 14.6969
145.53 14.6969
162.24 14.88
145.54 14.88
128.88 14.88
178.93 16.1821
162.25 16.1821
145.57 16.1821
128.89 16.1821
162.23 15.3907
145.55 15.3907
128.88 15.3907
145.56 15.7702
128.86 15.7702
112.18 15.7702
95.49 15.7702
145.55 15.1871
128.86 15.1871
112.18 15.1871
145.54 14.7313
128.86 14.7313
112.18 14.7313
195.57 15.9569
178.93 15.9569
162.23 15.9569
162.25 16.2839
145.57 16.2839
128.86 16.2839
278.98 18.8886
262.30 18.8886
245.65 18.8886
228.97 18.8886
228.94 15.164
212.26 15.164
195.57 15.164
195.58 19.1425
178.90 19.1425
162.20 19.1425
162.22 15.0013
145.54 15.0013
128.86 15.0013
212.26 16.1961
195.58 16.1961
178.93 16.1961
278.96 16.9199
262.28 16.9199
245.63 16.9199
245.61 15.3895
228.93 15.3895
212.25 15.3895
262.31 14.9347
245.62 14.9347
228.95 14.9347
212.26 14.9347
212.26 17.3394
195.58 17.3394
178.92 17.3394
162.22 17.3394
162.22 16.3789
145.54 16.3789
128.86 16.3789
195.56 16.218
178.88 16.218
162.22 16.218
145.54 16.218
162.22 16.0468
145.54 16.0468
128.86 16.0468
128.86 14.6518
112.16 14.6518
95.47 14.6518
128.86 15.4958
112.19 15.4958
212.27 17.2226
195.61 17.2226
178.93 17.2226
178.92 18.9633
162.24 18.9633
145.56 18.9633
195.58 16.4842
178.88 16.4842
162.20 16.4842
262.29 15.4724
245.63 15.4724
228.95 15.4724
228.97 19.1587
212.29 19.1587
195.61 19.1587
195.58 16.5222
178.90 16.5222
162.20 16.5222
145.52 16.5222
195.56 15.6831
178.90 15.6831
162.22 15.6831
178.90 18.9696
162.20 18.9696
145.54 18.9696
329.04 16.1786
312.35 16.1786
295.67 16.1786
278.99 16.1786
379.08 15.4516
362.40 15.4516
345.72 15.4516
345.69 17.2848
329.03 17.2848
312.35 17.2848
295.67 17.2848
278.99 17.2848
262.31 17.2848
245.63 17.2848
228.94 17.2848
212.26 17.2848
195.58 17.2848
178.90 17.2848
245.60 17.3778
228.95 17.3778
212.26 17.3778
195.58 17.3778
212.26 16.5465
195.57 16.5465
178.90 16.5465
162.24 16.5465
145.56 16.5465
178.90 15.4118
162.22 15.4118
145.56 15.4118
178.90 15.1983
162.24 15.1983
145.56 15.1983
128.88 15.1983
178.92 15.7868
162.24 15.7868
145.54 15.7868
145.56 15.5564
128.86 15.5564
112.18 15.5564
162.20 14.9062
145.54 14.9062
128.84 14.9062
195.58 17.2942
178.90 17.2942
162.20 17.2942
162.22 15.9928
145.54 15.9928
128.86 15.9928
178.88 16.5359
162.22 16.5359
145.54 16.5359
145.56 14.8303
128.88 14.8303
112.18 14.8303
212.29 15.7978
195.61 15.7978
178.93 15.7978
212.28 15.6545
195.60 15.6545
178.88 15.6545
195.58 19.0226
178.90 19.0226
162.22 19.0226
195.60 16.9444
178.90 16.9444
162.22 16.9444
345.72 17.2432
329.01 17.2432
312.33 17.2432
295.65 17.2432
295.67 15.37
278.98 15.37
262.31 15.37
245.65 15.37
228.94 15.37
212.26 15.37
195.58 15.37
228.95 15.878
212.27 15.878
195.58 15.878
195.58 16.3611
178.90 16.3611
162.22 16.3611
145.53 16.3611
178.92 18.0948
162.24 18.0948
145.53 18.0948
128.88 18.0948
162.22 16.4554
145.54 16.4554
128.88 16.4554
178.90 15.782
162.22 15.782
145.56 15.782
278.97 15.4732
262.29 15.4732
245.61 15.4732
228.95 15.4732
228.93 17.3504
212.24 17.3504
195.56 17.3504
212.25 18.7423
195.56 18.7423
178.88 18.7423
162.20 18.7423
162.24 16.6638
145.54 16.6638
128.86 16.6638
178.90 15.3465
162.24 15.3465
145.56 15.3465
162.22 16.0369
145.53 16.0369
128.86 16.0369
212.25 18.3556
195.58 18.3556
178.90 18.3556
312.35 14.487
295.69 14.487
278.99 14.487
262.33 14.487
262.31 15.6702
245.63 15.6702
228.94 15.6702
212.28 15.6702
195.60 15.6702
178.92 15.6702
162.20 15.6702
178.90 14.8702
162.24 14.8702
145.56 14.8702
128.88 14.8702
178.90 15.5103
162.20 15.5103
145.52 15.5103
128.84 15.5103
145.54 14.9235
128.88 14.9235
112.19 14.9235
162.22 15.3655
145.52 15.3655
128.83 15.3655
178.91 16.1875
162.22 16.1875
145.56 16.1875
228.93 17.8892
212.26 17.8892
195.58 17.8892
178.88 17.8892
278.97 18.866
262.31 18.866
245.61 18.866
245.65 15.5817
228.97 15.5817
212.26 15.5817
212.25 15.1729
195.54 15.1729
178.86 15.1729
162.20 15.1729
178.90 15.6103
162.22 15.6103
145.56 15.6103
128.88 15.6103
145.56 18.3642
128.88 18.3642
112.18 18.3642
162.20 17.0177
145.54 17.0177
128.86 17.0177
212.26 16.3339
195.60 16.3339
178.92 16.3339
262.31 15.9893
245.63 15.9893
228.93 15.9893
212.25 15.9893
228.95 19.023
212.26 19.023
195.58 19.023
178.90 19.023
162.24 19.023
145.54 19.023
128.88 19.023
195.61 17.2039
178.93 17.2039
162.23 17.2039
178.93 15.6211
162.22 15.6211
145.53 15.6211
128.86 15.6211
178.90 15.6927
162.24 15.6927
145.56 15.6927
295.66 16.4135
279.01 16.4135
262.31 16.4135
245.62 16.4135
345.71 16.6366
329.03 16.6366
312.35 16.6366
312.37 19.157
295.71 19.157
279.03 19.157
262.35 19.157
262.33 15.3116
245.63 15.3116
228.95 15.3116
212.29 15.3116
362.40 15.884
345.71 15.884
329.04 15.884
312.37 15.884
295.69 15.884
278.98 15.884
262.30 15.884
262.31 16.5203
245.62 16.5203
228.96 16.5203
212.24 16.5203
295.65 19.2345
278.97 19.2345
262.29 19.2345
245.61 19.2345
245.61 16.1251
228.93 16.1251
212.25 16.1251
262.29 15.7242
245.61 15.7242
228.93 15.7242
212.24 15.7242
345.74 14.5953
329.03 14.5953
312.35 14.5953
295.69 14.5953
278.99 14.5953
262.30 14.5953
245.63 14.5953
262.33 15.0475
245.63 15.0475
228.95 15.0475
212.26 15.0475
195.60 15.0475
178.92 15.0475
228.97 15.7707
212.27 15.7707
195.59 15.7707
178.93 15.7707
162.23 15.7707
145.54 15.7707
128.86 15.7707
112.18 15.7707
145.54 17.2655
128.87 17.2655
112.18 17.2655
162.24 16.296
145.54 16.296
128.88 16.296
162.22 18.9375
145.56 18.9375
128.86 18.9375
162.22 18.3246
145.51 18.3246
128.83 18.3246
245.62 15.065
228.94 15.065
212.26 15.065
195.58 15.065
295.68 16.2886
279.00 16.2886
262.34 16.2886
262.30 18.6864
245.65 18.6864
228.95 18.6864
212.28 18.6864
195.60 18.6864
178.92 18.6864
162.21 18.6864
178.88 18.8297
162.20 18.8297
145.52 18.8297
162.22 17.0052
145.54 17.0052
128.85 17.0052
112.20 17.0052
212.26 15.1197
195.58 15.1197
178.90 15.1197
245.64 14.7606
228.96 14.7606
212.28 14.7606
345.71 15.4253
329.05 15.4253
312.37 15.4253
295.67 15.4253
278.99 15.4253
262.31 15.4253
245.62 15.4253
245.65 18.7821
228.97 18.7821
212.26 18.7821
228.94 15.4959
212.27 15.4959
195.58 15.4959
178.92 15.4959
178.90 15.6678
162.22 15.6678
145.54 15.6678
212.25 15.502
195.56 15.502
178.88 15.502
162.20 15.502
329.01 17.0151
312.33 17.0151
295.65 17.0151
278.97 17.0151
278.97 15.878
262.28 15.878
245.61 15.878
228.93 15.878
212.25 15.878
195.56 15.878
178.88 15.878
262.33 18.5432
245.63 18.5432
228.97 18.5432
212.28 18.5432
195.60 18.5432
178.92 18.5432
162.24 18.5432
145.56 18.5432
145.56 16.3993
128.88 16.3993
112.20 16.3993
162.22 15.948
145.52 15.948
128.86 15.948
162.22 16.38
145.52 16.38
128.84 16.38
178.88 15.325
162.22 15.325
145.52 15.325
295.67 16.4554
278.99 16.4554
262.31 16.4554
245.65 16.4554
245.65 16.2861
228.94 16.2861
212.26 16.2861
212.27 15.6803
195.60 15.6803
178.92 15.6803
162.24 15.6803
162.24 15.8015
145.56 15.8015
128.88 15.8015
162.20 15.9442
145.52 15.9442
128.86 15.9442
329.05 16.3783
312.34 16.3783
295.68 16.3783
295.68 18.947
279.00 18.947
262.31 18.947
262.33 16.4389
245.62 16.4389
228.95 16.4389
212.28 16.4389
212.26 15.8555
195.60 15.8555
178.92 15.8555
162.24 15.8555
195.60 14.94
178.92 14.94
162.24 14.94
162.20 18.9088
145.52 18.9088
128.86 18.9088
212.26 14.8932
195.58 14.8932
178.92 14.8932
178.90 15.3794
162.24 15.3794
145.54 15.3794
128.86 15.3794
212.26 15.6421
195.60 15.6421
178.92 15.6421
178.90 15.9652
162.24 15.9652
145.54 15.9652
128.86 15.9652
145.56 15.0007
128.86 15.0007
112.17 15.0007
145.54 15.4725
128.86 15.4725
112.18 15.4725
145.56 17.457
128.86 17.457
112.18 17.457
145.54 14.9201
128.86 14.9201
112.17 14.9201
162.19 15.1479
145.54 15.1479
128.84 15.1479
195.60 16.9211
178.90 16.9211
162.24 16.9211
178.90 15.6165
162.24 15.6165
145.54 15.6165
128.88 15.6165
162.22 17.3999
145.53 17.3999
128.85 17.3999
195.60 16.3424
178.92 16.3424
162.22 16.3424
312.33 14.8104
295.65 14.8104
278.99 14.8104
262.29 14.8104
262.31 18.999
245.63 18.999
228.94 18.999
278.99 14.9371
262.30 14.9371
245.62 14.9371
228.95 14.9371
228.92 15.8005
212.26 15.8005
195.58 15.8005
178.92 15.8005
178.90 18.6551
162.22 18.6551
145.54 18.6551
195.59 16.059
178.90 16.059
162.22 16.059
145.54 16.059
145.54 15.1518
128.85 15.1518
112.18 15.1518
278.99 15.8984
262.31 15.8984
245.63 15.8984
245.63 15.665
228.94 15.665
212.26 15.665
212.27 16.3539
195.60 16.3539
178.90 16.3539
162.22 16.3539
145.54 16.3539
128.85 16.3539
112.20 16.3539
178.90 15.1019
162.22 15.1019
145.54 15.1019
162.26 19.1561
145.58 19.1561
128.87 19.1561
329.04 14.4536
312.38 14.4536
295.67 14.4536
278.99 14.4536
262.33 14.4536
245.63 14.4536
245.61 16.3374
228.95 16.3374
212.27 16.3374
212.24 17.6712
195.56 17.6712
178.87 17.6712
178.90 16.0358
162.22 16.0358
145.56 16.0358
178.88 16.7251
162.22 16.7251
145.52 16.7251
312.36 17.1728
295.68 17.1728
279.00 17.1728
262.33 17.1728
262.31 15.3849
245.64 15.3849
228.95 15.3849
228.97 19.189
212.29 19.189
195.58 19.189
178.90 19.189
228.97 15.8887
212.28 15.8887
195.60 15.8887
178.90 15.8887
178.91 16.34
162.23 16.34
145.55 16.34
329.03 15.9509
312.35 15.9509
295.67 15.9509
278.99 15.9509
279.00 17.07
262.31 17.07
245.62 17.07
262.29 18.8967
245.63 18.8967
228.93 18.8967
212.24 18.8967
245.63 15.3742
228.95 15.3742
212.27 15.3742
195.59 15.3742
178.91 15.3742
162.23 15.3742
145.55 15.3742
212.26 15.8699
195.58 15.8699
178.87 15.8699
162.21 15.8699
312.39 16.3999
295.69 16.3999
279.03 16.3999
262.33 16.3999
262.31 14.3974
245.65 14.3974
228.95 14.3974
228.94 15.8366
212.26 15.8366
195.58 15.8366
178.90 15.8366
178.90 15.0855
162.22 15.0855
145.54 15.0855
128.86 15.0855
178.88 18.8353
162.22 18.8353
145.54 18.8353
295.67 18.9888
278.99 18.9888
262.31 18.9888
278.99 15.7054
262.31 15.7054
245.63 15.7054
262.31 16.2645
245.63 16.2645
228.95 16.2645
212.26 16.2645
212.26 16.3975
195.58 16.3975
178.90 16.3975
162.22 16.3975
228.95 18.266
212.26 18.266
195.58 18.266
178.90 18.266
162.22 18.266
145.54 18.266
128.86 18.266
178.90 17.3095
162.22 17.3095
145.54 17.3095
178.90 16.5215
162.22 16.5215
145.54 16.5215
295.67 15.6301
278.99 15.6301
262.31 15.6301
245.63 15.6301
295.65 19.0192
278.97 19.0192
262.29 19.0192
245.61 19.0192
278.97 15.2673
262.29 15.2673
245.61 15.2673
245.62 15.5269
228.94 15.5269
212.26 15.5269
212.26 16.2443
195.58 16.2443
178.92 16.2443
178.92 15.8599
162.24 15.8599
145.54 15.8599
162.23 15.7845
145.55 15.7845
128.87 15.7845
162.22 15.5115
145.54 15.5115
128.86 15.5115
162.24 15.0582
145.56 15.0582
128.88 15.0582
112.20 15.0582
195.59 16.0103
178.91 16.0103
162.23 16.0103
195.59 14.5554
178.93 14.5554
162.25 14.5554
145.55 14.5554
162.22 16.8918
145.54 16.8918
128.86 16.8918
162.22 15.5275
145.51 15.5275
128.83 15.5275
295.67 16.3846
279.01 16.3846
262.31 16.3846
245.63 16.3846
245.60 15.5418
228.92 15.5418
212.24 15.5418
212.26 18.9846
195.58 18.9846
178.90 18.9846
162.24 18.9846
162.24 15.1087
145.54 15.1087
128.86 15.1087
162.21 16.3587
145.53 16.3587
128.85 16.3587
295.67 18.9987
278.99 18.9987
262.33 18.9987
262.31 16.1952
245.65 16.1952
228.95 16.1952
228.95 15.5191
212.26 15.5191
195.58 15.5191
178.90 15.5191
178.90 16.3523
162.21 16.3523
145.53 16.3523
195.58 15.5821
178.90 15.5821
162.24 15.5821
162.23 15.0782
145.55 15.0782
128.87 15.0782
178.90 15.6371
162.22 15.6371
145.53 15.6371
178.90 15.7092
162.22 15.7092
145.54 15.7092
128.86 15.7092
162.23 16.9849
145.57 16.9849
128.84 16.9849
195.58 15.8886
178.90 15.8886
162.22 15.8886
145.56 15.8886
145.52 15.2406
128.88 15.2406
112.18 15.2406
162.22 16.4706
145.54 16.4706
128.86 16.4706
278.99 15.8445
262.31 15.8445
245.62 15.8445
228.95 15.8445
228.95 19.1141
212.26 19.1141
195.58 19.1141
195.56 16.2141
178.88 16.2141
162.20 16.2141
145.52 16.2141
178.85 15.7331
162.20 15.7331
145.52 15.7331
128.84 15.7331
178.92 17.2259
162.22 17.2259
145.56 17.2259
245.62 18.8436
228.97 18.8436
212.25 18.8436
195.58 18.8436
262.33 18.9065
245.65 18.9065
228.97 18.9065
228.97 16.5396
212.28 16.5396
195.56 16.5396
178.90 16.5396
228.94 16.177
212.27 16.177
195.58 16.177
178.90 16.177
178.90 15.8817
162.22 15.8817
145.54 15.8817
162.22 15.6135
145.54 15.6135
128.88 15.6135
128.86 17.2143
112.17 17.2143
95.50 17.2143
145.54 16.149
128.86 16.149
112.18 16.149
228.95 15.6824
212.26 15.6824
195.60 15.6824
195.58 16.0357
178.90 16.0357
162.22 16.0357
162.21 16.4624
145.53 16.4624
128.86 16.4624
145.54 18.453
128.86 18.453
112.18 18.453
145.56 16.4182
128.88 16.4182
112.19 16.4182
145.55 16.0862
128.86 16.0862
112.18 16.0862
162.23 15.6708
145.54 15.6708
128.86 15.6708
212.26 16.9595
195.59 16.9595
178.91 16.9595
162.22 16.9595
162.22 18.8767
145.54 18.8767
128.84 18.8767
162.24 16.1384
145.55 16.1384
128.84 16.1384
278.98 19.0894
262.31 19.0894
245.63 19.0894
228.94 19.0894
262.33 18.1553
245.65 18.1553
228.94 18.1553
395.75 18.8163
379.07 18.8163
362.40 18.8163
345.71 18.8163
329.04 18.8163
312.35 18.8163
295.67 18.8163
279.01 18.8163
262.28 18.8163
245.62 18.8163
228.95 18.8163
228.94 17.3148
212.26 17.3148
195.58 17.3148
178.90 17.3148
245.65 15.4379
228.97 15.4379
212.29 15.4379
195.61 15.4379
295.69 16.3168
278.99 16.3168
262.33 16.3168
245.63 16.3168
245.63 15.0743
228.94 15.0743
212.26 15.0743
195.60 15.0743
195.58 14.9008
178.90 14.9008
162.22 14.9008
162.22 18.9785
145.54 18.9785
128.86 18.9785
112.18 18.9785
128.86 15.1946
112.17 15.1946
95.49 15.1946
178.90 15.1368
162.22 15.1368
145.54 15.1368
145.54 16.0767
128.86 16.0767
112.18 16.0767
128.88 15.6411
112.20 15.6411
95.52 15.6411
145.54 16.1126
128.86 16.1126
112.18 16.1126
162.22 16.276
145.54 16.276
128.86 16.276
128.86 15.2437
112.18 15.2437
95.50 15.2437
178.90 16.9469
162.22 16.9469
145.54 16.9469
278.99 15.6993
262.31 15.6993
245.63 15.6993
245.63 15.4544
228.94 15.4544
212.26 15.4544
195.58 15.4544
178.90 15.4544
162.22 15.4544
145.54 15.4544
162.22 18.9068
145.56 18.9068
128.86 18.9068
145.54 15.8932
128.83 15.8932
112.18 15.8932
95.50 15.8932
212.26 18.8201
195.58 18.8201
178.90 18.8201
278.99 16.3129
262.31 16.3129
245.63 16.3129
329.03 18.8126
312.35 18.8126
295.67 18.8126
345.71 15.6485
329.03 15.6485
312.35 15.6485
295.67 15.6485
278.99 15.6485
262.31 15.6485
245.63 15.6485
228.95 15.6485
212.28 15.6485
195.58 15.6485
212.26 16.5522
195.58 16.5522
178.90 16.5522
162.22 16.5522
162.22 15.4409
145.54 15.4409
128.86 15.4409
112.18 15.4409
145.54 15.5836
128.86 15.5836
112.18 15.5836
262.29 18.9115
245.61 18.9115
228.93 18.9115
279.00 15.7442
262.32 15.7442
245.63 15.7442
278.98 17.2213
262.31 17.2213
245.62 17.2213
228.95 17.2213
212.27 17.2213
195.59 17.2213
178.91 17.2213
162.23 17.2213
145.57 17.2213
228.97 16.5307
212.27 16.5307
195.60 16.5307
178.92 16.5307
178.90 19.0377
162.24 19.0377
145.56 19.0377
128.88 19.0377
178.92 19.0196
162.24 19.0196
145.54 19.0196
279.01 17.1094
262.33 17.1094
245.65 17.1094
228.95 17.1094
228.93 18.8773
212.22 18.8773
195.56 18.8773
178.90 18.8773
162.20 18.8773
145.52 18.8773
212.26 16.419
195.58 16.419
178.90 16.419
162.22 16.419
145.54 16.419
128.86 16.419
262.33 17.1784
245.65 17.1784
228.97 17.1784
228.95 17.2931
212.27 17.2931
195.59 17.2931
212.26 16.7631
195.58 16.7631
178.90 16.7631
295.67 19.2258
278.99 19.2258
262.31 19.2258
245.63 19.2258
245.62 19.3116
228.95 19.3116
212.26 19.3116
212.26 17.051
195.58 17.051
178.90 17.051
162.22 17.051
162.22 15.8633
145.54 15.8633
128.86 15.8633
145.54 15.7919
128.86 15.7919
112.17 15.7919
278.99 16.8017
262.33 16.8017
245.63 16.8017
245.63 15.9803
228.95 15.9803
212.27 15.9803
345.72 17.5218
329.03 17.5218
312.37 17.5218
295.67 17.5218
278.99 17.5218
262.31 17.5218
245.63 17.5218
228.95 17.5218
212.26 17.5218
195.60 17.5218
262.29 19.2882
245.61 19.2882
228.92 19.2882
228.93 16.4905
212.25 16.4905
195.56 16.4905
178.88 16.4905
195.56 17.7319
178.88 17.7319
162.20 17.7319
145.52 17.7319
178.88 16.1292
162.17 16.1292
145.52 16.1292
128.84 16.1292
162.22 16.8467
145.54 16.8467
128.86 16.8467
245.63 17.6279
228.97 17.6279
212.28 17.6279
195.60 17.6279
195.58 16.512
178.90 16.512
162.19 16.512
178.90 19.2361
162.24 19.2361
145.54 19.2361
128.84 19.2361
145.52 16.6245
128.84 16.6245
112.18 16.6245
145.56 16.9036
128.86 16.9036
112.20 16.9036
262.33 19.377
245.65 19.377
228.97 19.377
228.95 16.6808
212.26 16.6808
195.60 16.6808
195.61 19.2828
178.93 19.2828
162.23 19.2828
245.63 17.7004
228.97 17.7004
212.28 17.7004
195.58 17.7004
178.90 17.7004
162.22 17.7004
162.22 16.5834
145.54 16.5834
128.86 16.5834
145.54 19.1758
128.85 19.1758
112.18 19.1758
245.65 16.6551
228.94 16.6551
212.26 16.6551
212.28 17.1076
195.60 17.1076
178.90 17.1076
178.90 17.6632
162.22 17.6632
145.54 17.6632
145.54 17.6848
128.86 17.6848
112.20 17.6848
162.22 19.3973
145.54 19.3973
128.86 19.3973
312.36 16.8584
295.67 16.8584
278.99 16.8584
262.31 16.8584
295.67 16.614
278.99 16.614
262.31 16.614
262.31 19.3174
245.63 19.3174
228.97 19.3174
212.26 19.3174
212.27 15.9441
195.58 15.9441
178.90 15.9441
195.59 16.0534
178.92 16.0534
162.24 16.0534
145.54 16.0534
128.86 16.0534
112.18 16.0534
162.22 19.1891
145.54 19.1891
128.85 19.1891
245.62 16.9031
228.95 16.9031
212.27 16.9031
195.58 16.9031
262.31 19.25
245.63 19.25
228.95 19.25
228.95 17.5292
212.26 17.5292
195.59 17.5292
178.90 17.5292
162.22 17.5292
145.54 17.5292
178.90 16.2887
162.22 16.2887
145.54 16.2887
279.01 16.9316
262.31 16.9316
245.63 16.9316
245.63 17.5582
228.95 17.5582
212.26 17.5582
245.62 19.1072
228.95 19.1072
212.26 19.1072
195.58 19.1072
178.90 19.1072
162.22 19.1072
145.54 19.1072
312.35 16.8522
295.69 16.8522
279.01 16.8522
262.33 16.8522
245.63 16.8522
228.95 16.8522
228.96 19.2244
212.27 19.2244
195.59 19.2244
262.31 19.158
245.63 19.158
228.95 19.158
212.26 19.158
195.60 19.158
178.92 19.158
278.99 17.6429
262.31 17.6429
245.63 17.6429
245.65 16.9959
228.94 16.9959
212.26 16.9959
212.24 17.5681
195.56 17.5681
178.88 17.5681
162.19 17.5681
295.68 16.8297
279.00 16.8297
262.31 16.8297
262.32 19.2888
245.62 19.2888
228.95 19.2888
245.63 16.0745
228.97 16.0745
212.29 16.0745
195.61 16.0745
178.93 16.0745
162.23 16.0745
145.55 16.0745
195.61 16.508
178.90 16.508
162.22 16.508
162.21 16.4165
145.53 16.4165
128.86 16.4165
195.59 17.4842
178.90 17.4842
162.22 17.4842
145.52 17.4842
145.55 16.73
128.87 16.73
112.19 16.73
178.90 15.7408
162.22 15.7408
145.54 15.7408
195.58 17.3732
178.91 17.3732
162.22 17.3732
178.90 16.7423
162.19 16.7423
145.51 16.7423
128.83 16.7423
162.19 16.8677
145.51 16.8677
128.86 16.8677
145.53 16.2366
128.85 16.2366
112.17 16.2366
278.98 16.2638
262.30 16.2638
245.62 16.2638
245.62 16.6935
228.97 16.6935
212.28 16.6935
212.28 19.0394
195.60 19.0394
178.92 19.0394
178.90 16.63
162.22 16.63
145.54 16.63
145.56 16.4704
128.86 16.4704
112.18 16.4704
278.99 16.0698
262.30 16.0698
245.62 16.0698
245.63 17.4405
228.97 17.4405
212.28 17.4405
212.26 19.16
195.61 19.16
178.90 19.16
178.90 16.2384
162.22 16.2384
145.56 16.2384
128.84 16.2384
195.59 16.4816
178.90 16.4816
162.22 16.4816
245.65 16.6459
228.94 16.6459
212.26 16.6459
212.26 16.2522
195.59 16.2522
178.91 16.2522
195.58 19.0754
178.90 19.0754
162.22 19.0754
145.54 19.0754
312.38 16.3687
295.70 16.3687
279.02 16.3687
262.34 16.3687
262.31 17.5772
245.63 17.5772
228.94 17.5772
228.94 19.3785
212.26 19.3785
195.58 19.3785
178.90 19.3785
178.90 16.8206
162.22 16.8206
145.54 16.8206
162.22 19.0326
145.54 19.0326
128.86 19.0326
279.00 17.4197
262.31 17.4197
245.63 17.4197
245.63 16.1455
228.95 16.1455
212.27 16.1455
195.59 16.1455
178.91 16.1455
162.23 16.1455
228.93 17.3759
212.24 17.3759
195.56 17.3759
178.88 17.3759
162.19 17.3759
145.52 17.3759
228.94 19.1481
212.26 19.1481
195.58 19.1481
195.58 16.3004
178.90 16.3004
162.22 16.3004
195.59 17.6171
178.90 17.6171
162.22 17.6171
262.30 16.2023
245.62 16.2023
228.95 16.2023
228.97 19.2162
212.27 19.2162
195.58 19.2162
245.62 16.9445
228.94 16.9445
212.26 16.9445
195.59 16.9445
178.90 16.9445
162.22 16.9445
145.54 16.9445
128.88 16.9445
195.59 15.9961
178.91 15.9961
162.23 15.9961
162.22 18.7907
145.54 18.7907
128.86 18.7907
178.90 17.5456
162.22 17.5456
145.53 17.5456
128.86 17.5456
162.22 16.3637
145.54 16.3637
128.86 16.3637
262.29 16.2824
245.61 16.2824
228.93 16.2824
212.25 16.2824
278.99 16.8109
262.31 16.8109
245.63 16.8109
245.63 16.3489
228.94 16.3489
212.26 16.3489
195.58 16.3489
178.90 16.3489
162.22 16.3489
228.95 19.3319
212.26 19.3319
195.58 19.3319
178.90 19.3319
178.90 17.5621
162.22 17.5621
145.54 17.5621
128.88 17.5621
178.90 16.1747
162.22 16.1747
145.54 16.1747
162.24 16.7274
145.54 16.7274
128.86 16.7274
178.90 16.6781
162.22 16.6781
145.54 16.6781
245.61 15.8859
228.93 15.8859
212.24 15.8859
195.56 15.8859
195.58 18.8932
178.90 18.8932
162.22 18.8932
212.26 18.717
195.58 18.717
178.90 18.717
178.90 15.7369
162.22 15.7369
145.54 15.7369
128.85 15.7369
178.90 16.072
162.22 16.072
145.54 16.072
162.25 15.0068
145.54 15.0068
128.86 15.0068
112.17 15.0068
162.22 17.457
145.54 17.457
128.86 17.457
245.63 15.5171
228.95 15.5171
212.26 15.5171
245.63 16.2363
228.95 16.2363
212.26 16.2363
245.63 17.2743
228.95 17.2743
212.27 17.2743
195.59 17.2743
195.59 16.1764
178.90 16.1764
162.22 16.1764
162.23 16.5799
145.54 16.5799
128.86 16.5799
145.53 16.0875
128.86 16.0875
112.18 16.0875
178.90 15.8026
162.22 15.8026
145.53 15.8026
195.58 16.6009
178.90 16.6009
162.22 16.6009
379.08 18.2117
362.40 18.2117
345.69 18.2117
329.03 18.2117
312.35 18.2117
295.67 18.2117
279.01 18.2117
262.31 18.2117
245.63 18.2117
245.63 17.4763
228.95 17.4763
212.26 17.4763
212.26 19.2581
195.58 19.2581
178.90 19.2581
195.56 19.3801
178.88 19.3801
162.18 19.3801
145.52 19.3801
178.91 15.7833
162.22 15.7833
145.54 15.7833
128.86 15.7833
278.99 16.9581
262.31 16.9581
245.62 16.9581
245.63 16.0189
228.91 16.0189
212.26 16.0189
212.26 16.3229
195.58 16.3229
178.92 16.3229
162.22 16.3229
195.58 15.8285
178.91 15.8285
162.23 15.8285
145.54 15.8285
212.24 16.8379
195.56 16.8379
178.88 16.8379
278.99 19.4063
262.31 19.4063
245.62 19.4063
228.95 19.4063
362.40 19.3331
345.73 19.3331
329.03 19.3331
329.03 15.8397
312.35 15.8397
295.67 15.8397
295.67 15.5811
278.99 15.5811
262.30 15.5811
262.31 16.6096
245.65 16.6096
228.97 16.6096
228.97 16.8104
212.29 16.8104
195.59 16.8104
195.58 17.3566
178.90 17.3566
162.19 17.3566
212.24 15.9375
195.59 15.9375
178.93 15.9375
162.20 15.9375
145.54 15.9375
128.88 15.9375
162.24 16.141
145.54 16.141
128.86 16.141
195.58 15.363
178.90 15.363
162.22 15.363
195.59 15.8704
178.91 15.8704
162.23 15.8704
145.54 15.8704
195.57 18.3424
178.90 18.3424
162.21 18.3424
162.22 15.6483
145.54 15.6483
128.86 15.6483
195.58 15.8494
178.90 15.8494
162.22 15.8494
145.54 15.8494
162.24 15.3814
145.54 15.3814
128.87 15.3814
195.58 19.4407
178.90 19.4407
162.22 19.4407
329.04 19.1551
312.35 19.1551
295.67 19.1551
278.97 19.1551
262.31 19.1551
245.63 19.1551
295.67 16.6242
278.98 16.6242
262.31 16.6242
278.97 16.0353
262.29 16.0353
245.61 16.0353
228.93 16.0353
212.24 16.0353
195.56 16.0353
178.88 16.0353
212.26 16.1824
195.59 16.1824
178.92 16.1824
312.35 17.4979
295.65 17.4979
278.97 17.4979
262.28 17.4979
379.06 16.0167
362.38 16.0167
345.69 16.0167
329.00 16.0167
312.33 16.0167
295.65 16.0167
278.99 16.0167
262.31 16.0167
245.61 16.0167
228.93 16.0167
212.25 16.0167
195.58 16.0167
228.93 19.3091
212.24 19.3091
195.56 19.3091
178.90 19.3091
412.48 17.4441
395.80 17.4441
379.12 17.4441
362.42 17.4441
345.76 17.4441
329.06 17.4441
312.37 17.4441
312.35 19.5214
295.67 19.5214
278.99 19.5214
262.33 19.5214
312.37 17.6793
295.69 17.6793
279.01 17.6793
262.31 17.6793
245.63 17.6793
228.95 17.6793
212.26 17.6793
195.58 17.6793
178.90 17.6793
162.22 17.6793
345.72 16.3937
329.03 16.3937
312.35 16.3937
295.67 16.3937
278.99 16.3937
262.31 16.3937
278.99 19.418
262.33 19.418
245.62 19.418
278.99 15.9559
262.31 15.9559
245.63 15.9559
228.94 15.9559
312.35 16.734
295.67 16.734
278.99 16.734
262.31 16.734
245.63 16.734
228.95 16.734
212.26 16.734
195.58 16.734
178.90 16.734
162.22 16.734
178.90 17.6997
162.22 17.6997
145.54 17.6997
145.54 18.8499
128.86 18.8499
112.18 18.8499
195.58 15.4497
178.90 15.4497
162.22 15.4497
245.65 15.4915
228.97 15.4915
212.28 15.4915
262.33 15.1847
245.65 15.1847
228.97 15.1847
212.28 15.1847
195.60 15.1847
178.94 15.1847
162.24 15.1847
195.60 19.223
178.91 19.223
162.22 19.223
329.03 15.8671
312.35 15.8671
295.67 15.8671
278.99 15.8671
262.31 15.8671
245.63 15.8671
245.61 15.6566
228.93 15.6566
212.24 15.6566
195.56 15.6566
178.88 15.6566
162.20 15.6566
212.26 17.4987
195.57 17.4987
178.90 17.4987
178.90 19.2161
162.22 19.2161
145.54 19.2161
128.85 19.2161
195.58 19.4321
178.88 19.4321
162.22 19.4321
362.39 15.1178
345.71 15.1178
329.03 15.1178
312.37 15.1178
329.01 17.4613
312.33 17.4613
295.65 17.4613
345.71 16.3218
329.03 16.3218
312.35 16.3218
295.67 16.3218
562.57 17.4225
545.89 17.4225
529.21 17.4225
512.53 17.4225
495.85 17.4225
479.17 17.4225
462.49 17.4225
445.80 17.4225
429.12 17.4225
412.44 17.4225
395.76 17.4225
395.76 17.6044
379.08 17.6044
362.40 17.6044
345.72 17.6044
329.00 17.6044
312.35 17.6044
295.67 17.6044
278.99 17.6044
295.67 16.6181
278.99 16.6181
262.31 16.6181
295.67 16.4271
278.99 16.4271
262.31 16.4271
245.63 16.4271
228.94 16.4271
212.26 16.4271
195.58 16.4271
178.90 16.4271
162.22 16.4271
145.54 16.4271
178.90 16.168
162.22 16.168
145.56 16.168
312.35 14.6835
295.69 14.6835
278.99 14.6835
262.33 14.6835
262.31 16.4397
245.63 16.4397
228.95 16.4397
228.95 15.8369
212.27 15.8369
195.58 15.8369
178.90 15.8369
178.91 16.1498
162.23 16.1498
145.55 16.1498
128.87 16.1498
145.54 19.2061
128.86 19.2061
112.18 19.2061
145.54 18.5555
128.85 18.5555
112.18 18.5555
145.54 18.9274
128.86 18.9274
112.18 18.9274
228.95 15.4567
212.27 15.4567
195.58 15.4567
195.56 15.3085
178.88 15.3085
162.20 15.3085
162.23 14.8816
145.55 14.8816
128.86 14.8816
128.86 15.8968
112.17 15.8968
95.50 15.8968
145.57 19.3626
128.89 19.3626
112.22 19.3626
312.35 16.6445
295.67 16.6445
278.99 16.6445
345.70 15.214
329.04 15.214
312.33 15.214
295.65 15.214
278.97 15.214
262.29 15.214
245.61 15.214
245.61 17.1923
228.93 17.1923
212.24 17.1923
212.24 15.523
195.56 15.523
178.86 15.523
178.90 15.1404
162.24 15.1404
145.56 15.1404
128.88 15.1404
195.60 16.3953
178.91 16.3953
162.23 16.3953
295.67 15.323
278.99 15.323
262.31 15.323
