206.98 8.96806
190.30 8.96806
173.61 8.96806
156.93 8.96806
140.25 8.96806
123.56 8.96806
106.88 8.96806
240.19 9.10069
223.50 9.10069
206.82 9.10069
190.14 9.10069
173.46 9.10069
156.78 9.10069
140.09 9.10069
123.41 9.10069
240.04 9.03811
223.36 9.03811
206.68 9.03811
190.00 9.03811
173.31 9.03811
156.63 9.03811
139.95 9.03811
123.26 9.03811
239.91 8.99125
223.22 8.99125
206.54 8.99125
189.86 8.99125
173.17 8.99125
156.49 8.99125
139.81 8.99125
123.13 8.99125
206.44 9.00533
189.75 9.00533
173.07 9.00533
156.39 9.00533
139.71 9.00533
123.02 9.00533
106.33 9.00533
89.66 9.00533
222.96 9.00845
206.28 9.00845
189.60 9.00845
172.91 9.00845
156.23 9.00845
139.55 9.00845
122.86 9.00845
106.18 9.00845
89.50 9.00845
72.81 9.00845
206.12 9.00499
189.44 9.00499
172.76 9.00499
156.07 9.00499
139.39 9.00499
122.71 9.00499
106.02 9.00499
89.34 9.00499
189.32 9.03178
172.64 9.03178
155.95 9.03178
139.27 9.03178
122.59 9.03178
105.90 9.03178
89.22 9.03178
72.54 9.03178
272.50 9.07424
255.82 9.07424
239.14 9.07424
222.46 9.07424
205.77 9.07424
189.09 9.07424
172.41 9.07424
155.72 9.07424
239.06 8.97525
222.38 8.97525
205.69 8.97525
189.01 8.97525
172.33 8.97525
155.65 8.97525
138.96 8.97525
122.28 8.97525
238.89 8.9488
222.21 8.9488
205.52 8.9488
188.84 8.9488
172.16 8.9488
155.48 8.9488
138.79 8.9488
122.08 8.9488
205.39 9.04936
188.74 9.04936
172.06 9.04936
155.34 9.04936
138.66 9.04936
122.01 9.04936
105.32 9.04936
88.64 9.04936
271.95 9.09225
255.29 9.09225
238.61 9.09225
221.93 9.09225
205.21 9.09225
188.56 9.09225
171.86 9.09225
155.19 9.09225
238.47 9.14591
221.76 9.14591
205.11 9.14591
188.40 9.14591
171.74 9.14591
155.06 9.14591
138.35 9.14591
121.69 9.14591
205.00 9.15991
188.35 9.15991
171.64 9.15991
154.98 9.15991
138.27 9.15991
121.61 9.15991
104.93 9.15991
88.25 9.15991
221.55 9.12576
204.87 9.12576
188.19 9.12576
171.47 9.12576
154.82 9.12576
138.11 9.12576
121.45 9.12576
104.74 9.12576
188.06 9.15814
171.37 9.15814
154.66 9.15814
138.01 9.15814
121.30 9.15814
104.62 9.15814
87.96 9.15814
71.27 9.15814
254.58 9.17016
237.87 9.17016
221.19 9.17016
204.51 9.17016
187.85 9.17016
171.16 9.17016
154.48 9.17016
137.77 9.17016
237.77 9.17441
221.09 9.17441
204.41 9.17441
187.72 9.17441
171.04 9.17441
154.36 9.17441
137.68 9.17441
120.97 9.17441
204.28 9.24745
187.59 9.24745
170.94 9.24745
154.25 9.24745
137.57 9.24745
120.89 9.24745
104.18 9.24745
87.52 9.24745
204.19 9.29203
187.47 9.29203
170.80 9.29203
154.14 9.29203
137.42 9.29203
120.74 9.29203
104.09 9.29203
87.38 9.29203
187.35 9.29912
170.65 9.29912
153.96 9.29912
137.31 9.29912
120.62 9.29912
103.94 9.29912
87.24 9.29912
70.55 9.29912
187.24 9.25969
170.56 9.25969
153.88 9.25969
137.19 9.25969
120.51 9.25969
103.83 9.25969
87.13 9.25969
70.46 9.25969
187.11 9.2728
170.42 9.2728
153.74 9.2728
137.03 9.2728
120.37 9.2728
103.69 9.2728
86.98 9.2728
70.30 9.2728
236.91 9.37028
220.22 9.37028
203.54 9.37028
186.86 9.37028
170.20 9.37028
153.49 9.37028
136.84 9.37028
120.13 9.37028
236.79 9.51936
220.11 9.51936
203.43 9.51936
186.74 9.51936
170.06 9.51936
153.38 9.51936
136.69 9.51936
120.01 9.51936
203.32 9.53122
186.61 9.53122
169.93 9.53122
153.25 9.53122
136.59 9.53122
119.91 9.53122
103.22 9.53122
86.54 9.53122
186.51 9.47325
169.83 9.47325
153.15 9.47325
136.47 9.47325
119.78 9.47325
103.10 9.47325
86.42 9.47325
69.73 9.47325
269.70 9.43675
253.02 9.43675
236.34 9.43675
219.65 9.43675
202.97 9.43675
186.29 9.43675
169.61 9.43675
152.92 9.43675
236.23 9.43917
219.55 9.43917
202.87 9.43917
186.18 9.43917
169.50 9.43917
152.82 9.43917
136.13 9.43917
119.45 9.43917
269.45 9.23352
252.77 9.23352
236.08 9.23352
219.40 9.23352
202.72 9.23352
186.03 9.23352
169.35 9.23352
152.67 9.23352
235.97 9.44293
219.29 9.44293
202.61 9.44293
185.93 9.44293
169.24 9.44293
152.56 9.44293
135.88 9.44293
119.17 9.44293
202.49 9.20586
185.81 9.20586
169.14 9.20586
152.45 9.20586
135.75 9.20586
119.06 9.20586
102.39 9.20586
85.70 9.20586
185.65 9.31981
168.99 9.31981
152.29 9.31981
135.62 9.31981
118.94 9.31981
102.26 9.31981
85.58 9.31981
68.86 9.31981
185.54 9.42111
168.85 9.42111
152.17 9.42111
135.49 9.42111
118.80 9.42111
102.12 9.42111
85.46 9.42111
68.78 9.42111
168.76 9.36657
152.08 9.36657
135.39 9.36657
118.71 9.36657
102.00 9.36657
85.32 9.36657
68.64 9.36657
51.95 9.36657
218.59 9.40206
201.91 9.40206
185.22 9.40206
168.56 9.40206
151.86 9.40206
135.17 9.40206
118.48 9.40206
101.81 9.40206
218.42 9.479
201.74 9.479
185.08 9.479
168.37 9.479
151.71 9.479
135.00 9.479
118.32 9.479
101.63 9.479
218.28 9.37406
201.59 9.37406
184.91 9.37406
168.23 9.37406
151.57 9.37406
134.86 9.37406
118.18 9.37406
101.50 9.37406
201.52 9.41791
184.84 9.41791
168.13 9.41791
151.47 9.41791
234.76 9.36919
218.08 9.36919
201.43 9.36919
184.71 9.36919
168.06 9.36919
151.34 9.36919
134.69 9.36919
117.98 9.36919
217.95 9.20265
201.27 9.20265
184.59 9.20265
167.91 9.20265
151.20 9.20265
134.51 9.20265
117.83 9.20265
101.17 9.20265
184.46 9.21535
167.77 9.21535
151.10 9.21535
134.44 9.21535
117.75 9.21535
101.04 9.21535
84.39 9.21535
67.70 9.21535
251.01 9.31264
234.35 9.31264
217.65 9.31264
200.96 9.31264
184.28 9.31264
167.60 9.31264
150.94 9.31264
134.25 9.31264
217.54 9.30757
200.85 9.30757
184.20 9.30757
167.49 9.30757
150.81 9.30757
134.12 9.30757
117.44 9.30757
100.76 9.30757
184.04 9.24437
167.35 9.24437
150.68 9.24437
133.99 9.24437
117.30 9.24437
100.63 9.24437
83.94 9.24437
67.26 9.24437
183.93 9.22186
167.25 9.22186
150.56 9.22186
133.88 9.22186
117.17 9.22186
100.51 9.22186
83.80 9.22186
67.15 9.22186
300.48 9.35271
283.77 9.35271
267.11 9.35271
250.40 9.35271
233.75 9.35271
217.06 9.35271
200.35 9.35271
183.69 9.35271
166.98 9.35271
150.33 9.35271
233.61 9.3492
216.93 9.3492
200.21 9.3492
183.53 9.3492
166.84 9.3492
150.16 9.3492
133.51 9.3492
116.83 9.3492
233.47 9.41448
216.79 9.41448
200.11 9.41448
183.42 9.41448
166.72 9.41448
150.04 9.41448
133.38 9.41448
116.69 9.41448
200.00 9.48562
183.31 9.48562
166.63 9.48562
149.95 9.48562
133.27 9.48562
116.58 9.48562
99.90 9.48562
83.22 9.48562
266.52 9.47289
249.84 9.47289
233.15 9.47289
216.47 9.47289
199.78 9.47289
183.10 9.47289
166.42 9.47289
149.74 9.47289
233.04 9.39628
216.36 9.39628
199.68 9.39628
183.00 9.39628
166.31 9.39628
149.63 9.39628
132.95 9.39628
116.27 9.39628
232.91 9.39381
216.23 9.39381
199.54 9.39381
182.86 9.39381
166.18 9.39381
149.49 9.39381
132.81 9.39381
116.13 9.39381
182.80 9.38322
166.12 9.38322
149.44 9.38322
132.75 9.38322
116.07 9.38322
99.39 9.38322
82.70 9.38322
66.02 9.38322
215.96 9.44482
199.28 9.44482
182.60 9.44482
165.91 9.44482
149.23 9.44482
132.55 9.44482
115.86 9.44482
99.18 9.44482
249.15 9.50307
232.47 9.50307
215.79 9.50307
199.10 9.50307
182.42 9.50307
165.74 9.50307
149.05 9.50307
132.37 9.50307
215.68 9.35967
199.00 9.35967
182.31 9.35967
165.63 9.35967
148.95 9.35967
132.27 9.35967
115.58 9.35967
98.90 9.35967
182.21 9.32676
165.53 9.32676
148.85 9.32676
132.16 9.32676
115.48 9.32676
98.80 9.32676
82.11 9.32676
65.43 9.32676
182.07 9.31432
165.39 9.31432
148.71 9.31432
132.02 9.31432
115.34 9.31432
98.66 9.31432
81.97 9.31432
65.29 9.31432
148.60 9.33063
131.92 9.33063
115.23 9.33063
98.55 9.33063
81.87 9.33063
65.19 9.33063
48.50 9.33063
31.82 9.33063
181.79 9.351
165.11 9.351
148.43 9.351
131.74 9.351
115.06 9.351
98.38 9.351
81.69 9.351
65.01 9.351
248.31 9.4416
231.63 9.4416
214.95 9.4416
198.26 9.4416
181.58 9.4416
164.90 9.4416
148.21 9.4416
131.53 9.4416
214.84 9.40184
198.16 9.40184
181.48 9.40184
164.79 9.40184
148.11 9.40184
131.43 9.40184
114.74 9.40184
98.06 9.40184
181.37 9.3395
164.69 9.3395
148.00 9.3395
131.32 9.3395
114.64 9.3395
97.96 9.3395
81.27 9.3395
64.59 9.3395
247.90 9.311
231.22 9.311
214.53 9.311
197.85 9.311
181.17 9.311
164.48 9.311
147.80 9.311
131.12 9.311
197.79 9.29236
181.10 9.29236
164.42 9.29236
147.71 9.29236
131.03 9.29236
114.37 9.29236
97.66 9.29236
81.00 9.29236
230.95 9.3454
214.24 9.3454
197.59 9.3454
180.90 9.3454
164.19 9.3454
147.50 9.3454
130.82 9.3454
114.14 9.3454
197.45 9.34671
180.77 9.34671
164.11 9.34671
147.43 9.34671
130.72 9.34671
114.06 9.34671
97.35 9.34671
80.70 9.34671
247.37 9.43901
230.68 9.43901
214.00 9.43901
197.31 9.43901
180.63 9.43901
163.95 9.43901
147.27 9.43901
130.59 9.43901
230.55 9.43536
213.87 9.43536
197.16 9.43536
180.50 9.43536
163.82 9.43536
147.11 9.43536
130.42 9.43536
113.74 9.43536
213.72 9.52265
197.01 9.52265
180.32 9.52265
163.64 9.52265
146.96 9.52265
130.30 9.52265
113.59 9.52265
96.94 9.52265
196.89 9.51235
180.24 9.51235
163.53 9.51235
146.87 9.51235
130.16 9.51235
113.48 9.51235
96.79 9.51235
80.14 9.51235
230.13 9.44703
213.42 9.44703
196.76 9.44703
180.08 9.44703
163.37 9.44703
146.68 9.44703
130.00 9.44703
113.31 9.44703
246.65 9.38222
229.94 9.38222
213.29 9.38222
196.58 9.38222
179.92 9.38222
163.21 9.38222
146.56 9.38222
129.87 9.38222
213.19 9.37918
196.48 9.37918
179.80 9.37918
163.14 9.37918
146.43 9.37918
129.77 9.37918
113.06 9.37918
96.40 9.37918
213.03 9.34509
196.32 9.34509
179.64 9.34509
162.96 9.34509
146.28 9.34509
129.59 9.34509
112.91 9.34509
96.23 9.34509
79.54 9.34509
62.86 9.34509
212.82 9.31168
196.14 9.31168
179.46 9.31168
162.77 9.31168
146.11 9.31168
129.43 9.31168
112.75 9.31168
96.07 9.31168
212.68 9.3148
196.00 9.3148
179.30 9.3148
162.62 9.3148
145.97 9.3148
129.25 9.3148
112.61 9.3148
95.92 9.3148
195.93 9.28135
179.25 9.28135
162.53 9.28135
145.88 9.28135
129.17 9.28135
112.51 9.28135
95.80 9.28135
79.12 9.28135
229.09 9.27488
212.41 9.27488
195.70 9.27488
179.04 9.27488
162.34 9.27488
145.65 9.27488
129.00 9.27488
112.29 9.27488
228.93 9.33374
212.24 9.33374
195.59 9.33374
178.90 9.33374
162.22 9.33374
145.51 9.33374
128.83 9.33374
112.15 9.33374
195.46 9.40918
178.77 9.40918
162.12 9.40918
145.43 9.40918
128.75 9.40918
112.07 9.40918
95.36 9.40918
78.68 9.40918
212.01 9.3892
195.32 9.3892
178.64 9.3892
161.96 9.3892
145.28 9.3892
128.59 9.3892
111.91 9.3892
95.22 9.3892
228.56 9.40419
211.87 9.40419
195.19 9.40419
178.51 9.40419
161.82 9.40419
145.14 9.40419
128.46 9.40419
111.78 9.40419
211.72 9.39489
195.04 9.39489
178.36 9.39489
161.68 9.39489
144.99 9.39489
128.31 9.39489
111.63 9.39489
94.94 9.39489
278.22 9.45938
261.54 9.45938
244.85 9.45938
228.18 9.45938
211.49 9.45938
194.83 9.45938
178.15 9.45938
161.47 9.45938
244.81 9.44818
228.12 9.44818
211.44 9.44818
194.76 9.44818
178.07 9.44818
161.39 9.44818
144.68 9.44818
128.00 9.44818
211.28 9.39351
194.59 9.39351
177.91 9.39351
161.26 9.39351
144.55 9.39351
127.89 9.39351
111.21 9.39351
94.50 9.39351
194.53 9.422
177.82 9.422
161.16 9.422
144.48 9.422
127.79 9.422
111.11 9.422
94.40 9.422
77.75 9.422
261.03 9.5153
244.34 9.5153
227.66 9.5153
210.98 9.5153
194.27 9.5153
177.61 9.5153
160.90 9.5153
144.25 9.5153
227.56 9.46196
210.87 9.46196
194.21 9.46196
177.51 9.46196
160.84 9.46196
144.14 9.46196
127.48 9.46196
110.78 9.46196
260.71 9.52128
244.05 9.52128
227.37 9.52128
210.69 9.52128
194.01 9.52128
177.32 9.52128
160.64 9.52128
143.96 9.52128
227.24 9.58258
210.56 9.58258
193.88 9.58258
177.19 9.58258
160.54 9.58258
143.86 9.58258
127.17 9.58258
110.49 9.58258
193.80 9.54695
177.12 9.54695
160.43 9.54695
143.75 9.54695
127.07 9.54695
110.39 9.54695
93.70 9.54695
77.02 9.54695
177.00 9.49262
160.31 9.49262
143.63 9.49262
126.95 9.49262
110.26 9.49262
93.58 9.49262
76.90 9.49262
60.21 9.49262
243.52 9.54747
226.84 9.54747
210.15 9.54747
193.47 9.54747
176.78 9.54747
160.10 9.54747
143.42 9.54747
126.74 9.54747
243.38 9.57221
226.69 9.57221
210.01 9.57221
193.33 9.57221
176.65 9.57221
159.96 9.57221
143.28 9.57221
126.60 9.57221
226.57 9.49577
209.89 9.49577
193.21 9.49577
176.52 9.49577
159.84 9.49577
143.16 9.49577
126.47 9.49577
109.79 9.49577
209.79 9.37295
193.10 9.37295
176.42 9.37295
159.74 9.37295
143.06 9.37295
126.37 9.37295
109.69 9.37295
93.01 9.37295
159.63 9.36507
142.95 9.36507
126.26 9.36507
109.58 9.36507
92.90 9.36507
76.21 9.36507
59.53 9.36507
42.83 9.36507
176.16 9.42217
159.47 9.42217
142.79 9.42217
126.11 9.42217
109.40 9.42217
92.72 9.42217
76.06 9.42217
59.38 9.42217
192.68 9.33073
176.00 9.33073
159.32 9.33073
142.63 9.33073
125.95 9.33073
109.24 9.33073
92.58 9.33073
75.90 9.33073
159.21 9.2988
142.53 9.2988
125.82 9.2988
109.14 9.2988
92.48 9.2988
75.77 9.2988
59.11 9.2988
42.43 9.2988
159.10 9.29371
142.42 9.29371
125.71 9.29371
109.05 9.29371
92.37 9.29371
75.69 9.29371
59.00 9.29371
42.32 9.29371
225.57 9.39075
208.91 9.39075
192.20 9.39075
175.54 9.39075
158.84 9.39075
142.18 9.39075
125.49 9.39075
108.78 9.39075
208.78 9.34888
192.10 9.34888
175.42 9.34888
158.71 9.34888
142.05 9.34888
125.37 9.34888
108.66 9.34888
91.98 9.34888
225.29 9.35167
208.60 9.35167
191.94 9.35167
175.26 9.35167
158.55 9.35167
141.90 9.35167
125.22 9.35167
108.53 9.35167
191.84 9.39134
175.16 9.39134
158.47 9.39134
141.79 9.39134
125.11 9.39134
108.42 9.39134
91.74 9.39134
75.06 9.39134
175.04 9.43995
158.36 9.43995
141.67 9.43995
124.99 9.43995
224.96 9.43448
208.28 9.43448
191.59 9.43448
174.92 9.43448
158.23 9.43448
141.55 9.43448
124.87 9.43448
108.18 9.43448
191.51 9.40184
174.83 9.40184
158.15 9.40184
141.44 9.40184
124.77 9.40184
108.06 9.40184
91.39 9.40184
74.71 9.40184
274.68 9.43109
257.97 9.43109
241.31 9.43109
224.63 9.43109
207.92 9.43109
191.26 9.43109
174.58 9.43109
157.90 9.43109
241.19 9.50794
224.50 9.50794
207.85 9.50794
191.14 9.50794
174.48 9.50794
157.80 9.50794
141.11 9.50794
224.41 9.45643
207.71 9.45643
191.06 9.45643
174.37 9.45643
157.69 9.45643
140.98 9.45643
124.32 9.45643
107.64 9.45643
190.97 9.41934
174.29 9.41934
157.61 9.41934
140.92 9.41934
124.24 9.41934
107.56 9.41934
90.88 9.41934
74.19 9.41934
474.15 9.49758
457.47 9.49758
440.78 9.49758
424.10 9.49758
407.42 9.49758
390.71 9.49758
374.03 9.49758
357.34 9.49758
2340.55 9.57648
2323.84 9.57648
2307.15 9.57648
2290.47 9.57648
2273.79 9.57648
2257.11 9.57648
2240.42 9.57648
2223.74 9.57648
3206.99 9.5211
3190.31 9.5211
3173.62 9.5211
3156.94 9.5211
3140.26 9.5211
3123.58 9.5211
3106.89 9.5211
3090.21 9.5211
5073.39 9.55714
5056.70 9.55714
5040.01 9.55714
5023.34 9.55714
5006.65 9.55714
4989.97 9.55714
4973.29 9.55714
4956.60 9.55714
4939.92 9.55714
4923.24 9.55714
6906.41 9.66756
6889.74 9.66756
6873.05 9.66756
6856.38 9.66756
6839.69 9.66756
6823.03 9.66756
6806.32 9.66756
6789.66 9.66756
7789.58 9.61146
7772.87 9.61146
7756.21 9.61146
7739.51 9.61146
7722.82 9.61146
7706.14 9.61146
7689.48 9.61146
7672.80 9.61146
8506.03 9.59
8489.34 9.59
8472.66 9.59
8456.00 9.59
8439.32 9.59
8422.64 9.59
8405.95 9.59
8389.24 9.59
8472.56 9.53323
8455.84 9.53323
8439.16 9.53323
8422.47 9.53323
8405.80 9.53323
8389.11 9.53323
8372.46 9.53323
8355.75 9.53323
8405.78 9.54955
8389.07 9.54955
8372.39 9.54955
8355.70 9.54955
8339.02 9.54955
8322.37 9.54955
8305.65 9.54955
8288.97 9.54955
8338.95 9.60279
8322.27 9.60279
8305.58 9.60279
8288.90 9.60279
8272.24 9.60279
8255.53 9.60279
8238.85 9.60279
8222.19 9.60279
8272.17 9.63796
8255.46 9.63796
8238.78 9.63796
8222.09 9.63796
8205.44 9.63796
8188.73 9.63796
8172.08 9.63796
8155.36 9.63796
8205.35 9.58055
8188.66 9.58055
8171.98 9.58055
8155.33 9.58055
8138.62 9.58055
8121.93 9.58055
8105.25 9.58055
8088.57 9.58055
8138.57 9.66858
8121.86 9.66858
8105.18 9.66858
8088.50 9.66858
8071.81 9.66858
8055.13 9.66858
8038.46 9.66858
8021.79 9.66858
8071.72 9.60108
8055.06 9.60108
8038.38 9.60108
8021.66 9.60108
8004.99 9.60108
7988.33 9.60108
7971.62 9.60108
7954.96 9.60108
8004.94 9.52699
7988.25 9.52699
7971.60 9.52699
7954.92 9.52699
7938.23 9.52699
7921.52 9.52699
7904.84 9.52699
7888.15 9.52699
7938.11 9.6206
7921.43 9.6206
7904.75 9.6206
7888.09 9.6206
7871.41 9.6206
7854.72 9.6206
7838.04 9.6206
7821.36 9.6206
7871.34 9.62682
7854.63 9.62682
7837.94 9.62682
7821.26 9.62682
7804.57 9.62682
7787.92 9.62682
7771.24 9.62682
7754.53 9.62682
7804.56 9.64962
7787.85 9.64962
7771.17 9.64962
7754.48 9.64962
7737.81 9.64962
7721.12 9.64962
7704.46 9.64962
7687.75 9.64962
7737.73 9.5106
7721.05 9.5106
7704.37 9.5106
7687.68 9.5106
7671.00 9.5106
7654.29 9.5106
7637.60 9.5106
7620.92 9.5106
7670.92 9.4193
7654.25 9.4193
7637.56 9.4193
7620.91 9.4193
7604.19 9.4193
7587.54 9.4193
7570.86 9.4193
7554.18 9.4193
7604.16 9.38241
7587.44 9.38241
7570.79 9.38241
7554.11 9.38241
7537.42 9.38241
7520.74 9.38241
7504.06 9.38241
7487.37 9.38241
7537.35 9.32058
7520.67 9.32058
7503.99 9.32058
7487.31 9.32058
7470.62 9.32058
7453.94 9.32058
7437.26 9.32058
7420.57 9.32058
7470.56 9.2917
7453.87 9.2917
7437.17 9.2917
7420.51 9.2917
7403.82 9.2917
7387.14 9.2917
7370.46 9.2917
7353.77 9.2917
7403.75 9.25372
7387.06 9.25372
7370.38 9.25372
7353.70 9.25372
7337.02 9.25372
7320.30 9.25372
7303.63 9.25372
7286.94 9.25372
7336.90 9.23342
7320.21 9.23342
7303.53 9.23342
7286.87 9.23342
7270.19 9.23342
7253.49 9.23342
7236.82 9.23342
7220.14 9.23342
7270.12 9.06761
7253.44 9.06761
7236.75 9.06761
7220.06 9.06761
7203.38 9.06761
7186.70 9.06761
7170.04 9.06761
7153.33 9.06761
7186.65 8.95785
7169.97 8.95785
7153.28 8.95785
7136.60 8.95785
7119.94 8.95785
7103.23 8.95785
7086.58 8.95785
7069.85 8.95785
7136.54 8.98311
7119.84 8.98311
7103.15 8.98311
7086.46 8.98311
7069.78 8.98311
7053.13 8.98311
7036.42 8.98311
7019.76 8.98311
7069.71 8.93845
7053.06 8.93845
7036.34 8.93845
7019.66 8.93845
7002.98 8.93845
6986.30 8.93845
6969.64 8.93845
6952.92 8.93845
7002.93 8.93625
6986.25 8.93625
6969.56 8.93625
6952.86 8.93625
6936.17 8.93625
6919.49 8.93625
6902.81 8.93625
6886.15 8.93625
6936.11 9.00887
6919.45 9.00887
6902.74 9.00887
6886.06 9.00887
6869.41 9.00887
6852.69 9.00887
6836.01 9.00887
6819.33 9.00887
6869.28 8.89376
6852.59 8.89376
6835.91 8.89376
6819.23 8.89376
6802.55 8.89376
6785.86 8.89376
6769.18 8.89376
6752.50 8.89376
6819.16 8.94667
6802.51 8.94667
6785.80 8.94667
6769.11 8.94667
6752.43 8.94667
6735.78 8.94667
6719.07 8.94667
6702.38 8.94667
6685.70 8.94667
6669.02 8.94667
6718.97 8.9612
6702.29 8.9612
6685.61 8.9612
6668.93 8.9612
6652.27 8.9612
6635.55 8.9612
6618.88 8.9612
6602.19 8.9612
6652.23 8.96982
6635.55 8.96982
6618.84 8.96982
6602.18 8.96982
6585.49 8.96982
6568.81 8.96982
6552.13 8.96982
6535.42 8.96982
6585.40 8.74122
6568.71 8.74122
6552.03 8.74122
6535.35 8.74122
6518.64 8.74122
6501.98 8.74122
6485.30 8.74122
6468.62 8.74122
6518.62 8.53326
6501.92 8.53326
6485.23 8.53326
6468.55 8.53326
6451.89 8.53326
6435.18 8.53326
6418.52 8.53326
6401.82 8.53326
6451.82 8.44183
6435.11 8.44183
6418.45 8.44183
6401.74 8.44183
6385.06 8.44183
6368.40 8.44183
6351.70 8.44183
6335.04 8.44183
6384.99 8.45333
6368.34 8.45333
6351.63 8.45333
6334.95 8.45333
6318.26 8.45333
6301.58 8.45333
6284.89 8.45333
6268.21 8.45333
6318.22 8.29813
6301.51 8.29813
6284.85 8.29813
6268.14 8.29813
6251.49 8.29813
6234.77 8.29813
6218.12 8.29813
6201.41 8.29813
6251.39 8.23872
6234.70 8.23872
6217.99 8.23872
6201.31 8.23872
6184.63 8.23872
6167.97 8.23872
6151.26 8.23872
6134.61 8.23872
6184.57 8.19196
6167.91 8.19196
6151.21 8.19196
6134.52 8.19196
6117.83 8.19196
6101.16 8.19196
6084.50 8.19196
6067.79 8.19196
6151.11 7.78978
6134.40 7.78978
6117.75 7.78978
6101.06 7.78978
6084.35 7.78978
6067.70 7.78978
6051.02 7.78978
6034.33 7.78978
6017.63 7.78978
6000.95 7.78978
5984.26 7.78978
5967.57 7.78978
5950.92 7.78978
5934.21 7.78978
5917.53 7.78978
5900.84 7.78978
5884.16 7.78978
5867.47 7.78978
5850.79 7.78978
5834.11 7.78978
5817.45 7.78978
5800.74 7.78978
5784.09 7.78978
5767.38 7.78978
5750.72 7.78978
5734.01 7.78978
5717.33 7.78978
5700.67 7.78978
5683.96 7.78978
5667.30 7.78978
5650.60 7.78978
5633.91 7.78978
5617.23 7.78978
5600.55 7.78978
5583.86 7.78978
5567.18 7.78978
5550.50 7.78978
5533.81 7.78978
5517.16 7.78978
5500.45 7.78978
5583.82 7.61464
5567.11 7.61464
5550.43 7.61464
5533.74 7.61464
5517.06 7.61464
5500.38 7.61464
5483.69 7.61464
5467.04 7.61464
5450.33 7.61464
5433.67 7.61464
5416.96 7.61464
5400.30 7.61464
5383.60 7.61464
5366.91 7.61464
5350.25 7.61464
5333.55 7.61464
5416.85 7.53428
5400.17 7.53428
5383.51 7.53428
5366.83 7.53428
5350.15 7.53428
5333.44 7.53428
5316.78 7.53428
5300.07 7.53428
5283.42 7.53428
5266.73 7.53428
5250.03 7.53428
5233.34 7.53428
5216.69 7.53428
5199.98 7.53428
5183.32 7.53428
5166.61 7.53428
5249.89 7.62496
5233.23 7.62496
5216.52 7.62496
5199.87 7.62496
5183.16 7.62496
5166.50 7.62496
5149.80 7.62496
5133.11 7.62496
5116.45 7.62496
5099.75 7.62496
5083.06 7.62496
5066.38 7.62496
5049.69 7.62496
5033.04 7.62496
5016.33 7.62496
4999.64 7.62496
5082.97 7.59385
5066.27 7.59385
5049.61 7.59385
5032.93 7.59385
5016.22 7.59385
4999.56 7.59385
4982.87 7.59385
4966.20 7.59385
4949.52 7.59385
4932.80 7.59385
4916.11 7.59385
4899.44 7.59385
4882.78 7.59385
4866.07 7.59385
4849.42 7.59385
4832.71 7.59385
4916.07 7.6308
4899.36 7.6308
4882.67 7.6308
4865.99 7.6308
4849.31 7.6308
4832.63 7.6308
4815.95 7.6308
4799.29 7.6308
4782.58 7.6308
4765.92 7.6308
4749.24 7.6308
4732.56 7.6308
4715.87 7.6308
4699.19 7.6308
4682.51 7.6308
4665.82 7.6308
4749.11 7.69432
4732.43 7.69432
4715.74 7.69432
4699.06 7.69432
4682.38 7.69432
4665.69 7.69432
4649.01 7.69432
4632.33 7.69432
4615.65 7.69432
4598.96 7.69432
4582.28 7.69432
4565.60 7.69432
4548.91 7.69432
4532.23 7.69432
4515.55 7.69432
4498.87 7.69432
4582.18 7.91763
4565.49 7.91763
4548.81 7.91763
4532.13 7.91763
4515.44 7.91763
4498.76 7.91763
4482.08 7.91763
4465.40 7.91763
4448.71 7.91763
4432.03 7.91763
4415.35 7.91763
4398.66 7.91763
4381.98 7.91763
4365.30 7.91763
4348.62 7.91763
4331.93 7.91763
4415.27 7.92578
4398.59 7.92578
4381.90 7.92578
4365.22 7.92578
4348.54 7.92578
4331.85 7.92578
4315.17 7.92578
4298.49 7.92578
4281.81 7.92578
4265.12 7.92578
4248.44 7.92578
4231.76 7.92578
4215.07 7.92578
4198.39 7.92578
4181.71 7.92578
4165.02 7.92578
4248.34 8.04531
4231.65 8.04531
4214.97 8.04531
4198.28 8.04531
4181.60 8.04531
4164.92 8.04531
4148.24 8.04531
4131.55 8.04531
4114.87 8.04531
4098.19 8.04531
4081.50 8.04531
4064.82 8.04531
4048.14 8.04531
4031.45 8.04531
4014.77 8.04531
3998.09 8.04531
4081.37 8.15383
4064.68 8.15383
4048.00 8.15383
4031.32 8.15383
4014.64 8.15383
3997.95 8.15383
3981.27 8.15383
3964.59 8.15383
3947.88 8.15383
3931.22 8.15383
3914.51 8.15383
3897.86 8.15383
3881.17 8.15383
3864.49 8.15383
3947.82 8.13128
3931.14 8.13128
3914.46 8.13128
3897.78 8.13128
3881.10 8.13128
3864.41 8.13128
3847.73 8.13128
3831.04 8.13128
3814.36 8.13128
3797.68 8.13128
3781.00 8.13128
3764.31 8.13128
3747.63 8.13128
3730.94 8.13128
3830.90 8.18154
3814.21 8.18154
3797.50 8.18154
3780.81 8.18154
3764.13 8.18154
3747.48 8.18154
3730.80 8.18154
3714.11 8.18154
3697.41 8.18154
3680.75 8.18154
3664.04 8.18154
3647.38 8.18154
3630.67 8.18154
3613.99 8.18154
3597.31 8.18154
3580.65 8.18154
3663.96 8.31583
3647.28 8.31583
3630.60 8.31583
3613.91 8.31583
3597.23 8.31583
3580.55 8.31583
3563.86 8.31583
3547.18 8.31583
3530.50 8.31583
3513.82 8.31583
3497.13 8.31583
3480.45 8.31583
3463.76 8.31583
3447.08 8.31583
3430.40 8.31583
3413.72 8.31583
3447.03 8.27913
3430.35 8.27913
3413.66 8.27913
3396.98 8.27913
3380.27 8.27913
3363.62 8.27913
3346.90 8.27913
3330.25 8.27913
3380.26 8.34171
3363.58 8.34171
3346.90 8.34171
3330.21 8.34171
3313.53 8.34171
3296.84 8.34171
3280.16 8.34171
3263.48 8.34171
3313.42 8.48835
3296.74 8.48835
3280.06 8.48835
3263.38 8.48835
3246.69 8.48835
3230.01 8.48835
3213.33 8.48835
3196.64 8.48835
3246.63 8.65449
3229.97 8.65449
3213.28 8.65449
3196.60 8.65449
3179.89 8.65449
3163.24 8.65449
3146.56 8.65449
3129.86 8.65449
3179.83 8.67174
3163.17 8.67174
3146.46 8.67174
3129.77 8.67174
3113.12 8.67174
3096.41 8.67174
3079.73 8.67174
3063.07 8.67174
3112.99 8.62125
3096.34 8.62125
3079.62 8.62125
3062.97 8.62125
3046.26 8.62125
3029.57 8.62125
3012.90 8.62125
2996.21 8.62125
3062.88 8.75767
3046.20 8.75767
3029.54 8.75767
3012.83 8.75767
2996.18 8.75767
2979.47 8.75767
2962.81 8.75767
2946.11 8.75767
2929.43 8.75767
2912.76 8.75767
2962.69 8.87735
2946.04 8.87735
2929.38 8.87735
2912.67 8.87735
2895.98 8.87735
2879.33 8.87735
2862.64 8.87735
2845.96 8.87735
2895.89 8.83183
2879.20 8.83183
2862.52 8.83183
2845.83 8.83183
2829.16 8.83183
2812.47 8.83183
2795.79 8.83183
2779.11 8.83183
2829.09 8.92059
2812.40 8.92059
2795.72 8.92059
2779.03 8.92059
2762.35 8.92059
2745.67 8.92059
2728.99 8.92059
2712.30 8.92059
2762.31 9.06178
2745.60 9.06178
2728.92 9.06178
2712.23 9.06178
2695.55 9.06178
2678.86 9.06178
2662.19 9.06178
2645.50 9.06178
2695.50 8.98214
2678.85 8.98214
2662.14 8.98214
2645.45 8.98214
2628.78 8.98214
2612.08 8.98214
2595.41 8.98214
2578.73 8.98214
2628.70 8.95769
2612.02 8.95769
2595.31 8.95769
2578.63 8.95769
2561.94 8.95769
2545.26 8.95769
2528.58 8.95769
2511.92 8.95769
2561.87 9.11442
2545.22 9.11442
2528.51 9.11442
2511.85 9.11442
2495.14 9.11442
2478.46 9.11442
2461.78 9.11442
2445.09 9.11442
2528.46 7.34688
2511.75 7.34688
2495.09 7.34688
2478.38 7.34688
2461.73 7.34688
2445.04 7.34688
2428.34 7.34688
2411.65 7.34688
2394.97 7.34688
2378.31 7.34688
2361.60 7.34688
2344.95 7.34688
2328.24 7.34688
2311.55 7.34688
2294.88 7.34688
2278.19 7.34688
2328.16 7.2728
2311.47 7.2728
2294.82 7.2728
2278.11 7.2728
2261.45 7.2728
2244.74 7.2728
2228.09 7.2728
2211.37 7.2728
2294.69 7.28954
2278.01 7.28954
2261.32 7.28954
2244.67 7.28954
2227.97 7.28954
2211.30 7.28954
2194.59 7.28954
2177.94 7.28954
2227.89 7.36517
2211.21 7.36517
2194.53 7.36517
2177.84 7.36517
2161.16 7.36517
2144.51 7.36517
2127.82 7.36517
2111.14 7.36517
2161.09 7.47051
2144.39 7.47051
2127.70 7.47051
2111.02 7.47051
2094.36 7.47051
2077.65 7.47051
2060.99 7.47051
2044.28 7.47051
2094.26 7.63478
2077.61 7.63478
2060.92 7.63478
2044.21 7.63478
2027.56 7.63478
2010.87 7.63478
1994.17 7.63478
1977.48 7.63478
2027.49 7.79897
2010.83 7.79897
1994.12 7.79897
1977.46 7.79897
1960.75 7.79897
1944.10 7.79897
1927.41 7.79897
1910.73 7.79897
1960.71 7.9503
1944.00 7.9503
1927.31 7.9503
1910.66 7.9503
1893.98 7.9503
1877.27 7.9503
1860.61 7.9503
1843.93 7.9503
1893.89 8.16291
1877.20 8.16291
1860.54 8.16291
1843.86 8.16291
1827.15 8.16291
1810.50 8.16291
1793.79 8.16291
1777.10 8.16291
1827.06 8.32512
1810.38 8.32512
1793.71 8.32512
1777.01 8.32512
1760.32 8.32512
1743.67 8.32512
1726.98 8.32512
1710.28 8.32512
1760.31 8.49739
1743.62 8.49739
1726.91 8.49739
1710.26 8.49739
1693.55 8.49739
1676.87 8.49739
1660.18 8.49739
1643.52 8.49739
1693.47 8.56695
1676.79 8.56695
1660.14 8.56695
1643.42 8.56695
1626.74 8.56695
1610.06 8.56695
1593.40 8.56695
1576.72 8.56695
1626.70 8.57889
1610.01 8.57889
1593.31 8.57889
1576.65 8.57889
1559.97 8.57889
1543.26 8.57889
1526.60 8.57889
1509.90 8.57889
1559.87 8.49742
1543.16 8.49742
1526.48 8.49742
1509.80 8.49742
1493.14 8.49742
1476.45 8.49742
1459.75 8.49742
1443.09 8.49742
1493.04 8.56036
1476.39 8.56036
1459.68 8.56036
1442.99 8.56036
1426.34 8.56036
1409.66 8.56036
1392.94 8.56036
1376.26 8.56036
1426.24 8.61019
1409.56 8.61019
1392.88 8.61019
1376.19 8.61019
1359.51 8.61019
1342.85 8.61019
1326.15 8.61019
1309.49 8.61019
1359.46 8.46599
1342.78 8.46599
1326.10 8.46599
1309.42 8.46599
1292.73 8.46599
1276.05 8.46599
1259.40 8.46599
1242.71 8.46599
1326.02 8.38739
1309.34 8.38739
1292.62 8.38739
1275.94 8.38739
1259.29 8.38739
1242.61 8.38739
1225.92 8.38739
1209.24 8.38739
1259.19 8.39317
1242.48 8.39317
1225.80 8.39317
1209.14 8.39317
1192.43 8.39317
1175.75 8.39317
1159.07 8.39317
1142.41 8.39317
1192.37 8.54312
1175.71 8.54312
1159.00 8.54312
1142.32 8.54312
1125.63 8.54312
1108.95 8.54312
1092.29 8.54312
1075.59 8.54312
1125.59 8.67612
1108.88 8.67612
1092.22 8.67612
1075.52 8.67612
1058.86 8.67612
1042.15 8.67612
1025.47 8.67612
1008.78 8.67612
1075.48 8.83658
1058.81 8.83658
1042.10 8.83658
1025.44 8.83658
1008.73 8.83658
992.07 8.83658
975.36 8.83658
958.68 8.83658
942.00 8.83658
925.32 8.83658
975.26 8.77638
958.58 8.77638
941.93 8.77638
925.22 8.77638
908.56 8.77638
891.85 8.77638
875.20 8.77638
858.49 8.77638
908.46 8.81081
891.77 8.81081
875.09 8.81081
858.43 8.81081
841.72 8.81081
825.07 8.81081
808.36 8.81081
791.70 8.81081
841.68 8.91445
825.00 8.91445
808.32 8.91445
791.64 8.91445
774.98 8.91445
758.27 8.91445
741.61 8.91445
724.90 8.91445
774.91 8.8659
758.22 8.8659
741.54 8.8659
724.83 8.8659
708.15 8.8659
691.49 8.8659
674.78 8.8659
658.10 8.8659
708.08 8.92977
691.42 8.92977
674.71 8.92977
658.06 8.92977
641.35 8.92977
624.69 8.92977
607.98 8.92977
591.30 8.92977
641.25 8.9522
624.60 8.9522
607.89 8.9522
591.21 8.9522
574.55 8.9522
557.83 8.9522
541.18 8.9522
524.47 8.9522
574.47 8.95376
557.77 8.95376
541.08 8.95376
524.41 8.95376
507.72 8.95376
491.06 8.95376
474.35 8.95376
457.69 8.95376
507.66 8.97501
490.98 8.97501
474.29 8.97501
457.65 8.97501
440.93 8.97501
424.28 8.97501
407.57 8.97501
390.88 8.97501
457.54 8.99476
440.86 8.99476
424.17 8.99476
407.49 8.99476
390.81 8.99476
374.10 8.99476
357.41 8.99476
340.73 8.99476
424.07 9.03453
407.41 9.03453
390.69 9.03453
374.04 9.03453
357.33 9.03453
340.68 9.03453
323.97 9.03453
307.31 9.03453
390.59 9.10416
373.91 9.10416
357.23 9.10416
340.54 9.10416
323.89 9.10416
307.18 9.10416
290.52 9.10416
273.81 9.10416
357.12 8.8766
340.42 8.8766
323.76 8.8766
307.05 8.8766
290.39 8.8766
273.68 8.8766
257.00 8.8766
340.36 8.86968
323.65 8.86968
306.99 8.86968
290.28 8.86968
273.63 8.86968
256.92 8.86968
240.24 8.86968
223.55 8.86968
306.89 8.88006
290.18 8.88006
273.50 8.88006
256.84 8.88006
240.13 8.88006
223.47 8.88006
206.77 8.88006
190.11 8.88006
290.06 8.91019
273.35 8.91019
256.66 8.91019
240.00 8.91019
223.32 8.91019
206.62 8.91019
189.96 8.91019
173.25 8.91019
256.59 8.71239
239.91 8.71239
223.25 8.71239
206.57 8.71239
189.89 8.71239
173.19 8.71239
156.49 8.71239
139.84 8.71239
223.11 8.77774
206.43 8.77774
189.75 8.77774
173.06 8.77774
156.38 8.77774
139.70 8.77774
123.02 8.77774
106.33 8.77774
239.64 8.71537
222.96 8.71537
206.25 8.71537
189.59 8.71537
172.91 8.71537
156.22 8.71537
139.54 8.71537
122.83 8.71537
222.87 8.78361
206.18 8.78361
189.45 8.78361
172.79 8.78361
156.13 8.78361
139.45 8.78361
122.77 8.78361
106.08 8.78361
239.39 8.79355
222.71 8.79355
206.02 8.79355
189.34 8.79355
172.63 8.79355
155.95 8.79355
139.29 8.79355
122.58 8.79355
322.54 8.9179
305.87 8.9179
289.21 8.9179
272.50 8.9179
255.85 8.9179
239.12 8.9179
222.48 8.9179
205.77 8.9179
289.08 8.94806
272.42 8.94806
255.71 8.94806
239.03 8.94806
222.34 8.94806
205.66 8.94806
188.98 8.94806
172.32 8.94806
255.60 8.98944
238.94 8.98944
222.23 8.98944
205.55 8.98944
188.89 8.98944
172.18 8.98944
155.49 8.98944
138.82 8.98944
238.80 8.6911
222.09 8.6911
205.44 8.6911
188.72 8.6911
172.07 8.6911
155.36 8.6911
138.68 8.6911
121.99 8.6911
205.30 8.56469
188.62 8.56469
171.93 8.56469
155.26 8.56469
138.60 8.56469
121.89 8.56469
105.21 8.56469
88.55 8.56469
221.86 8.59092
205.15 8.59092
188.49 8.59092
171.81 8.59092
155.12 8.59092
138.41 8.59092
121.76 8.59092
105.05 8.59092
205.08 8.62671
188.39 8.62671
171.71 8.62671
155.00 8.62671
138.34 8.62671
121.66 8.62671
104.95 8.62671
88.27 8.62671
204.91 8.63367
188.25 8.63367
171.57 8.63367
154.86 8.63367
138.17 8.63367
121.52 8.63367
104.84 8.63367
88.16 8.63367
171.43 8.69171
154.78 8.69171
138.06 8.69171
121.38 8.69171
104.70 8.69171
88.05 8.69171
71.33 8.69171
54.65 8.69171
254.65 8.84112
237.94 8.84112
221.25 8.84112
204.57 8.84112
187.89 8.84112
171.20 8.84112
154.52 8.84112
137.87 8.84112
187.80 8.79597
171.11 8.79597
154.43 8.79597
137.75 8.79597
221.09 8.74172
204.37 8.74172
187.69 8.74172
171.03 8.74172
154.35 8.74172
137.64 8.74172
120.99 8.74172
104.28 8.74172
204.28 8.73424
187.59 8.73424
170.91 8.73424
154.23 8.73424
137.55 8.73424
120.86 8.73424
104.18 8.73424
87.50 8.73424
220.81 8.89753
204.12 8.89753
187.44 8.89753
170.76 8.89753
154.07 8.89753
137.39 8.89753
120.71 8.89753
104.02 8.89753
287.33 8.82137
270.65 8.82137
253.96 8.82137
237.28 8.82137
220.60 8.82137
203.91 8.82137
187.23 8.82137
170.52 8.82137
253.84 8.63091
237.17 8.63091
220.47 8.63091
203.81 8.63091
187.12 8.63091
170.44 8.63091
153.76 8.63091
137.07 8.63091
220.38 8.68162
203.70 8.68162
187.02 8.68162
170.34 8.68162
153.65 8.68162
136.97 8.68162
120.29 8.68162
103.60 8.68162
303.57 8.80414
286.89 8.80414
270.20 8.80414
253.52 8.80414
236.84 8.80414
220.16 8.80414
203.47 8.80414
186.79 8.80414
170.11 8.80414
153.43 8.80414
253.40 8.9437
236.72 8.9437
220.03 8.9437
203.35 8.9437
186.67 8.9437
169.98 8.9437
153.30 8.9437
136.62 8.9437
219.93 8.86342
203.24 8.86342
186.56 8.86342
169.88 8.86342
153.20 8.86342
136.51 8.86342
119.83 8.86342
103.15 8.86342
269.79 8.9872
253.10 8.9872
236.39 8.9872
219.74 8.9872
203.06 8.9872
186.37 8.9872
169.69 8.9872
153.01 8.9872
236.32 8.81605
219.63 8.81605
202.95 8.81605
186.27 8.81605
169.58 8.81605
152.90 8.81605
136.22 8.81605
119.53 8.81605
202.84 8.64611
186.16 8.64611
169.48 8.64611
152.79 8.64611
136.11 8.64611
119.43 8.64611
102.75 8.64611
86.06 8.64611
186.04 8.59556
169.36 8.59556
152.67 8.59556
135.99 8.59556
119.31 8.59556
102.62 8.59556
85.94 8.59556
69.26 8.59556
185.90 8.71859
169.22 8.71859
152.53 8.71859
135.85 8.71859
119.17 8.71859
102.48 8.71859
85.80 8.71859
69.12 8.71859
285.75 8.93064
269.07 8.93064
252.39 8.93064
235.70 8.93064
219.02 8.93064
202.34 8.93064
185.65 8.93064
168.97 8.93064
235.61 9.00594
218.93 9.00594
202.25 9.00594
185.56 9.00594
168.88 9.00594
152.20 9.00594
135.51 9.00594
118.83 9.00594
252.14 9.03794
235.46 9.03794
218.78 9.03794
202.09 9.03794
185.41 9.03794
168.73 9.03794
152.04 9.03794
135.36 9.03794
385.33 9.20127
368.64 9.20127
351.96 9.20127
335.28 9.20127
318.60 9.20127
301.91 9.20127
285.23 9.20127
268.55 9.20127
351.85 9.14714
335.17 9.14714
318.48 9.14714
301.80 9.14714
285.12 9.14714
268.41 9.14714
251.73 9.14714
235.04 9.14714
318.42 9.07425
301.74 9.07425
285.05 9.07425
268.37 9.07425
251.69 9.07425
235.00 9.07425
218.32 9.07425
201.64 9.07425
284.94 8.94512
268.26 8.94512
251.58 8.94512
234.89 8.94512
218.21 8.94512
201.53 8.94512
184.85 8.94512
168.16 8.94512
251.44 9.05266
234.76 9.05266
218.08 9.05266
201.39 9.05266
184.68 9.05266
168.00 9.05266
151.32 9.05266
134.64 9.05266
317.96 9.10161
301.28 9.10161
284.60 9.10161
267.91 9.10161
251.20 9.10161
234.55 9.10161
217.84 9.10161
201.15 9.10161
267.79 9.03712
251.14 9.03712
234.46 9.03712
217.78 9.03712
201.09 9.03712
184.41 9.03712
167.73 9.03712
151.04 9.03712
251.02 9.03116
234.34 9.03116
217.65 9.03116
200.97 9.03116
184.29 9.03116
167.61 9.03116
150.92 9.03116
134.24 9.03116
234.24 9.10801
217.56 9.10801
200.88 9.10801
184.19 9.10801
167.51 9.10801
150.83 9.10801
134.14 9.10801
117.46 9.10801
217.41 9.22483
200.73 9.22483
184.04 9.22483
167.36 9.22483
150.68 9.22483
133.99 9.22483
117.31 9.22483
100.63 9.22483
233.96 9.16468
217.25 9.16468
200.56 9.16468
183.91 9.16468
167.23 9.16468
150.55 9.16468
133.86 9.16468
117.18 9.16468
217.13 9.08806
200.45 9.08806
183.76 9.08806
167.08 9.08806
150.40 9.08806
133.69 9.08806
117.01 9.08806
100.33 9.08806
266.96 9.12645
250.28 9.12645
233.59 9.12645
216.91 9.12645
200.25 9.12645
183.54 9.12645
166.86 9.12645
150.20 9.12645
250.18 8.99307
233.50 8.99307
216.82 8.99307
200.12 8.99307
183.45 8.99307
166.76 8.99307
150.08 8.99307
133.40 8.99307
200.04 8.96822
183.36 8.96822
166.68 8.96822
149.99 8.96822
133.31 8.96822
116.63 8.96822
99.95 8.96822
83.26 8.96822
249.93 8.94773
233.25 8.94773
216.56 8.94773
199.88 8.94773
183.19 8.94773
166.49 8.94773
149.83 8.94773
133.12 8.94773
116.47 8.94773
99.76 8.94773
283.06 9.02296
266.35 9.02296
249.67 9.02296
233.01 9.02296
216.30 9.02296
199.65 9.02296
182.94 9.02296
166.28 9.02296
249.56 8.9579
232.87 8.9579
216.22 8.9579
199.54 8.9579
182.85 8.9579
166.17 8.9579
149.49 8.9579
132.77 8.9579
216.11 8.97412
199.43 8.97412
182.75 8.97412
166.06 8.97412
149.37 8.97412
132.70 8.97412
116.02 8.97412
99.33 8.97412
199.31 8.99371
182.62 8.99371
165.94 8.99371
149.26 8.99371
132.58 8.99371
115.89 8.99371
99.21 8.99371
82.53 8.99371
249.16 9.06515
232.48 9.06515
215.80 9.06515
199.12 9.06515
182.43 9.06515
165.75 9.06515
149.07 9.06515
132.38 9.06515
232.36 9.05376
215.68 9.05376
198.99 9.05376
182.31 9.05376
165.63 9.05376
148.94 9.05376
132.26 9.05376
115.58 9.05376
232.22 9.09469
215.54 9.09469
198.85 9.09469
182.17 9.09469
165.49 9.09469
148.81 9.09469
132.12 9.09469
115.44 9.09469
215.41 8.99584
198.73 8.99584
182.05 8.99584
165.37 8.99584
148.68 8.99584
132.00 8.99584
115.32 8.99584
98.63 8.99584
215.28 8.91016
198.59 8.91016
181.91 8.91016
165.23 8.91016
148.54 8.91016
131.86 8.91016
115.18 8.91016
98.50 8.91016
181.80 8.97135
165.12 8.97135
148.44 8.97135
131.76 8.97135
115.07 8.97135
98.39 8.97135
81.71 8.97135
65.02 8.97135
198.33 9.147
181.65 9.147
164.97 9.147
148.28 9.147
131.60 9.147
114.91 9.147
98.23 9.147
81.55 9.147
214.86 9.24492
198.17 9.24492
181.49 9.24492
164.81 9.24492
148.12 9.24492
131.44 9.24492
114.76 9.24492
98.08 9.24492
214.72 9.27042
198.03 9.27042
181.35 9.27042
164.67 9.27042
147.98 9.27042
131.30 9.27042
114.62 9.27042
97.93 9.27042
231.26 9.16467
214.58 9.16467
197.90 9.16467
181.21 9.16467
164.53 9.16467
147.84 9.16467
131.16 9.16467
114.48 9.16467
214.44 9.1282
197.75 9.1282
181.07 9.1282
164.39 9.1282
147.70 9.1282
131.02 9.1282
114.34 9.1282
97.66 9.1282
230.96 8.99091
214.26 8.99091
197.59 8.99091
180.91 8.99091
164.23 8.99091
147.55 8.99091
130.87 8.99091
114.18 8.99091
197.49 8.97256
180.81 8.97256
164.12 8.97256
147.44 8.97256
130.76 8.97256
114.08 8.97256
97.39 8.97256
80.71 8.97256
214.04 8.92281
197.36 8.92281
180.68 8.92281
163.99 8.92281
147.31 8.92281
130.63 8.92281
113.94 8.92281
97.24 8.92281
197.24 8.99394
180.53 8.99394
163.87 8.99394
147.19 8.99394
130.48 8.99394
113.79 8.99394
97.11 8.99394
80.43 8.99394
230.40 8.96675
213.72 8.96675
197.03 8.96675
180.35 8.96675
163.67 8.96675
147.01 8.96675
130.33 8.96675
113.64 8.96675
213.62 8.91673
196.93 8.91673
180.25 8.91673
163.57 8.91673
146.88 8.91673
130.18 8.91673
113.49 8.91673
96.81 8.91673
213.48 8.88606
196.80 8.88606
180.11 8.88606
163.40 8.88606
146.72 8.88606
130.04 8.88606
113.35 8.88606
96.67 8.88606
196.68 8.87585
179.97 8.87585
163.29 8.87585
146.60 8.87585
129.93 8.87585
113.24 8.87585
96.58 8.87585
79.87 8.87585
196.51 8.97282
179.83 8.97282
163.15 8.97282
146.46 8.97282
129.78 8.97282
113.12 8.97282
96.44 8.97282
79.76 8.97282
213.00 9.08938
196.32 9.08938
179.67 9.08938
162.99 9.08938
146.28 9.08938
129.62 9.08938
112.91 9.08938
96.23 9.08938
229.56 9.07655
212.88 9.07655
196.20 9.07655
179.51 9.07655
162.83 9.07655
146.15 9.07655
129.46 9.07655
112.78 9.07655
196.12 9.10855
179.43 9.10855
162.72 9.10855
146.05 9.10855
129.38 9.10855
112.70 9.10855
96.02 9.10855
79.33 9.10855
262.64 9.17925
245.93 9.17925
229.25 9.17925
212.59 9.17925
195.88 9.17925
179.22 9.17925
162.54 9.17925
145.83 9.17925
229.14 9.08879
212.48 9.08879
195.80 9.08879
179.09 9.08879
162.44 9.08879
145.72 9.08879
129.04 9.08879
112.37 9.08879
229.00 9.17245
212.29 9.17245
195.61 9.17245
178.93 9.17245
162.25 9.17245
145.59 9.17245
128.88 9.17245
112.20 9.17245
278.83 9.30058
262.15 9.30058
245.47 9.30058
228.78 9.30058
212.10 9.30058
195.41 9.30058
178.76 9.30058
162.05 9.30058
245.38 9.12468
228.70 9.12468
212.02 9.12468
195.33 9.12468
178.68 9.12468
162.00 9.12468
145.31 9.12468
128.60 9.12468
211.89 9.03901
195.21 9.03901
178.52 9.03901
161.86 9.03901
145.16 9.03901
128.50 9.03901
111.82 9.03901
95.13 9.03901
195.14 9.15468
178.43 9.15468
161.76 9.15468
145.06 9.15468
128.41 9.15468
111.73 9.15468
95.04 9.15468
78.33 9.15468
194.97 9.11398
178.29 9.11398
161.58 9.11398
144.89 9.11398
128.21 9.11398
111.55 9.11398
94.84 9.11398
78.19 9.11398
178.16 9.10841
161.51 9.10841
144.79 9.10841
128.11 9.10841
111.43 9.10841
94.78 9.10841
178.03 9.25306
161.38 9.25306
144.66 9.25306
128.01 9.25306
111.33 9.25306
94.64 9.25306
277.92 9.40139
261.23 9.40139
244.56 9.40139
227.87 9.40139
211.19 9.40139
194.53 9.40139
177.82 9.40139
161.14 9.40139
261.17 9.33946
244.46 9.33946
227.78 9.33946
211.09 9.33946
194.41 9.33946
177.72 9.33946
161.07 9.33946
144.39 9.33946
227.67 9.287
210.99 9.287
194.31 9.287
177.62 9.287
160.96 9.287
144.28 9.287
127.60 9.287
110.89 9.287
194.20 9.28589
177.54 9.28589
160.83 9.28589
144.17 9.28589
127.47 9.28589
110.81 9.28589
94.10 9.28589
77.44 9.28589
294.03 9.40851
277.37 9.40851
260.69 9.40851
244.00 9.40851
227.29 9.40851
210.64 9.40851
193.96 9.40851
177.27 9.40851
160.59 9.40851
143.88 9.40851
227.22 9.36177
210.56 9.36177
193.88 9.36177
177.20 9.36177
160.49 9.36177
143.81 9.36177
127.12 9.36177
110.44 9.36177
210.44 9.27573
193.75 9.27573
177.07 9.27573
160.39 9.27573
143.71 9.27573
127.02 9.27573
110.34 9.27573
93.66 9.27573
193.61 9.37436
176.93 9.37436
160.24 9.37436
143.56 9.37436
126.90 9.37436
110.22 9.37436
93.53 9.37436
76.85 9.37436
293.49 9.42612
276.77 9.42612
260.12 9.42612
243.44 9.42612
226.73 9.42612
210.07 9.42612
193.39 9.42612
176.70 9.42612
260.03 9.45651
243.35 9.45651
226.64 9.45651
209.98 9.45651
193.27 9.45651
176.57 9.45651
159.93 9.45651
143.22 9.45651
226.54 9.49528
209.83 9.49528
193.15 9.49528
176.47 9.49528
159.81 9.49528
143.10 9.49528
126.42 9.49528
109.73 9.49528
193.05 9.60965
176.39 9.60965
159.70 9.60965
143.02 9.60965
126.31 9.60965
109.63 9.60965
92.97 9.60965
76.29 9.60965
292.90 9.61859
276.21 9.61859
259.53 9.61859
242.82 9.61859
226.16 9.61859
209.46 9.61859
192.79 9.61859
176.09 9.61859
259.45 9.48451
242.74 9.48451
226.08 9.48451
209.38 9.48451
192.72 9.48451
176.01 9.48451
159.32 9.48451
142.64 9.48451
225.94 9.44103
209.29 9.44103
192.59 9.44103
175.93 9.44103
159.25 9.44103
142.56 9.44103
125.86 9.44103
109.17 9.44103
225.81 9.4118
209.13 9.4118
192.42 9.4118
175.74 9.4118
159.06 9.4118
142.37 9.4118
125.69 9.4118
109.01 9.4118
208.98 9.39917
192.30 9.39917
175.62 9.39917
158.96 9.39917
142.28 9.39917
125.59 9.39917
108.91 9.39917
92.23 9.39917
208.87 9.3607
192.19 9.3607
175.50 9.3607
158.82 9.3607
142.14 9.3607
125.45 9.3607
108.77 9.3607
92.09 9.3607
192.06 9.23051
175.38 9.23051
158.70 9.23051
142.01 9.23051
125.33 9.23051
108.65 9.23051
91.97 9.23051
75.28 9.23051
191.92 9.17903
175.24 9.17903
158.56 9.17903
141.88 9.17903
125.19 9.17903
108.51 9.17903
91.83 9.17903
75.14 9.17903
208.45 9.22555
191.77 9.22555
175.09 9.22555
158.40 9.22555
141.72 9.22555
125.04 9.22555
108.35 9.22555
91.67 9.22555
208.31 9.23176
191.63 9.23176
174.94 9.23176
158.26 9.23176
141.58 9.23176
124.90 9.23176
108.21 9.23176
91.53 9.23176
191.51 9.34014
174.82 9.34014
158.14 9.34014
141.46 9.34014
124.78 9.34014
108.09 9.34014
91.41 9.34014
74.73 9.34014
258.03 9.49876
241.35 9.49876
224.66 9.49876
207.98 9.49876
191.28 9.49876
174.62 9.49876
157.93 9.49876
141.25 9.49876
224.59 9.42657
207.90 9.42657
191.22 9.42657
174.54 9.42657
157.85 9.42657
141.17 9.42657
124.49 9.42657
107.80 9.42657
207.78 9.37316
191.10 9.37316
174.41 9.37316
157.73 9.37316
141.05 9.37316
124.34 9.37316
107.68 9.37316
90.97 9.37316
190.95 9.28344
174.24 9.28344
157.56 9.28344
140.90 9.28344
124.19 9.28344
107.51 9.28344
90.82 9.28344
74.14 9.28344
190.78 9.36399
174.12 9.36399
157.42 9.36399
140.72 9.36399
124.05 9.36399
107.37 9.36399
90.68 9.36399
74.03 9.36399
240.69 9.35572
223.98 9.35572
207.32 9.35572
190.61 9.35572
173.96 9.35572
157.24 9.35572
140.59 9.35572
123.88 9.35572
207.16 9.30438
190.48 9.30438
173.79 9.30438
157.11 9.30438
140.43 9.30438
123.78 9.30438
107.06 9.30438
90.38 9.30438
207.08 9.17197
190.40 9.17197
173.69 9.17197
157.03 9.17197
140.35 9.17197
123.66 9.17197
106.95 9.17197
90.30 9.17197
206.94 9.07428
190.25 9.07428
173.54 9.07428
156.89 9.07428
140.21 9.07428
123.52 9.07428
106.84 9.07428
90.12 9.07428
73.47 9.07428
56.77 9.07428
273.40 9.1242
256.71 9.1242
240.06 9.1242
223.38 9.1242
206.67 9.1242
190.01 9.1242
173.30 9.1242
156.62 9.1242
239.93 9.00225
223.25 9.00225
206.56 9.00225
189.88 9.00225
173.22 9.00225
156.51 9.00225
139.86 9.00225
123.17 9.00225
206.48 8.87754
189.77 8.87754
173.08 8.87754
156.41 8.87754
139.72 8.87754
123.06 8.87754
106.35 8.87754
89.68 8.87754
189.62 8.83012
172.94 8.83012
156.26 8.83012
139.57 8.83012
122.92 8.83012
106.24 8.83012
89.53 8.83012
72.84 8.83012
206.18 8.81225
189.49 8.81225
172.84 8.81225
156.15 8.81225
139.47 8.81225
122.79 8.81225
106.11 8.81225
222.72 8.79158
206.03 8.79158
189.35 8.79158
172.67 8.79158
155.96 8.79158
139.27 8.79158
122.59 8.79158
105.91 8.79158
205.91 8.69543
189.23 8.69543
172.58 8.69543
155.89 8.69543
139.18 8.69543
122.50 8.69543
105.84 8.69543
89.16 8.69543
205.75 8.72711
189.05 8.72711
172.41 8.72711
155.70 8.72711
139.01 8.72711
122.33 8.72711
105.65 8.72711
88.97 8.72711
188.94 8.86171
172.28 8.86171
155.60 8.86171
138.89 8.86171
122.21 8.86171
105.52 8.86171
88.84 8.86171
72.19 8.86171
238.85 8.90214
222.16 8.90214
205.48 8.90214
188.77 8.90214
172.09 8.90214
155.43 8.90214
138.72 8.90214
122.07 8.90214
272.04 8.98977
255.33 8.98977
238.67 8.98977
221.96 8.98977
205.28 8.98977
188.59 8.98977
171.92 8.98977
155.23 8.98977
238.55 8.96733
221.84 8.96733
205.15 8.96733
188.47 8.96733
171.79 8.96733
155.10 8.96733
138.42 8.96733
121.74 8.96733
205.10 9.03713
188.42 9.03713
171.71 9.03713
155.03 9.03713
138.35 9.03713
121.66 9.03713
104.98 9.03713
88.29 9.03713
254.93 9.14223
238.24 9.14223
221.57 9.14223
204.88 9.14223
188.20 9.14223
171.51 9.14223
154.86 9.14223
138.15 9.14223
221.46 9.1555
204.75 9.1555
188.09 9.1555
171.39 9.1555
154.71 9.1555
138.02 9.1555
121.33 9.1555
104.68 9.1555
271.35 9.20023
254.66 9.20023
237.95 9.20023
221.27 9.20023
204.59 9.20023
187.93 9.20023
171.22 9.20023
154.56 9.20023
237.82 9.25591
221.16 9.25591
204.45 9.25591
187.80 9.25591
171.11 9.25591
154.43 9.25591
137.75 9.25591
121.04 9.25591
204.40 9.24608
187.69 9.24608
171.03 9.24608
154.33 9.24608
137.64 9.24608
120.96 9.24608
104.27 9.24608
87.62 9.24608
220.90 9.19744
204.21 9.19744
187.54 9.19744
170.85 9.19744
154.19 9.19744
137.51 9.19744
120.83 9.19744
104.12 9.19744
287.40 9.25947
270.72 9.25947
254.03 9.25947
237.35 9.25947
220.66 9.25947
203.99 9.25947
187.30 9.25947
170.62 9.25947
253.92 9.21604
237.24 9.21604
220.56 9.21604
203.88 9.21604
187.19 9.21604
170.51 9.21604
153.85 9.21604
137.17 9.21604
220.46 9.18569
203.77 9.18569
187.09 9.18569
170.41 9.18569
153.72 9.18569
137.04 9.18569
120.36 9.18569
103.68 9.18569
203.68 9.19435
187.02 9.19435
170.33 9.19435
153.62 9.19435
136.94 9.19435
120.25 9.19435
103.56 9.19435
86.89 9.19435
253.51 9.29508
236.82 9.29508
220.14 9.29508
203.46 9.29508
186.78 9.29508
170.12 9.29508
153.41 9.29508
136.75 9.29508
236.75 9.37116
220.07 9.37116
203.36 9.37116
186.68 9.37116
169.99 9.37116
153.31 9.37116
136.65 9.37116
119.95 9.37116
203.28 9.33351
186.57 9.33351
169.91 9.33351
153.23 9.33351
136.52 9.33351
119.86 9.33351
103.15 9.33351
86.47 9.33351
269.78 9.38708
253.12 9.38708
236.44 9.38708
219.75 9.38708
203.05 9.38708
186.36 9.38708
169.68 9.38708
153.00 9.38708
236.28 9.35758
219.59 9.35758
202.94 9.35758
186.23 9.35758
169.57 9.35758
152.89 9.35758
136.21 9.35758
119.50 9.35758
252.84 9.42558
236.16 9.42558
219.47 9.42558
202.78 9.42558
186.10 9.42558
169.41 9.42558
152.73 9.42558
136.05 9.42558
219.33 9.3975
202.65 9.3975
185.99 9.3975
169.31 9.3975
152.63 9.3975
135.94 9.3975
119.26 9.3975
102.58 9.3975
185.89 9.42128
169.21 9.42128
152.52 9.42128
135.81 9.42128
119.16 9.42128
102.45 9.42128
85.79 9.42128
69.08 9.42128
252.38 9.53056
235.73 9.53056
219.04 9.53056
202.36 9.53056
185.68 9.53056
169.00 9.53056
152.31 9.53056
135.63 9.53056
218.94 9.51173
202.26 9.51173
185.57 9.51173
168.89 9.51173
318.89 9.57326
302.20 9.57326
285.52 9.57326
268.84 9.57326
252.16 9.57326
235.47 9.57326
218.79 9.57326
202.11 9.57326
285.39 9.51003
268.71 9.51003
252.02 9.51003
235.34 9.51003
218.66 9.51003
201.97 9.51003
185.26 9.51003
168.58 9.51003
251.91 9.51166
235.22 9.51166
218.57 9.51166
201.89 9.51166
185.21 9.51166
168.52 9.51166
151.84 9.51166
135.13 9.51166
251.78 9.52821
235.07 9.52821
218.38 9.52821
201.70 9.52821
185.02 9.52821
168.34 9.52821
151.68 9.52821
134.97 9.52821
218.31 9.47254
201.59 9.47254
184.91 9.47254
168.23 9.47254
151.56 9.47254
134.87 9.47254
118.18 9.47254
101.50 9.47254
234.81 9.45349
218.12 9.45349
201.47 9.45349
184.79 9.45349
168.10 9.45349
151.42 9.45349
134.74 9.45349
118.05 9.45349
101.37 9.45349
84.69 9.45349
284.69 9.51363
268.01 9.51363
251.33 9.51363
234.64 9.51363
217.96 9.51363
201.28 9.51363
184.59 9.51363
167.91 9.51363
251.19 9.54294
234.50 9.54294
217.82 9.54294
201.14 9.54294
184.46 9.54294
167.77 9.54294
151.09 9.54294
134.41 9.54294
217.71 9.50189
201.01 9.50189
184.34 9.50189
167.63 9.50189
150.98 9.50189
134.27 9.50189
117.58 9.50189
100.90 9.50189
250.90 9.45866
234.19 9.45866
217.53 9.45866
200.85 9.45866
184.14 9.45866
167.49 9.45866
150.78 9.45866
134.12 9.45866
334.06 9.5097
317.41 9.5097
300.73 9.5097
284.04 9.5097
267.32 9.5097
250.65 9.5097
233.97 9.5097
217.31 9.5097
300.65 9.4032
283.96 9.4032
267.28 9.4032
250.60 9.4032
233.92 9.4032
217.23 9.4032
200.55 9.4032
183.87 9.4032
283.85 9.40633
267.17 9.40633
250.46 9.40633
233.80 9.40633
217.09 9.40633
200.40 9.40633
183.75 9.40633
167.07 9.40633
250.35 9.13745
233.64 9.13745
216.95 9.13745
200.27 9.13745
183.59 9.13745
166.90 9.13745
150.22 9.13745
133.54 9.13745
216.88 8.93018
200.19 8.93018
183.51 8.93018
166.83 8.93018
150.15 8.93018
133.45 8.93018
116.77 8.93018
100.09 8.93018
200.04 8.93944
183.36 8.93944
166.67 8.93944
150.01 8.93944
133.34 8.93944
116.65 8.93944
99.94 8.93944
83.28 8.93944
183.23 8.94174
166.56 8.94174
149.89 8.94174
133.20 8.94174
116.53 8.94174
99.84 8.94174
83.17 8.94174
66.46 8.94174
183.12 9.0562
166.41 9.0562
149.76 9.0562
133.07 9.0562
116.39 9.0562
99.71 9.0562
83.03 9.0562
66.34 9.0562
266.31 9.03519
249.62 9.03519
232.94 9.03519
216.26 9.03519
199.58 9.03519
182.90 9.03519
166.21 9.03519
149.53 9.03519
232.84 9.08676
216.15 9.08676
199.47 9.08676
182.79 9.08676
166.11 9.08676
149.42 9.08676
132.74 9.08676
116.06 9.08676
299.38 9.21174
282.70 9.21174
266.02 9.21174
249.34 9.21174
232.66 9.21174
215.97 9.21174
199.29 9.21174
182.61 9.21174
265.89 9.20126
249.21 9.20126
232.53 9.20126
215.84 9.20126
199.16 9.20126
182.45 9.20126
165.79 9.20126
149.08 9.20126
249.11 9.19481
232.43 9.19481
215.72 9.19481
199.04 9.19481
182.36 9.19481
165.67 9.19481
148.98 9.19481
132.32 9.19481
215.62 9.13507
198.96 9.13507
182.25 9.13507
165.56 9.13507
148.91 9.13507
132.19 9.13507
115.54 9.13507
98.86 9.13507
232.17 9.10564
215.46 9.10564
198.78 9.10564
182.10 9.10564
165.44 9.10564
148.75 9.10564
132.07 9.10564
115.39 9.10564
265.33 9.23867
248.65 9.23867
231.97 9.23867
215.28 9.23867
198.59 9.23867
181.91 9.23867
165.26 9.23867
148.55 9.23867
231.86 9.18023
215.15 9.18023
198.47 9.18023
181.81 9.18023
165.12 9.18023
148.44 9.18023
131.76 9.18023
115.05 9.18023
231.69 9.13979
215.01 9.13979
198.33 9.13979
181.64 9.13979
164.96 9.13979
148.28 9.13979
131.62 9.13979
114.94 9.13979
248.24 9.17399
231.57 9.17399
214.91 9.17399
198.19 9.17399
181.54 9.17399
164.83 9.17399
148.15 9.17399
131.49 9.17399
214.78 9.13841
198.09 9.13841
181.41 9.13841
164.72 9.13841
148.01 9.13841
131.33 9.13841
114.68 9.13841
97.97 9.13841
231.33 9.17191
214.65 9.17191
197.93 9.17191
181.28 9.17191
164.60 9.17191
147.88 9.17191
131.20 9.17191
114.55 9.17191
281.15 9.09576
264.47 9.09576
247.79 9.09576
231.13 9.09576
214.45 9.09576
197.77 9.09576
181.07 9.09576
164.38 9.09576
147.69 9.09576
131.01 9.09576
231.01 9.02226
214.33 9.02226
197.64 9.02226
180.96 9.02226
164.25 9.02226
147.57 9.02226
130.88 9.02226
114.20 9.02226
214.17 8.84753
197.49 8.84753
180.81 8.84753
164.15 8.84753
147.45 8.84753
130.79 8.84753
114.08 8.84753
97.42 8.84753
214.02 8.71479
197.36 8.71479
180.67 8.71479
163.99 8.71479
147.30 8.71479
130.62 8.71479
113.94 8.71479
97.25 8.71479
213.92 8.71816
197.24 8.71816
180.56 8.71816
163.87 8.71816
147.19 8.71816
130.50 8.71816
113.82 8.71816
97.14 8.71816
230.45 8.62077
213.77 8.62077
197.09 8.62077
180.40 8.62077
163.72 8.62077
147.03 8.62077
130.35 8.62077
113.67 8.62077
196.98 8.35466
180.27 8.35466
163.61 8.35466
146.91 8.35466
130.25 8.35466
113.54 8.35466
96.88 8.35466
80.19 8.35466
196.84 8.26721
180.15 8.26721
163.47 8.26721
146.79 8.26721
130.11 8.26721
113.42 8.26721
96.74 8.26721
80.06 8.26721
213.34 8.17365
196.65 8.17365
179.97 8.17365
163.29 8.17365
146.58 8.17365
129.92 8.17365
113.22 8.17365
96.53 8.17365
213.20 8.11235
196.54 8.11235
179.86 8.11235
163.15 8.11235
146.49 8.11235
129.81 8.11235
113.13 8.11235
96.44 8.11235
213.06 7.94972
196.37 7.94972
179.69 7.94972
162.98 7.94972
146.30 7.94972
129.64 7.94972
112.96 7.94972
96.28 7.94972
179.61 7.9133
162.93 7.9133
146.22 7.9133
129.54 7.9133
112.86 7.9133
96.17 7.9133
79.52 7.9133
62.81 7.9133
179.45 8.00277
162.74 8.00277
146.06 8.00277
129.37 8.00277
112.70 8.00277
96.03 8.00277
79.32 8.00277
62.64 8.00277
179.31 8.09627
162.62 8.09627
145.94 8.09627
129.26 8.09627
112.56 8.09627
95.87 8.09627
79.18 8.09627
62.53 8.09627
212.53 8.1902
195.84 8.1902
179.16 8.1902
162.48 8.1902
145.79 8.1902
129.11 8.1902
112.43 8.1902
95.74 8.1902
229.05 8.32136
212.37 8.32136
195.69 8.32136
179.00 8.32136
162.32 8.32136
145.64 8.32136
128.96 8.32136
112.27 8.32136
212.22 8.23278
195.54 8.23278
178.86 8.23278
162.18 8.23278
145.52 8.23278
128.84 8.23278
112.15 8.23278
95.47 8.23278
278.71 8.42519
262.06 8.42519
245.35 8.42519
228.66 8.42519
211.99 8.42519
195.30 8.42519
178.64 8.42519
161.96 8.42519
228.60 8.27274
211.92 8.27274
195.26 8.27274
178.58 8.27274
161.90 8.27274
145.19 8.27274
128.51 8.27274
111.82 8.27274
195.11 8.26276
178.42 8.26276
161.74 8.26276
145.06 8.26276
128.38 8.26276
111.69 8.26276
95.01 8.26276
78.35 8.26276
161.64 8.42244
144.95 8.42244
128.27 8.42244
111.61 8.42244
94.93 8.42244
78.25 8.42244
61.56 8.42244
44.88 8.42244
194.87 8.50504
178.19 8.50504
161.51 8.50504
144.82 8.50504
128.14 8.50504
111.46 8.50504
94.77 8.50504
78.09 8.50504
261.37 8.67726
244.69 8.67726
227.98 8.67726
211.30 8.67726
194.62 8.67726
177.93 8.67726
161.25 8.67726
144.57 8.67726
227.91 8.80491
211.22 8.80491
194.54 8.80491
177.88 8.80491
161.18 8.80491
144.49 8.80491
127.81 8.80491
111.15 8.80491
261.05 8.87703
244.41 8.87703
227.70 8.87703
211.00 8.87703
194.36 8.87703
177.65 8.87703
161.00 8.87703
144.29 8.87703
227.62 8.93136
210.91 8.93136
194.26 8.93136
177.55 8.93136
160.89 8.93136
144.19 8.93136
127.50 8.93136
110.84 8.93136
