242.56 15.7022
225.87 15.7022
259.24 15.7014
242.58 15.7014
225.87 15.7014
225.88 15.8026
225.88 15.5872
225.88 15.674
242.56 15.694
225.87 15.694
225.90 15.79
225.88 15.4268
242.58 15.7466
225.88 15.7466
225.88 15.5507
225.88 15.5012
225.88 15.6156
225.86 15.4546
225.88 15.8738
225.88 15.6106
225.88 15.6219
225.90 15.6361
225.88 15.502
242.56 15.8544
242.54 15.6431
259.24 15.5738
242.56 15.5738
259.24 15.7534
242.56 15.7534
225.88 15.7534
242.56 15.711
242.56 15.7902
225.88 15.7902
259.24 15.8055
242.56 15.8055
242.57 15.7256
225.88 15.7256
242.57 16.0263
259.25 15.6478
242.57 15.6478
242.57 15.9253
242.57 15.8359
242.57 15.7404
259.25 15.6359
242.57 15.6359
242.57 15.8229
292.61 15.7863
275.93 15.7863
259.24 15.7863
242.55 15.7863
242.56 15.8279
242.56 15.7471
242.55 15.5713
242.56 15.5968
242.56 15.6122
242.58 15.518
259.24 15.6925
242.56 15.6925
242.55 15.5597
242.55 15.7315
259.24 15.7331
242.56 15.7331
259.24 15.7247
242.56 15.7247
242.54 15.6152
242.55 15.6625
242.54 15.7549
242.54 15.9393
275.93 15.7518
259.24 15.7518
242.56 15.7518
242.56 15.6371
259.26 15.7374
242.53 15.7374
259.22 15.7597
242.54 15.7597
242.54 15.501
242.58 15.6695
242.56 15.6341
242.56 15.6413
259.24 15.749
242.56 15.749
242.56 15.5705
242.56 15.6742
242.56 15.3964
275.94 15.676
259.24 15.676
242.58 15.676
242.54 15.5964
242.54 15.64
242.56 15.531
242.54 15.4876
242.54 15.6938
242.56 15.5391
259.22 15.7319
242.54 15.7319
242.58 15.7026
242.54 15.8274
242.56 15.6253
242.54 15.5256
242.56 15.7162
259.22 15.6159
242.55 15.6159
242.56 15.7147
259.24 15.7118
242.54 15.7118
242.56 15.5997
259.24 15.4699
242.53 15.4699
242.54 15.5243
242.54 15.7246
259.22 15.6753
242.54 15.6753
259.26 15.6441
242.56 15.6441
242.54 15.3188
292.61 15.8783
275.93 15.8783
259.26 15.8783
242.56 15.8783
242.58 15.5691
259.24 15.6744
242.58 15.6744
242.56 15.7777
242.54 15.6489
242.54 15.5261
275.92 15.8922
259.22 15.8922
242.56 15.8922
259.26 15.6271
242.58 15.6271
242.58 15.6447
259.24 15.6557
242.56 15.6557
242.58 15.5707
242.58 15.4125
259.22 15.3815
242.54 15.3815
242.56 15.6296
242.56 15.5747
242.56 15.4978
259.24 15.4764
242.56 15.4764
242.56 15.5608
259.24 15.6757
242.56 15.6757
242.54 15.6053
275.93 15.2768
259.22 15.2768
242.54 15.2768
242.54 15.6192
242.54 15.595
242.54 15.4737
242.54 15.5167
259.22 15.6
242.56 15.6
242.56 15.8072
259.25 15.7039
242.56 15.7039
242.56 15.7365
242.56 15.7432
259.26 15.6337
242.58 15.6337
275.94 15.7748
259.26 15.7748
242.58 15.7748
242.58 15.7029
242.58 15.4604
259.26 15.6683
242.58 15.6683
242.58 15.6532
242.58 15.7246
242.58 15.6921
242.58 15.4799
242.58 15.7197
242.59 15.8735
242.58 15.5598
242.56 15.4427
242.58 15.579
242.58 15.6148
242.58 15.7358
242.58 15.6977
242.56 15.6284
309.29 15.8414
292.61 15.8414
275.92 15.8414
259.24 15.8414
242.58 15.8414
242.56 15.5933
242.56 15.7286
242.54 15.8377
242.56 15.8356
242.56 15.8321
242.59 15.7648
259.25 15.7213
242.58 15.7213
242.56 15.5605
242.56 15.9955
242.56 15.7202
242.57 15.8031
242.56 15.6431
242.56 15.7839
242.56 15.8101
242.56 15.6689
242.58 15.7184
242.56 15.8056
242.56 15.6168
259.24 15.7349
242.56 15.7349
242.56 15.7834
259.23 15.6214
242.55 15.6214
242.56 15.9516
259.24 15.8121
242.56 15.8121
242.54 15.6632
242.56 15.7925
242.56 15.8724
242.56 15.6154
242.56 16.0609
242.56 15.7158
275.92 15.5006
259.24 15.5006
242.56 15.5006
259.22 15.4177
242.54 15.4177
242.54 15.6195
259.24 15.6474
242.56 15.6474
242.54 15.6357
259.27 15.7442
242.59 15.7442
259.24 15.6577
242.56 15.6577
259.22 15.6114
242.54 15.6114
242.56 15.4812
259.24 15.7244
242.56 15.7244
259.22 15.5813
242.56 15.5813
242.56 15.7908
242.55 15.7358
242.56 15.8652
242.58 15.7067
242.56 15.788
242.56 15.6202
242.56 15.6866
259.23 15.7636
242.57 15.7636
242.56 15.6632
242.57 15.8933
259.25 15.8012
242.57 15.8012
259.27 15.6694
242.56 15.6694
242.56 15.4727
242.56 15.7312
259.24 15.6411
242.56 15.6411
242.56 15.533
259.24 15.6682
242.56 15.6682
259.25 15.8301
242.57 15.8301
259.24 15.9288
242.56 15.9288
275.94 15.5563
259.24 15.5563
242.56 15.5563
242.56 15.7352
259.22 15.942
242.56 15.942
259.24 15.8362
242.55 15.8362
275.92 16.041
259.24 16.041
242.56 16.041
242.56 15.5695
242.56 15.595
259.24 15.9513
242.55 15.9513
242.56 15.7111
242.56 15.8323
242.56 15.7362
242.54 15.8803
242.56 15.7979
242.54 15.9229
242.54 15.6397
259.24 15.7832
242.56 15.7832
242.56 15.8301
242.56 15.7878
242.58 15.6944
242.57 15.9279
242.57 15.7994
259.25 16.1324
242.57 16.1324
242.56 15.7659
242.56 15.9348
242.54 15.4834
242.55 15.6262
242.58 15.7686
242.54 15.6563
242.56 15.6169
259.27 15.6403
242.59 15.6403
242.58 15.7617
242.54 15.9146
242.56 15.7457
242.56 15.8302
275.92 15.8632
259.24 15.8632
242.56 15.8632
242.56 15.739
242.56 15.8905
242.57 15.6921
242.58 15.8487
242.55 15.5902
242.58 15.8091
242.58 15.6807
242.56 15.8668
275.92 15.7724
259.25 15.7724
242.56 15.7724
242.56 16.0188
242.58 15.6443
259.26 15.5328
242.56 15.5328
242.57 15.7011
242.58 15.8151
242.56 15.7939
242.56 15.7406
242.56 15.9068
259.24 15.7511
242.56 15.7511
259.25 15.8478
242.57 15.8478
242.56 16.0988
242.56 15.9653
242.57 16.0303
242.54 15.9638
242.56 15.9809
242.56 15.9242
242.56 15.9667
259.24 16.0814
242.56 16.0814
242.56 15.7982
242.56 15.7842
242.56 16.1343
242.57 15.9809
242.56 15.875
242.56 16.052
259.24 16.0102
242.58 16.0102
259.25 15.9459
242.57 15.9459
259.20 15.8294
242.54 15.8294
242.54 15.952
242.54 16.0217
259.24 15.9073
242.56 15.9073
259.27 15.8679
242.57 15.8679
259.24 15.8797
242.56 15.8797
275.92 16.0772
259.24 16.0772
242.56 16.0772
259.22 16.0017
242.54 16.0017
242.55 15.9446
259.24 15.9297
242.57 15.9297
242.56 16.1261
242.58 16.1027
242.58 16.0618
242.58 16.0111
242.58 16.1356
242.58 16.0559
259.24 16.0464
242.56 16.0464
242.54 16.1498
242.56 15.9265
275.95 16.1571
259.25 16.1571
242.57 16.1571
242.56 16.0055
242.56 16.1621
242.56 16.1205
242.56 16.3467
242.56 16.2396
242.56 16.3494
242.56 16.2275
259.24 15.9494
242.56 15.9494
242.56 16.1882
242.56 16.03
275.93 16.3233
259.25 16.3233
242.57 16.3233
259.24 16.3632
242.56 16.3632
242.56 16.0727
242.56 16.3742
259.24 16.3191
242.56 16.3191
259.24 16.3016
242.56 16.3016
242.56 16.0476
242.54 16.2449
242.57 16.1712
242.57 16.4197
242.57 16.1682
242.57 16.2476
242.57 16.1755
242.57 16.0219
242.57 16.2747
242.57 15.9508
259.25 16.2053
242.59 16.2053
242.57 16.1142
242.58 15.9912
242.56 16.1629
242.57 15.9453
242.57 16.2505
259.23 16.1101
242.55 16.1101
242.56 16.2571
242.56 16.3432
242.57 16.2144
242.56 16.1608
259.24 16.205
242.56 16.205
242.53 16.0542
242.56 16.0286
242.56 16.108
275.91 16.1445
259.24 16.1445
242.55 16.1445
242.56 16.2251
242.56 15.9627
242.56 16.0712
242.55 15.9178
242.59 16.0979
242.56 16.0043
242.56 16.1231
242.56 15.9818
242.56 16.0811
242.56 15.9097
275.90 15.8161
259.24 15.8161
242.54 15.8161
242.54 16.1091
242.54 16.0954
259.22 15.8156
242.54 15.8156
259.24 16.0492
242.58 16.0492
242.57 16.1536
242.56 15.8804
242.58 16.0527
259.24 15.9747
242.56 15.9747
259.25 16.0269
242.56 16.0269
242.56 15.9676
242.56 15.8842
242.56 15.8848
242.59 15.7357
242.58 15.9448
242.58 15.9357
242.56 15.8832
259.24 15.9444
242.56 15.9444
242.56 15.6276
242.54 15.8906
292.61 15.9507
275.92 15.9507
259.24 15.9507
242.58 15.9507
242.56 15.9548
242.56 15.803
259.24 15.8867
242.56 15.8867
242.56 15.9972
242.56 15.7327
259.24 16.0374
242.56 16.0374
242.56 16.1087
242.58 15.9215
242.56 15.6928
242.58 15.9722
242.56 15.9272
242.58 15.972
242.58 15.8358
242.56 15.7584
242.56 15.8636
242.58 15.9116
242.56 15.8418
242.56 15.7097
242.58 15.8787
242.58 15.774
259.24 15.9512
242.56 15.9512
259.24 15.9211
242.56 15.9211
242.56 15.5363
242.56 15.809
242.56 15.9327
259.24 15.609
242.57 15.609
242.56 16.0447
242.56 15.952
242.58 15.8171
309.29 15.7627
292.61 15.7627
275.92 15.7627
259.24 15.7627
242.56 15.7627
242.54 15.8858
259.26 15.91
242.56 15.91
242.55 15.922
242.56 15.6768
242.56 15.9749
259.26 15.6344
242.56 15.6344
242.58 16.0001
259.21 15.8129
242.56 15.8129
242.56 15.8656
242.56 15.7709
242.58 15.8929
242.56 15.8047
242.56 15.659
259.24 15.6993
242.57 15.6993
242.56 15.4673
242.56 15.8539
259.26 16.0973
242.58 16.0973
242.54 15.8949
242.56 15.7434
242.56 15.9473
242.56 15.7895
259.24 16.005
242.56 16.005
242.56 15.8995
242.56 15.9476
242.56 15.9288
242.55 15.984
242.56 15.8295
242.56 15.9128
242.56 15.7838
259.24 15.7406
242.56 15.7406
242.57 15.8855
242.56 15.7982
242.56 15.8858
242.56 15.9069
242.58 15.9275
259.24 15.821
242.58 15.821
242.57 15.9328
242.56 15.81
275.93 15.7167
259.24 15.7167
242.56 15.7167
259.24 15.8945
242.56 15.8945
242.56 16.0259
259.26 15.8833
242.57 15.8833
242.56 16.0647
242.56 16.0368
242.56 15.6892
242.56 15.8049
259.24 16.03
242.56 16.03
242.56 15.9015
259.24 15.8152
242.56 15.8152
259.24 15.9558
242.56 15.9558
242.56 15.6758
242.56 15.9182
242.56 15.6248
242.56 15.975
242.55 15.9191
242.56 15.7323
259.24 15.9304
242.56 15.9304
242.56 15.6793
242.56 15.6798
242.56 15.8358
242.57 15.8317
242.54 15.821
242.56 16.0336
242.56 15.8496
242.56 15.8403
242.56 15.9333
242.56 16.0737
242.54 15.8632
242.56 15.7529
242.56 15.7868
242.56 16.0354
242.56 15.9435
242.54 15.9587
275.93 16.0363
259.24 16.0363
242.56 16.0363
242.56 16.1263
242.56 15.9009
275.93 15.8636
259.24 15.8636
242.56 15.8636
242.56 15.8854
242.57 15.7903
242.56 15.9373
242.56 16.0462
242.56 15.6998
242.57 15.8748
242.54 15.8099
242.56 15.969
242.57 15.6653
242.57 15.9309
242.56 15.8912
242.56 15.816
242.56 15.9528
292.61 15.8252
275.92 15.8252
259.26 15.8252
242.56 15.8252
242.56 15.8791
259.24 15.9624
242.54 15.9624
242.57 16.0684
242.56 16.0783
259.25 16.0553
242.56 16.0553
242.54 16.0104
242.57 15.8148
242.57 15.8144
259.27 15.8983
242.59 15.8983
242.57 15.9159
242.58 15.995
242.54 15.8504
242.54 16.0201
242.57 15.9639
259.27 15.7137
242.57 15.7137
242.57 15.8649
242.54 15.9271
242.57 15.9151
242.57 15.8494
242.57 15.5912
242.57 15.8784
242.57 15.8494
242.57 15.9049
242.56 15.9656
242.56 15.6692
242.54 16.055
242.56 15.8344
259.24 15.6796
242.56 15.6796
259.24 15.8645
242.55 15.8645
259.25 15.9351
242.57 15.9351
259.25 15.9942
242.57 15.9942
242.59 15.9259
242.56 15.9082
259.24 15.9033
242.56 15.9033
292.61 16.0489
275.93 16.0489
259.25 16.0489
242.57 16.0489
242.58 15.6399
259.22 15.5484
242.53 15.5484
275.92 15.826
259.24 15.826
242.56 15.826
259.22 15.7143
242.55 15.7143
242.55 15.8795
242.56 15.9084
242.56 15.8174
242.56 15.9256
259.24 15.9941
242.55 15.9941
242.55 16.0687
275.92 15.8548
259.21 15.8548
242.55 15.8548
242.56 15.8207
259.24 15.9863
242.55 15.9863
242.55 15.684
242.55 15.9655
242.56 15.7634
242.54 15.8828
242.57 15.8886
242.54 15.9669
242.56 16.0282
275.90 15.7574
259.22 15.7574
242.54 15.7574
242.54 15.7877
242.54 16.1
242.56 15.9632
259.22 15.9137
242.51 15.9137
242.54 15.7424
242.54 15.9808
242.54 15.984
242.54 16.1789
259.22 15.9746
242.54 15.9746
259.26 15.8955
242.56 15.8955
259.22 16.1458
242.56 16.1458
242.58 16.0028
242.58 16.0384
242.56 15.9807
242.58 16.1401
242.58 15.9849
242.58 15.8019
259.26 15.8943
242.56 15.8943
242.58 15.989
292.63 15.9793
275.95 15.9793
259.27 15.9793
242.59 15.9793
242.58 15.7522
242.57 15.846
259.25 15.9428
242.59 15.9428
242.57 15.873
242.56 15.8168
259.22 15.7059
242.53 15.7059
242.58 15.7461
242.56 15.6113
242.56 16.1142
242.54 15.7465
259.22 16.0201
242.56 16.0201
242.54 15.7442
242.56 15.7801
275.93 15.9378
259.25 15.9378
242.56 15.9378
275.91 15.7834
259.22 15.7834
242.54 15.7834
242.54 15.9598
242.54 15.9732
242.54 15.6638
242.52 15.8357
242.54 15.8946
242.54 15.8302
242.54 16.0138
275.91 15.6587
259.25 15.6587
242.56 15.6587
259.26 15.7224
242.58 15.7224
242.56 15.5637
242.54 15.6929
242.56 15.9328
242.58 15.6133
242.58 15.7643
259.24 15.7426
242.56 15.7426
259.24 15.7198
242.56 15.7198
242.58 15.6224
242.58 15.81
292.61 15.6842
275.93 15.6842
259.24 15.6842
259.26 15.6792
259.26 15.5842
259.27 15.7072
259.26 15.82
275.94 15.6056
259.24 15.6056
259.26 15.6393
292.61 15.77
275.93 15.77
259.26 15.77
259.26 15.7922
259.25 15.8397
242.56 15.8397
259.27 15.735
242.56 15.735
292.61 15.7495
275.93 15.7495
259.25 15.7495
259.26 15.727
259.26 15.7968
242.56 15.7968
259.24 15.4597
275.92 15.9683
259.26 15.9683
275.94 15.9277
259.24 15.9277
259.24 15.9813
259.24 15.7231
242.56 15.7231
242.56 15.7091
242.58 15.6941
259.25 15.8788
242.59 15.8788
275.92 15.9451
259.25 15.9451
275.92 15.8071
259.26 15.8071
259.24 16.0805
292.61 15.7289
275.92 15.7289
259.24 15.7289
259.24 15.8688
259.24 15.7643
259.24 15.8142
259.24 15.8807
259.26 15.6323
259.24 15.6108
259.22 15.81
259.24 15.8557
275.93 15.8337
259.21 15.8337
259.24 15.7944
259.22 15.6592
259.23 15.739
259.26 16.0348
259.26 15.8001
259.24 15.657
275.92 15.8825
259.24 15.8825
259.22 15.8193
259.27 15.7858
292.61 15.7656
275.93 15.7656
259.26 15.7656
259.26 15.6655
259.25 15.6447
259.24 15.6139
259.22 15.8379
259.22 15.6741
275.92 15.7649
259.24 15.7649
259.24 15.7601
275.92 15.5308
259.22 15.5308
275.93 15.4948
259.24 15.4948
259.25 15.6531
259.24 15.6947
259.25 15.6098
275.94 15.6396
259.24 15.6396
275.92 15.7962
259.26 15.7962
259.24 15.8275
259.24 15.5753
259.24 15.8567
259.25 15.8636
259.27 15.8248
259.25 15.7002
259.26 15.7622
259.24 15.8876
259.24 15.6291
259.26 15.7734
292.63 15.7194
275.93 15.7194
259.24 15.7194
259.26 15.8493
259.26 15.7903
259.24 15.9714
259.24 15.6456
292.61 15.735
275.94 15.735
259.24 15.735
275.93 15.751
259.26 15.751
259.24 15.792
275.90 15.8272
259.24 15.8272
259.22 15.6854
259.24 15.7442
259.26 15.4138
259.24 15.5656
259.24 15.6972
259.26 15.6098
259.24 15.8117
275.93 15.8764
259.26 15.8764
292.61 15.8676
275.93 15.8676
259.26 15.8676
259.24 15.6815
259.24 15.6638
275.93 15.79
259.23 15.79
275.92 15.6937
259.22 15.6937
259.27 15.9771
275.94 15.9779
259.24 15.9779
259.26 15.6441
259.25 15.7761
259.25 15.8177
259.24 15.8986
259.24 15.9128
292.60 15.9448
275.93 15.9448
259.24 15.9448
259.22 15.7004
259.24 15.8549
259.24 15.7096
259.24 15.8252
275.93 15.889
259.25 15.889
259.26 16.0777
275.93 15.8402
259.25 15.8402
259.26 15.7205
259.26 15.8836
275.94 16.1001
259.24 16.1001
259.26 15.86
259.24 15.8121
292.62 15.7376
275.96 15.7376
259.25 15.7376
275.93 15.8656
259.24 15.8656
259.25 15.7009
275.93 15.7973
259.27 15.7973
259.25 15.6843
259.24 15.8154
259.26 15.6883
275.92 15.8214
259.24 15.8214
259.26 15.944
259.25 15.6163
275.90 15.8392
259.22 15.8392
259.25 15.7981
259.24 15.7669
259.24 15.7722
275.92 15.9265
259.24 15.9265
259.24 15.7562
259.22 15.6491
259.24 15.8269
1310.19 15.8611
3295.32 15.6876
9317.43 15.3239
9300.77 15.3239
9284.07 15.3239
9267.41 15.3239
9250.73 15.3239
9234.03 15.3239
9217.34 15.3239
9200.66 15.3239
9183.98 15.3239
9167.32 15.3239
9150.64 15.3239
9133.96 15.3239
9117.27 15.3239
9100.57 15.3239
9133.94 15.5457
9117.26 15.5457
9100.59 15.5457
9083.89 15.5457
9083.89 15.6101
9067.21 15.6101
9050.53 15.6101
9050.52 15.5194
9050.53 15.5523
9033.83 15.5523
9017.16 15.5523
9000.47 15.5523
8983.80 15.5523
8967.12 15.5523
8950.44 15.5523
8967.10 15.6506
8950.42 15.6506
8933.75 15.6506
8933.76 15.7265
8917.08 15.7265
8967.12 15.4104
8950.44 15.4104
8933.76 15.4104
8917.08 15.4104
8900.42 15.4104
8883.72 15.4104
8867.03 15.4104
8850.35 15.4104
8833.67 15.4104
8833.66 15.6547
8817.00 15.6547
8800.30 15.6547
8783.59 15.6547
8766.93 15.6547
8750.25 15.6547
8733.57 15.6547
8716.89 15.6547
8716.91 15.842
8700.23 15.842
8683.53 15.842
8683.53 15.4645
8683.55 15.9769
8666.87 15.9769
8650.17 15.9769
8633.49 15.9769
8616.80 15.9769
8616.80 15.8163
8600.12 15.8163
8583.44 15.8163
8566.76 15.8163
8566.76 15.7602
8550.09 15.7602
8533.39 15.7602
8516.73 15.7602
8566.78 15.7849
8550.08 15.7849
8533.39 15.7849
8516.71 15.7849
8500.03 15.7849
8483.33 15.7849
8466.67 15.7849
8449.98 15.7849
8433.30 15.7849
8416.62 15.7849
8399.94 15.7849
8383.25 15.7849
8366.58 15.7849
8349.91 15.7849
8349.89 15.7441
8333.21 15.7441
8316.53 15.7441
8316.53 15.5716
8299.85 15.5716
8283.19 15.5716
8266.49 15.5716
8299.85 15.6057
8283.17 15.6057
8266.49 15.6057
8249.80 15.6057
8249.80 15.6168
8233.12 15.6168
8233.12 15.5863
8216.46 15.5863
8199.78 15.5863
8183.08 15.5863
8166.39 15.5863
8149.71 15.5863
8183.08 15.6347
8166.42 15.6347
8149.72 15.6347
8133.03 15.6347
8116.35 15.6347
8099.67 15.6347
8099.67 15.6967
8082.99 15.6967
8066.31 15.6967
8066.32 15.7085
8049.64 15.7085
8032.98 15.7085
8049.62 15.6121
8032.94 15.6121
8016.26 15.6121
7999.58 15.6121
7982.90 15.6121
7966.21 15.6121
7999.58 15.6921
7982.90 15.6921
7966.22 15.6921
7949.54 15.6921
7932.86 15.6921
7916.17 15.6921
7916.17 15.489
7916.18 15.5383
7899.50 15.5383
7882.82 15.5383
7866.14 15.5383
7866.14 15.7626
7849.46 15.7626
7832.78 15.7626
7832.78 15.5159
7816.10 15.5159
7799.42 15.5159
7782.73 15.5159
7799.41 15.7182
7782.73 15.7182
7766.03 15.7182
7749.35 15.7182
7766.03 15.5762
7749.35 15.5762
7732.68 15.5762
7715.99 15.5762
7699.30 15.5762
7682.62 15.5762
7665.94 15.5762
7949.54 15.6789
7966.22 15.9765
7949.54 15.9765
7932.85 15.9765
7916.17 15.9765
7899.49 15.9765
7882.80 15.9765
7866.13 15.9765
7849.45 15.9765
7832.77 15.9765
7816.08 15.9765
7799.40 15.9765
7782.72 15.9765
7766.04 15.9765
7749.36 15.9765
7732.68 15.9765
7732.67 15.4704
7715.99 15.4704
7699.31 15.4704
7682.63 15.4704
7682.63 15.6348
7682.65 15.676
7665.97 15.676
7649.29 15.676
7665.95 15.5845
7649.27 15.5845
7649.24 15.4977
7632.58 15.4977
7632.57 15.2409
7615.90 15.2409
7615.90 15.4869
7599.21 15.4869
7582.53 15.4869
7582.54 15.5829
7565.86 15.5829
7565.85 15.6075
7565.85 15.5425
7549.18 15.5425
7549.19 15.3453
7532.51 15.3453
7532.51 15.7458
7515.83 15.7458
7499.13 15.7458
7499.13 15.2733
7499.15 15.8847
7499.13 15.2614
7515.82 15.2513
7499.12 15.2513
7482.46 15.2513
7465.77 15.2513
7465.76 15.387
7449.08 15.387
7482.44 15.3699
7465.76 15.3699
7449.08 15.3699
7432.39 15.3699
7415.74 15.3699
7399.06 15.3699
7399.04 15.1496
7382.35 15.1496
7365.69 15.1496
7365.67 15.2374
7365.67 15.3199
7348.99 15.3199
7332.31 15.3199
7332.34 15.2892
7315.65 15.2892
7315.66 15.3388
7298.98 15.3388
7298.92 15.4397
7282.24 15.4397
7282.27 15.4719
7282.27 15.5013
7298.95 15.2498
7282.26 15.2498
7265.58 15.2498
7265.61 15.2911
7248.92 15.2911
7232.22 15.2911
7215.54 15.2911
7215.56 15.4354
7198.88 15.4354
7198.87 15.3663
7198.88 15.4938
7182.20 15.4938
7182.20 15.5479
7165.52 15.5479
7348.99 15.2861
7332.33 15.2861
7315.62 15.2861
7298.94 15.2861
7282.26 15.2861
7265.58 15.2861
7248.90 15.2861
7232.22 15.2861
7215.54 15.2861
7198.85 15.2861
7182.17 15.2861
7165.49 15.2861
7148.81 15.2861
7132.13 15.2861
7115.44 15.2861
7098.76 15.2861
7082.08 15.2861
7065.40 15.2861
7048.72 15.2861
7032.03 15.2861
7015.35 15.2861
6998.67 15.2861
6981.98 15.2861
6965.30 15.2861
6948.63 15.2861
6931.95 15.2861
6915.26 15.2861
6898.58 15.2861
6881.92 15.2861
6865.22 15.2861
6848.54 15.2861
6831.85 15.2861
6815.17 15.2861
6798.48 15.2861
6781.81 15.2861
6765.13 15.2861
6748.45 15.2861
6731.76 15.2861
6715.08 15.2861
6698.40 15.2861
6681.72 15.2861
6665.04 15.2861
6648.35 15.2861
6631.67 15.2861
6614.99 15.2861
6598.29 15.2861
6581.63 15.2861
6564.95 15.2861
6548.28 15.2861
6531.58 15.2861
6514.90 15.2861
6498.22 15.2861
6481.54 15.2861
6464.86 15.2861
6448.17 15.2861
6431.48 15.2861
6414.81 15.2861
6398.13 15.2861
6381.45 15.2861
6364.76 15.2861
6348.09 15.2861
6331.40 15.2861
6314.72 15.2861
6298.06 15.2861
6281.36 15.2861
6264.69 15.2861
6248.01 15.2861
6231.31 15.2861
6214.63 15.2861
6197.95 15.2861
6197.95 15.3315
6181.27 15.3315
6164.59 15.3315
6147.91 15.3315
6131.23 15.3315
6114.55 15.3315
6114.54 15.2106
6097.86 15.2106
6081.17 15.2106
6064.49 15.2106
6064.52 15.295
6081.16 15.3508
6064.50 15.3508
6047.84 15.3508
6031.14 15.3508
6031.13 15.4503
6031.12 15.2175
6014.45 15.2175
5997.77 15.2175
5981.09 15.2175
5981.09 15.4981
5981.09 15.5372
5964.40 15.5372
5964.40 15.5137
5964.38 15.3384
5964.41 15.6825
5964.40 15.6037
5947.72 15.6037
5931.04 15.6037
5914.36 15.6037
5931.02 15.6558
5914.34 15.6558
5897.68 15.6558
5880.95 15.6558
5881.00 15.5382
5864.32 15.5382
5847.64 15.5382
5864.32 15.4917
5847.63 15.4917
5847.63 15.5146
5830.95 15.5146
5814.27 15.5146
5814.25 15.5235
5797.56 15.5235
5797.59 15.3358
5780.91 15.3358
5780.90 14.8678
5764.22 14.8678
5764.23 15.003
5764.20 15.303
5764.23 15.4619
5780.90 14.9303
5764.21 14.9303
5747.53 14.9303
5730.87 14.9303
5714.17 14.9303
5697.48 14.9303
5680.82 14.9303
5664.14 14.9303
5647.46 14.9303
5630.78 14.9303
5614.08 14.9303
5597.42 14.9303
5580.71 14.9303
5564.03 14.9303
5547.35 14.9303
5530.65 14.9303
5513.99 14.9303
5564.04 14.6986
5547.36 14.6986
5530.67 14.6986
5514.02 14.6986
5497.34 14.6986
5480.63 14.6986
5463.95 14.6986
5447.27 14.6986
5430.59 14.6986
5413.91 14.6986
5397.23 14.6986
5380.54 14.6986
5363.86 14.6986
5347.18 14.6986
5330.50 14.6986
6247.97 15.543
6231.29 15.543
6214.61 15.543
6197.93 15.543
6181.25 15.543
6164.55 15.543
6147.88 15.543
6131.20 15.543
6114.51 15.543
6097.84 15.543
6081.16 15.543
6064.47 15.543
6047.79 15.543
6031.11 15.543
6014.45 15.543
5997.75 15.543
5981.07 15.543
5964.38 15.543
5947.70 15.543
5931.02 15.543
5914.34 15.543
5897.66 15.543
5880.97 15.543
5864.29 15.543
5847.61 15.543
5830.93 15.543
5814.24 15.543
5797.59 15.543
5780.90 15.543
5764.22 15.543
5747.51 15.543
5730.86 15.543
5714.18 15.543
5697.50 15.543
5680.81 15.543
5664.13 15.543
5647.45 15.543
5630.74 15.543
5614.07 15.543
5597.39 15.543
5580.70 15.543
5564.04 15.543
5547.36 15.543
5530.66 15.543
5514.00 15.543
5497.29 15.543
5480.63 15.543
5463.93 15.543
5447.25 15.543
5430.57 15.543
5413.89 15.543
5397.20 15.543
5380.54 15.543
5363.86 15.543
5347.18 15.543
5330.50 15.543
5313.82 15.543
5297.14 15.543
5280.45 15.543
5263.77 15.543
5247.09 15.543
5230.39 15.543
5213.70 15.543
5197.02 15.543
5180.34 15.543
5163.66 15.543
5146.98 15.543
5130.30 15.543
5113.61 15.543
5096.93 15.543
5080.25 15.543
5063.57 15.543
5046.91 15.543
5030.19 15.543
5013.52 15.543
4996.84 15.543
4980.15 15.543
4963.48 15.543
4946.80 15.543
4930.14 15.543
4913.43 15.543
4896.75 15.543
4880.07 15.543
4863.39 15.543
4846.71 15.543
4830.03 15.543
4813.34 15.543
4796.66 15.543
4779.98 15.543
4763.30 15.543
4746.62 15.543
4729.94 15.543
4713.25 15.543
4696.56 15.543
4679.91 15.543
4663.21 15.543
4646.53 15.543
4629.86 15.543
4613.15 15.543
4596.48 15.543
4579.80 15.543
4563.12 15.543
4546.43 15.543
4529.75 15.543
4513.09 15.543
4496.39 15.543
4479.71 15.543
4463.02 15.543
4446.34 15.543
4429.66 15.543
4412.98 15.543
4396.30 15.543
4379.64 15.543
4362.93 15.543
4346.25 15.543
4329.57 15.543
4312.89 15.543
4296.21 15.543
4279.53 15.543
4262.84 15.543
4246.16 15.543
4229.48 15.543
4212.80 15.543
4196.12 15.543
4179.44 15.543
4162.75 15.543
4146.07 15.543
4129.39 15.543
4112.71 15.543
4096.03 15.543
4079.34 15.543
4062.68 15.543
4045.98 15.543
4029.30 15.543
4012.62 15.543
3995.94 15.543
3979.26 15.543
3962.57 15.543
3945.89 15.543
3929.21 15.543
3912.53 15.543
3895.86 15.543
3879.18 15.543
3862.48 15.543
3845.80 15.543
3829.12 15.543
3812.44 15.543
3795.76 15.543
3779.07 15.543
3762.39 15.543
3745.71 15.543
3729.02 15.543
3712.35 15.543
3695.68 15.543
3678.98 15.543
3662.30 15.543
3645.62 15.543
3628.94 15.543
3612.28 15.543
3595.59 15.543
3578.91 15.543
3562.21 15.543
3545.53 15.543
3528.85 15.543
3512.17 15.543
3495.49 15.543
3478.80 15.543
3462.12 15.543
3445.44 15.543
3428.76 15.543
3412.08 15.543
3395.39 15.543
3378.71 15.543
3362.03 15.543
3345.35 15.543
3328.67 15.543
3311.99 15.543
3295.30 15.543
3278.62 15.543
3261.94 15.543
3245.26 15.543
3228.58 15.543
3211.89 15.543
3195.23 15.543
3178.53 15.543
3161.85 15.543
3145.17 15.543
3128.49 15.543
3111.80 15.543
3095.12 15.543
3078.44 15.543
3061.76 15.543
3045.08 15.543
3028.40 15.543
3011.74 15.543
2995.03 15.543
2978.37 15.543
2961.69 15.543
2944.99 15.543
2928.30 15.543
2911.62 15.543
2894.94 15.543
2878.26 15.543
2861.58 15.543
2844.90 15.543
2828.23 15.543
2811.53 15.543
2794.85 15.543
2778.17 15.543
2761.49 15.543
2744.80 15.543
2728.12 15.543
2711.44 15.543
2694.76 15.543
2678.08 15.543
2661.39 15.543
2644.72 15.543
2628.03 15.543
2611.35 15.543
2594.67 15.543
2577.99 15.543
2561.31 15.543
2544.62 15.543
2527.94 15.543
2511.26 15.543
2494.58 15.543
2477.90 15.543
2461.22 15.543
2444.53 15.543
2427.87 15.543
2411.17 15.543
2394.50 15.543
2377.81 15.543
2361.13 15.543
2344.44 15.543
2327.76 15.543
2311.08 15.543
2294.40 15.543
2277.72 15.543
2261.05 15.543
2244.34 15.543
2227.67 15.543
2210.98 15.543
2194.30 15.543
2177.62 15.543
2160.94 15.543
2144.24 15.543
2127.57 15.543
2110.90 15.543
2094.24 15.543
2077.53 15.543
2060.87 15.543
2044.19 15.543
2027.48 15.543
2010.80 15.543
1994.12 15.543
1977.44 15.543
1960.76 15.543
1944.08 15.543
1927.42 15.543
1910.74 15.543
1894.06 15.543
1877.37 15.543
1860.69 15.543
1843.98 15.543
1827.30 15.543
1810.62 15.543
1793.94 15.543
1777.26 15.543
1760.60 15.543
1743.92 15.543
1727.24 15.543
1710.53 15.543
1693.87 15.543
1677.17 15.543
1660.51 15.543
1643.83 15.543
1627.12 15.543
1610.45 15.543
1593.76 15.543
1577.07 15.543
1560.39 15.543
1543.71 15.543
1527.03 15.543
1510.35 15.543
1493.67 15.543
1476.98 15.543
1460.31 15.543
1443.62 15.543
1426.97 15.543
1410.29 15.543
1393.58 15.543
1376.92 15.543
1360.22 15.543
1343.53 15.543
1326.88 15.543
1310.18 15.543
1293.49 15.543
1276.83 15.543
1260.15 15.543
1243.45 15.543
1226.76 15.543
1210.08 15.543
1193.42 15.543
1176.72 15.543
1160.04 15.543
1143.36 15.543
1126.70 15.543
1109.99 15.543
1093.31 15.543
1076.63 15.543
1059.93 15.543
1043.26 15.543
1026.59 15.543
1009.90 15.543
993.24 15.543
976.54 15.543
976.56 14.7179
959.90 14.7179
959.86 15.1507
943.17 15.1507
943.18 15.169
943.20 14.9601
959.86 14.613
943.20 14.613
926.49 14.613
926.49 15.0469
926.49 15.2025
909.81 15.2025
909.80 15.3887
909.82 15.3184
926.50 15.3851
909.83 15.3851
893.15 15.3851
893.13 15.6215
893.17 15.5889
893.14 15.5758
893.15 15.3578
893.15 15.5804
876.47 15.5804
876.47 15.4593
893.15 15.327
876.47 15.327
893.15 15.429
876.47 15.429
859.79 15.429
876.47 15.4516
859.79 15.4516
843.11 15.4516
843.11 15.5877
876.49 15.1931
859.79 15.1931
843.12 15.1931
843.10 15.4568
826.42 15.4568
4346.27 14.74
4329.59 14.74
4312.91 14.74
4296.23 14.74
4279.52 14.74
4262.85 14.74
4246.16 14.74
4229.48 14.74
4212.82 14.74
4196.12 14.74
4179.45 14.74
4162.75 14.74
4146.07 14.74
4129.39 14.74
4112.71 14.74
4096.05 14.74
4079.34 14.74
4062.66 14.74
4045.98 14.74
4029.30 14.74
4012.62 14.74
3995.93 14.74
3979.25 14.74
3962.57 14.74
3945.91 14.74
3929.23 14.74
3912.55 14.74
3895.86 14.74
3879.18 14.74
3862.50 14.74
3845.82 14.74
3829.14 14.74
3812.46 14.74
3795.73 14.74
3779.09 14.74
3762.41 14.74
3745.73 14.74
3729.05 14.74
3712.35 14.74
3695.66 14.74
3678.98 14.74
3662.30 14.74
3645.62 14.74
3628.96 14.74
3612.28 14.74
3595.59 14.74
3578.89 14.74
3562.23 14.74
3545.55 14.74
3528.85 14.74
3512.16 14.74
3495.48 14.74
3478.80 14.74
3462.14 14.74
3445.46 14.74
3428.76 14.74
3412.07 14.74
3395.39 14.74
3378.71 14.74
3362.05 14.74
3345.35 14.74
3328.66 14.74
3311.98 14.74
3295.32 14.74
3278.61 14.74
3261.96 14.74
3245.25 14.74
3228.57 14.74
3211.89 14.74
3195.21 14.74
3178.53 14.74
3161.85 14.74
3145.16 14.74
3128.50 14.74
3111.82 14.74
3095.12 14.74
3078.44 14.74
3061.76 14.74
3045.07 14.74
3028.39 14.74
3011.71 14.74
2995.03 14.74
2978.35 14.74
2961.67 14.74
2944.98 14.74
2928.32 14.74
2911.64 14.74
2894.96 14.74
2878.28 14.74
2861.60 14.74
2844.91 14.74
2828.23 14.74
2811.53 14.74
2794.85 14.74
2778.19 14.74
2761.49 14.74
2744.80 14.74
2728.12 14.74
2711.44 14.74
2694.76 14.74
2678.08 14.74
2661.39 14.74
2644.71 14.74
2628.04 14.74
2611.35 14.74
2594.67 14.74
2577.99 14.74
2561.30 14.74
2544.62 14.74
2527.94 14.74
2511.26 14.74
2494.58 14.74
2477.89 14.74
2461.23 14.74
2444.53 14.74
2427.87 14.74
2411.17 14.74
2394.49 14.74
2377.80 14.74
2361.12 14.74
2344.45 14.74
2327.76 14.74
2311.10 14.74
2294.42 14.74
2277.73 14.74
2261.03 14.74
2244.35 14.74
2227.67 14.74
2211.01 14.74
2194.32 14.74
2177.62 14.74
2160.94 14.74
2144.26 14.74
2127.58 14.74
2110.90 14.74
2094.21 14.74
2077.53 14.74
2060.85 14.74
2044.17 14.74
2027.51 14.74
2010.80 14.74
1994.12 14.74
1977.44 14.74
1960.78 14.74
1944.10 14.74
1927.40 14.74
1910.72 14.74
1894.04 14.74
1877.35 14.74
1860.67 14.74
1843.99 14.74
1827.31 14.74
1810.63 14.74
1793.94 14.74
1777.26 14.74
1760.58 14.74
1743.92 14.74
1727.22 14.74
1710.54 14.74
1693.85 14.74
1677.17 14.74
1660.50 14.74
1643.81 14.74
1627.13 14.74
1610.44 14.74
1593.76 14.74
1577.08 14.74
1560.40 14.74
1543.72 14.74
1527.04 14.74
1510.33 14.74
1493.67 14.74
1476.99 14.74
1460.31 14.74
1443.65 14.74
1426.94 14.74
1410.27 14.74
1393.58 14.74
1376.90 14.74
1360.22 14.74
1343.54 14.74
1326.85 14.74
1310.17 14.74
1293.49 14.74
1276.83 14.74
1260.13 14.74
1243.43 14.74
1226.76 14.74
1210.08 14.74
1193.40 14.74
1176.72 14.74
1160.04 14.74
1143.38 14.74
1126.66 14.74
1110.00 14.74
1093.33 14.74
1076.62 14.74
1059.94 14.74
1043.27 14.74
1026.58 14.74
1009.90 14.74
993.22 14.74
976.54 14.74
959.85 14.74
943.19 14.74
926.49 14.74
909.81 14.74
893.15 14.74
876.47 14.74
859.79 14.74
843.10 14.74
826.40 14.74
809.72 14.74
793.04 14.74
776.36 14.74
759.70 14.74
743.01 14.74
726.31 14.74
709.65 14.74
692.95 14.74
676.28 14.74
659.61 14.74
642.92 14.74
626.22 14.74
609.56 14.74
592.88 14.74
576.17 14.74
559.51 14.74
542.83 14.74
526.15 14.74
509.45 14.74
492.79 14.74
476.08 14.74
459.42 14.74
459.41 14.2524
442.74 14.2524
426.06 14.2524
409.38 14.2524
392.70 14.2524
376.01 14.2524
359.33 14.2524
342.65 14.2524
325.95 14.2524
325.97 14.8107
325.97 14.7359
309.29 14.7359
325.97 15.1805
309.29 15.1805
309.29 15.0218
309.29 15.1462
309.29 15.0145
325.97 15.4319
309.29 15.4319
309.29 15.0983
292.61 15.0983
292.61 15.0316
292.61 15.1707
292.61 15.5238
292.61 15.3618
292.61 15.1883
292.59 15.3453
292.59 15.315
292.58 15.1862
292.59 15.16
292.61 15.2638
292.61 15.2816
292.59 15.0284
309.29 15.3341
292.61 15.3341
342.65 15.2708
325.97 15.2708
309.29 15.2708
292.61 15.2708
292.61 15.2347
292.61 15.4219
292.61 15.1272
292.61 15.0871
292.61 15.1965
292.63 15.3359
292.63 15.3047
292.62 15.0329
292.63 15.2102
292.63 15.2425
292.61 15.0872
292.61 15.0322
292.63 15.0572
292.63 15.3011
292.63 15.231
292.61 15.2405
309.29 15.1943
292.61 15.1943
309.32 15.4394
292.63 15.4394
309.29 15.1885
292.61 15.1885
292.61 15.1967
309.29 15.356
292.61 15.356
292.63 15.2498
309.29 15.1229
292.61 15.1229
292.59 15.2509
292.61 15.392
292.61 15.4701
292.59 15.2648
292.63 15.5136
292.61 15.5838
292.63 15.6586
292.61 15.6492
292.60 15.4124
292.63 15.5501
309.31 15.4547
292.63 15.4547
292.62 15.377
292.61 15.4283
292.63 15.3979
292.61 15.5114
292.63 15.5475
292.61 15.5884
292.63 15.4709
292.60 15.4966
292.65 15.4391
309.31 15.3751
292.63 15.3751
292.60 15.3252
309.31 15.4479
292.61 15.4479
309.31 15.3514
292.58 15.3514
292.61 15.4431
292.63 15.2083
292.61 15.5694
292.61 15.4376
292.61 15.271
292.60 15.3033
292.61 15.6836
292.60 15.4329
292.61 15.264
292.59 15.4572
292.61 15.4777
292.58 15.4854
292.59 15.363
309.27 15.3901
292.61 15.3901
292.60 15.4924
292.61 15.3811
292.61 15.3598
292.61 15.5356
292.60 15.318
292.61 15.3088
292.57 15.403
292.64 15.4513
292.60 15.3574
292.62 15.6179
292.61 15.2789
292.61 15.369
292.58 15.4049
292.61 15.3285
292.61 15.4169
292.61 15.0695
292.60 15.3539
292.61 15.5054
292.62 15.3153
325.97 15.3003
309.29 15.3003
292.58 15.3003
292.61 15.4353
292.62 15.2614
309.31 15.3579
292.61 15.3579
309.29 15.4579
309.31 15.1853
309.29 15.4401
309.30 15.2748
309.29 15.4394
309.28 15.1628
309.27 15.329
309.27 15.2267
309.26 15.4889
309.27 15.3276
325.95 15.2673
309.29 15.2673
325.97 15.4401
309.29 15.4401
325.95 15.6562
309.29 15.6562
309.29 15.3731
309.29 15.3353
309.27 15.4855
325.95 15.5182
309.27 15.5182
309.27 15.4666
309.27 15.7036
309.27 15.8003
309.28 15.7799
325.95 15.6404
309.27 15.6404
309.26 15.7482
309.29 15.5371
309.29 15.6028
325.97 15.8183
309.29 15.8183
309.29 15.7124
309.29 15.7191
309.29 15.7049
309.29 15.5452
325.97 15.5559
309.29 15.5559
309.29 15.5143
325.97 15.2813
309.29 15.2813
309.31 15.5607
309.31 15.4278
342.67 15.4991
325.99 15.4991
309.31 15.4991
309.31 15.4606
325.99 15.5874
309.31 15.5874
309.31 15.1346
325.99 15.4968
309.31 15.4968
342.67 15.7015
325.99 15.7015
309.31 15.7015
309.29 15.3177
309.29 15.5576
309.31 15.6952
309.31 15.4368
309.31 15.4876
309.31 15.7004
309.31 15.6671
342.67 15.6499
325.99 15.6499
309.29 15.6499
309.29 15.5269
309.31 15.805
309.31 15.5042
309.29 15.6069
325.97 15.5515
309.29 15.5515
309.27 15.6362
309.27 15.4688
325.98 15.6144
309.29 15.6144
309.29 15.3101
309.30 15.5586
309.32 15.4387
309.31 15.6087
309.29 15.2952
309.29 15.4752
309.31 15.4289
309.29 15.5096
309.31 15.3942
309.30 15.6794
342.66 15.4891
325.97 15.4891
309.29 15.4891
309.29 15.5445
309.29 15.679
309.30 15.7042
342.65 15.4056
325.97 15.4056
309.29 15.4056
309.31 15.5745
309.31 15.647
309.28 15.4157
325.97 15.406
309.29 15.406
325.97 15.678
309.31 15.678
342.65 15.5579
325.97 15.5579
309.27 15.5579
309.34 15.5209
309.28 15.4612
342.66 15.6141
325.97 15.6141
309.31 15.6141
309.29 15.142
325.98 15.5269
309.30 15.5269
309.30 15.3624
309.29 15.3796
309.32 15.5118
309.29 15.4838
325.97 15.3581
309.29 15.3581
325.97 15.455
309.27 15.455
325.97 15.3272
342.65 15.2973
325.97 15.2973
309.29 15.2973
309.29 15.2663
325.95 15.3109
325.98 15.3881
325.98 15.4654
342.68 15.4031
326.00 15.4031
325.97 15.4142
342.65 15.3938
325.97 15.3938
342.65 15.3938
326.00 15.3938
325.96 15.4335
342.66 15.2992
326.00 15.2992
325.98 15.3274
325.98 15.2065
325.98 15.543
342.66 15.5329
325.97 15.5329
325.97 15.3726
359.33 15.6775
342.68 15.6775
325.99 15.6775
342.65 15.7411
325.96 15.7411
342.63 15.6559
342.65 15.8035
376.01 15.4699
359.34 15.4699
342.66 15.4699
342.65 15.4296
342.68 15.7126
342.65 15.4104
342.65 15.5981
359.33 15.4672
342.65 15.4672
342.65 15.4713
342.65 15.5148
376.02 15.4185
359.33 15.4185
342.65 15.4185
342.68 15.6674
342.67 15.3352
359.33 15.3417
342.64 15.3417
342.65 15.5242
359.34 15.2072
342.66 15.2072
342.66 15.5554
342.64 15.5898
342.66 15.5627
359.34 15.6361
342.65 15.6361
342.65 15.4461
342.65 15.6366
342.65 15.4612
342.65 15.4525
342.65 15.6106
342.65 15.5648
342.65 15.4366
342.66 15.5661
342.62 15.6429
376.02 15.5167
359.34 15.5167
342.65 15.5167
342.66 15.4006
342.65 15.4707
342.65 15.5957
342.65 15.3848
342.66 15.5197
342.64 15.7924
359.37 15.5667
342.66 15.5667
342.65 15.6429
342.65 15.5371
342.68 15.6769
342.65 15.3912
342.65 15.3106
342.65 15.7369
342.65 15.5074
342.63 15.6748
359.33 15.6584
342.65 15.6584
375.99 15.5488
359.31 15.5488
342.62 15.5488
342.64 15.547
342.64 15.5958
342.64 15.4969
342.65 15.5805
342.62 15.6096
342.65 15.7561
342.68 15.8758
359.34 15.4715
342.66 15.4715
342.66 15.5375
359.34 15.63
342.67 15.63
342.66 15.6323
342.66 15.4653
342.65 15.6452
342.64 15.4815
342.64 15.4571
342.64 15.5087
359.35 15.676
342.65 15.676
342.65 15.7478
342.66 15.7105
342.68 15.71
342.68 15.7596
342.66 15.6336
359.34 15.3761
342.66 15.3761
359.36 15.5374
342.68 15.5374
342.65 15.7121
342.65 15.7464
342.65 15.8646
342.65 15.7636
359.33 15.525
342.67 15.525
376.01 15.8052
359.33 15.8052
342.65 15.8052
342.62 15.6833
342.63 15.6583
342.63 15.6092
359.31 15.725
342.63 15.725
376.00 15.7767
359.31 15.7767
342.61 15.7767
359.31 15.7906
342.63 15.7906
392.67 15.7216
375.99 15.7216
359.31 15.7216
342.62 15.7216
342.62 15.5517
375.99 15.6078
359.31 15.6078
342.62 15.6078
342.62 15.5979
359.33 15.618
342.66 15.618
409.38 15.7264
392.70 15.7264
376.02 15.7264
359.35 15.7264
342.67 15.7264
342.67 15.5644
342.67 15.7926
342.67 15.8215
342.67 15.7771
342.67 15.8048
359.35 15.8026
342.67 15.8026
342.67 15.6638
359.35 15.882
359.36 15.8079
359.36 15.6139
359.33 15.7744
392.72 15.5305
376.04 15.5305
359.35 15.5305
359.36 15.6737
359.35 15.7374
376.04 15.5881
359.33 15.5881
375.99 15.6878
359.31 15.6878
359.31 15.5559
359.33 15.7478
359.31 15.627
359.31 15.7846
359.31 15.7169
359.31 15.5471
359.33 15.7252
376.01 15.7026
359.35 15.7026
359.31 15.6153
359.31 15.595
359.31 15.6506
359.31 15.6345
392.68 15.7513
376.01 15.7513
359.31 15.7513
359.33 15.5594
359.31 15.5294
359.33 15.5954
376.01 15.6415
359.33 15.6415
392.70 15.7983
376.01 15.7983
359.31 15.7983
359.33 15.5035
392.70 15.8377
376.01 15.8377
359.33 15.8377
359.35 15.6737
359.33 15.392
359.33 15.6099
376.01 15.6187
359.31 15.6187
376.00 15.5061
359.31 15.5061
376.00 15.7737
359.31 15.7737
359.33 15.5324
359.33 15.7282
359.31 15.8261
359.33 15.8633
376.02 15.7734
359.31 15.7734
359.31 15.6072
359.33 15.714
359.31 15.9818
359.33 15.6767
359.33 15.9901
359.35 15.7842
359.35 15.7882
359.35 15.7841
359.33 15.9687
409.36 15.3555
392.66 15.3555
376.00 15.3555
359.31 15.3555
359.36 15.5678
359.35 15.4894
376.01 15.3844
359.33 15.3844
359.36 15.5461
376.04 15.6392
359.35 15.6392
359.35 15.5366
359.35 15.4765
359.35 15.4444
359.33 15.4448
376.04 15.5921
359.35 15.5921
359.35 15.5446
376.01 15.6567
359.33 15.6567
359.33 15.471
409.38 15.4349
392.68 15.4349
375.99 15.4349
359.33 15.4349
359.35 15.3253
359.33 15.6282
392.70 15.5212
376.01 15.5212
359.33 15.5212
359.31 15.5899
375.99 15.1598
359.31 15.1598
359.35 15.3724
376.00 15.582
359.33 15.582
359.31 15.7709
359.31 15.5091
376.02 15.6094
359.31 15.6094
359.31 15.4042
359.31 15.5244
359.33 15.3812
359.33 15.2876
359.31 15.4842
359.31 15.7354
442.74 15.4437
426.04 15.4437
409.36 15.4437
392.68 15.4437
376.00 15.4437
359.31 15.4437
359.31 15.4713
376.02 15.5072
359.33 15.5072
359.33 15.4301
359.34 15.6166
376.02 15.5933
359.33 15.5933
359.31 15.5746
376.01 15.6442
359.33 15.6442
392.70 15.4838
376.01 15.4838
359.33 15.4838
359.33 15.4155
376.01 15.6697
359.33 15.6697
359.33 15.5616
359.35 15.6792
359.33 15.3913
359.33 15.4231
376.01 15.5687
376.01 15.6981
459.42 15.7168
442.74 15.7168
426.06 15.7168
409.38 15.7168
392.70 15.7168
376.01 15.7168
376.02 15.4368
376.01 15.6224
376.01 15.5984
376.02 15.4918
376.01 15.7135
376.01 15.6135
359.33 15.6135
376.01 15.5187
359.33 15.5187
359.33 15.6551
359.33 15.5275
359.33 15.6883
359.33 15.5629
359.33 15.7136
359.33 15.5941
359.33 15.6816
376.01 15.7823
359.33 15.7823
359.33 15.7152
359.33 15.5356
359.33 15.8084
392.70 15.6916
376.01 15.6916
359.33 15.6916
376.02 15.4686
359.33 15.4686
359.33 15.528
359.33 15.7102
376.02 15.6164
359.33 15.6164
392.70 15.4571
376.01 15.4571
359.33 15.4571
359.33 15.6375
376.01 15.594
359.33 15.594
376.01 15.4093
359.33 15.4093
359.33 15.6469
359.33 15.5869
359.33 15.5662
359.33 15.4222
376.02 15.5865
359.33 15.5865
359.33 15.4942
376.01 15.4438
359.33 15.4438
359.33 15.6127
359.32 15.5581
359.33 15.6139
359.33 15.5989
359.33 15.6247
359.34 15.9468
359.31 15.6187
376.02 15.7976
359.31 15.7976
376.02 15.5614
359.33 15.5614
359.33 15.7885
359.33 15.5086
392.70 15.2968
376.02 15.2968
359.33 15.2968
359.33 15.6749
359.33 15.6788
359.33 15.5445
376.02 15.5225
359.33 15.5225
359.33 15.7425
359.33 15.7946
376.02 15.489
359.34 15.489
359.33 15.5575
359.33 15.6632
359.33 15.6687
359.33 15.4111
359.33 15.4111
359.33 15.4394
359.33 15.5892
359.33 15.6865
359.32 15.6095
359.33 15.8246
359.33 15.648
359.33 15.5065
359.33 15.5372
359.33 15.6843
359.33 15.6942
342.65 15.6942
376.01 15.7365
359.33 15.7365
342.65 15.7365
342.65 15.7414
376.01 15.4979
359.33 15.4979
342.65 15.4979
359.33 15.5333
342.65 15.5333
342.65 15.7346
342.65 15.4939
342.65 15.6818
342.65 15.7298
342.65 15.5665
342.65 15.6043
359.33 15.7558
342.65 15.7558
342.65 15.5249
342.65 15.6085
342.65 15.7977
342.65 15.5485
342.65 15.7125
342.64 15.765
342.65 15.6309
342.65 15.6464
342.65 15.5194
342.65 15.7678
342.65 15.7892
342.65 15.6817
342.65 15.7618
359.33 15.7129
342.65 15.7129
342.65 15.6838
342.65 15.6183
359.33 15.6867
342.65 15.6867
342.65 15.6135
342.65 15.7249
342.65 15.7254
342.65 15.504
342.65 15.6754
342.65 15.6499
359.33 15.5913
342.65 15.5913
342.65 15.5443
359.34 15.615
342.66 15.615
342.65 15.7962
342.65 15.825
342.65 15.7433
342.65 15.551
359.36 15.7641
342.68 15.7641
359.33 15.7024
342.65 15.7024
376.04 15.8294
359.35 15.8294
342.67 15.8294
342.65 15.764
342.67 15.5826
376.04 15.6786
359.36 15.6786
342.68 15.6786
342.65 15.5321
359.33 15.6119
342.65 15.6119
342.70 15.5781
342.67 15.9409
342.67 15.7313
342.67 15.4797
359.36 15.7224
342.67 15.7224
376.04 15.733
359.35 15.733
342.67 15.733
342.67 15.7299
342.68 15.5262
342.67 15.741
342.65 15.5876
342.63 15.5043
342.65 15.5856
325.97 15.5856
342.67 15.8
376.01 15.7681
359.33 15.7681
342.65 15.7681
325.99 15.7681
342.65 15.7251
325.99 15.7251
325.97 15.8141
342.63 15.7509
325.94 15.7509
342.65 15.795
325.97 15.795
342.63 15.7236
325.95 15.7236
325.95 15.5155
325.96 15.8043
342.65 15.7199
325.97 15.7199
325.97 15.6656
325.97 15.7313
325.97 15.7215
325.97 15.7072
342.65 15.7863
325.97 15.7863
325.97 15.6954
325.97 15.8691
325.99 15.5579
325.99 15.8221
325.97 15.6081
325.95 15.8416
325.95 15.726
325.99 15.5852
325.97 15.8321
325.99 15.5744
325.97 15.4998
342.65 15.7615
325.97 15.7615
342.65 15.5764
325.97 15.5764
325.95 15.5193
325.97 15.7007
325.97 15.6947
325.95 15.4817
325.99 15.6907
325.99 15.5551
359.35 15.4501
342.65 15.4501
325.97 15.4501
342.65 15.7162
325.97 15.7162
325.95 15.4803
325.97 15.6061
325.99 15.2977
325.99 15.5404
325.99 15.6127
359.32 15.5436
342.66 15.5436
326.00 15.5436
325.99 15.4338
342.67 15.4659
325.97 15.4659
325.99 15.4472
325.97 15.4743
342.66 15.5982
325.99 15.5982
342.63 15.4186
325.95 15.4186
325.97 15.6296
342.65 15.6069
325.97 15.6069
342.65 15.4789
325.97 15.4789
376.02 15.3756
359.33 15.3756
342.65 15.3756
325.97 15.3756
325.97 15.3485
342.65 15.6211
325.97 15.6211
376.00 15.5968
359.32 15.5968
342.63 15.5968
325.95 15.5968
325.97 15.4385
325.97 15.4282
325.97 15.337
325.95 15.4259
342.63 15.6389
325.95 15.6389
325.98 15.42
325.99 15.3209
359.33 15.372
342.65 15.372
325.97 15.372
309.29 15.372
325.97 15.502
309.29 15.502
309.29 15.481
309.27 15.5398
309.29 15.416
325.95 15.4621
309.29 15.4621
309.29 15.3609
309.29 15.5027
309.29 15.468
309.29 15.4362
309.29 15.3483
309.29 15.3665
309.29 15.5094
309.29 15.3591
309.29 15.5241
325.99 15.5389
309.29 15.5389
342.65 15.3619
325.99 15.3619
309.29 15.3619
309.31 15.6075
309.31 15.3227
309.29 15.4009
309.27 15.3491
325.95 15.598
309.27 15.598
309.27 15.3248
309.29 15.4903
309.29 15.5986
309.24 15.4201
309.29 15.2224
309.29 15.4497
309.27 15.2285
309.29 15.2564
309.29 15.3576
309.29 15.3341
309.28 15.2336
309.27 15.4372
309.30 15.5319
326.00 15.3768
309.30 15.3768
309.32 15.2933
309.27 15.2164
309.29 15.3629
309.30 15.3258
309.29 15.3343
342.65 15.332
325.97 15.332
309.31 15.332
309.28 15.4482
309.26 15.473
325.98 15.3901
309.30 15.3901
409.38 15.3894
392.72 15.3894
376.02 15.3894
359.33 15.3894
342.67 15.3894
325.94 15.3894
309.29 15.3894
309.29 15.3101
309.28 15.3058
309.28 15.2374
309.26 15.3682
309.31 15.3791
342.67 15.3275
325.97 15.3275
309.29 15.3275
309.29 15.3477
309.31 15.3719
309.29 15.4538
309.27 15.4206
325.97 15.4279
309.29 15.4279
309.29 15.4672
309.26 15.3451
342.67 15.6224
325.99 15.6224
309.29 15.6224
309.29 15.5153
309.29 15.5182
309.27 15.6716
309.29 15.658
342.65 15.7349
325.98 15.7349
309.31 15.7349
309.29 15.7778
309.27 15.5526
309.27 15.5956
309.27 15.6651
309.29 15.6418
292.60 15.6418
309.27 15.8599
376.01 15.7201
359.33 15.7201
342.65 15.7201
325.99 15.7201
309.31 15.7201
292.63 15.7201
292.63 15.7437
309.29 15.7949
292.61 15.7949
292.61 15.6349
292.60 15.6094
309.29 15.8353
292.61 15.8353
309.29 15.9771
292.61 15.9771
292.61 15.5717
309.31 15.7267
292.65 15.7267
292.63 15.827
309.31 15.7478
292.63 15.7478
292.59 15.9178
309.33 15.6502
292.64 15.6502
292.63 15.6983
292.61 15.7387
292.61 15.8233
292.59 15.9072
292.61 15.8336
309.31 15.9159
292.61 15.9159
292.57 15.7209
292.60 15.8922
309.27 15.786
292.59 15.786
292.58 15.8105
292.58 15.7271
292.59 15.6963
292.61 15.9172
292.59 15.6986
325.97 15.9596
309.29 15.9596
292.61 15.9596
292.61 15.6152
292.59 15.7692
309.29 15.8128
292.61 15.8128
292.59 15.9471
292.58 16.0576
309.29 16.0278
292.59 16.0278
292.61 15.9444
292.61 15.8403
292.59 15.7667
292.59 16.0446
325.98 15.9096
309.30 15.9096
292.61 15.9096
292.61 15.8551
292.61 15.9107
309.29 16.0441
292.61 16.0441
292.63 16.0554
309.31 16.0323
292.63 16.0323
292.61 16.0423
292.59 16.1464
292.58 15.9545
292.58 16.0386
292.59 15.8991
292.61 16.0763
309.29 16.087
292.63 16.087
292.63 15.9617
292.61 15.9294
309.31 15.9064
292.63 15.9064
292.61 16.167
325.95 16.0286
309.27 16.0286
292.58 16.0286
292.59 16.1915
292.61 15.9359
309.31 16.2238
292.61 16.2238
309.31 16.0294
292.62 16.0294
292.62 16.1122
292.61 16.2426
292.62 15.8773
292.63 16.0507
292.63 16.1133
292.61 16.1251
309.28 15.8427
292.62 15.8427
292.58 15.9926
292.57 16.1388
309.27 16.1499
292.59 16.1499
292.59 16.1935
275.93 16.1935
292.59 16.266
309.29 16.0146
292.61 16.0146
275.93 16.0146
292.61 16.2821
275.90 16.2821
292.59 16.2442
275.91 16.2442
275.91 16.1738
275.93 16.0949
275.90 16.0989
309.27 16.1114
292.59 16.1114
275.90 16.1114
275.94 15.9821
275.90 16.3725
275.93 16.2113
275.92 15.8999
275.95 16.2318
292.62 16.0151
275.94 16.0151
275.94 16.1383
275.92 15.9485
292.63 15.9697
275.94 15.9697
275.94 16.048
309.31 15.9433
292.63 15.9433
275.94 15.9433
275.95 16.0435
275.90 16.0163
292.61 16.1739
275.93 16.1739
309.31 16.1339
292.63 16.1339
275.93 16.1339
275.94 16.1573
275.92 15.8293
275.94 16.1169
309.29 16.0604
292.60 16.0604
275.93 16.0604
275.93 16.1083
275.90 16.1649
292.58 15.8869
275.90 15.8869
275.93 16.2221
275.93 15.9965
275.93 16.0515
275.93 16.1044
275.93 16.0399
275.93 16.1114
309.29 15.7982
292.63 15.7982
275.90 15.7982
275.92 15.9083
275.90 16.1849
292.58 15.9575
275.90 15.9575
275.94 16.0794
275.92 15.9794
275.93 16.1452
275.91 15.7169
275.93 16.0549
292.59 15.9997
275.93 15.9997
275.92 16.1664
325.99 15.9898
309.29 15.9898
292.63 15.9898
275.93 15.9898
275.93 16.0425
309.30 16.1286
292.62 16.1286
275.94 16.1286
275.94 16.1036
275.94 15.9117
275.95 16.1881
275.94 15.9843
275.94 16.1359
275.94 16.2264
309.29 16.108
292.61 16.108
275.93 16.108
275.92 16.2815
275.94 15.9037
292.61 16.1401
275.93 16.1401
309.27 15.9656
292.61 15.9656
275.92 15.9656
275.90 16.1784
275.93 15.8107
275.90 16.0825
275.93 15.8995
292.61 16.2693
275.91 16.2693
275.90 16.2004
275.94 16.1045
275.92 16.2074
275.90 16.2972
275.90 16.0045
275.90 16.0342
275.93 16.1104
275.90 16.0457
275.90 16.1407
275.93 16.1642
259.23 16.1642
275.90 16.2404
292.61 15.9536
275.93 15.9536
259.25 15.9536
259.24 16.037
259.22 16.1158
275.92 15.8324
259.24 15.8324
275.92 16.2531
259.24 16.2531
259.25 16.1692
259.24 16.1117
275.92 15.6708
259.26 15.6708
259.26 16.2125
259.24 16.2883
259.24 15.9163
292.56 16.1102
275.93 16.1102
259.22 16.1102
309.27 16.0826
292.61 16.0826
275.92 16.0826
259.22 16.0826
275.93 16.2399
259.24 16.2399
259.23 16.2079
259.24 16.1288
259.26 16.2483
259.26 16.0685
259.26 16.1536
292.61 16.0699
275.93 16.0699
259.22 16.0699
309.27 16.2808
292.59 16.2808
275.90 16.2808
259.22 16.2808
275.93 15.9442
259.24 15.9442
259.22 15.9109
259.24 15.9822
259.24 15.8651
309.28 16.131
292.59 16.131
275.90 16.131
259.23 16.131
275.91 15.9954
259.22 15.9954
259.24 16.2202
259.24 15.9608
259.24 16.1978
259.22 15.8727
259.22 16.1446
275.93 16.156
259.25 16.156
259.24 16.0013
275.90 16.1071
259.22 16.1071
259.23 15.9401
259.25 15.934
259.24 15.9717
259.24 16.0506
259.24 16.0917
259.22 16.049
309.27 16.3345
292.59 16.3345
275.93 16.3345
259.24 16.3345
275.92 16.0564
259.24 16.0564
259.22 15.9956
259.24 16.2601
259.24 15.8719
275.93 15.9178
259.26 15.9178
275.93 16.0699
259.27 16.0699
259.24 15.9392
275.91 16.0311
259.26 16.0311
259.24 16.2494
309.31 15.9355
292.61 15.9355
275.93 15.9355
259.24 15.9355
259.24 16.0427
259.26 16.1869
259.24 15.8747
259.23 16.1547
259.22 16.1394
259.27 16.0173
259.26 16.1507
259.27 15.9128
259.26 16.1154
292.61 16.0249
275.94 16.0249
259.26 16.0249
259.24 15.9388
259.24 16.0905
259.24 15.8758
275.93 15.9233
259.25 15.9233
259.24 16.0689
259.24 16.0624
292.63 15.9297
275.92 15.9297
259.26 15.9297
292.56 15.895
275.92 15.895
259.24 15.895
259.18 16.0537
292.59 16.041
275.90 16.041
259.22 16.041
292.63 15.9745
275.93 15.9745
259.27 15.9745
259.26 15.9994
275.93 16.0092
259.24 16.0092
242.56 16.0092
259.22 16.0795
259.22 15.8953
259.24 15.9331
259.22 15.9026
242.56 15.9026
275.90 15.9607
259.22 15.9607
242.56 15.9607
292.60 15.9237
275.93 15.9237
259.21 15.9237
242.54 15.9237
242.52 15.7401
242.56 16.0857
242.58 15.975
242.54 15.8074
242.58 15.7917
242.56 15.8459
242.56 15.9537
259.24 15.8222
242.58 15.8222
242.56 15.9613
259.28 15.7114
242.60 15.7114
242.58 15.7666
242.58 15.7207
242.58 15.6058
259.24 15.5521
242.58 15.5521
242.58 15.6905
242.58 15.9232
259.24 15.8762
242.56 15.8762
242.58 15.7177
242.56 15.6795
242.56 15.8616
242.57 15.8298
242.56 15.7969
242.57 15.5817
242.57 15.9486
275.91 15.9048
259.22 15.9048
242.54 15.9048
242.57 15.4728
259.26 15.7144
242.56 15.7144
242.56 15.6937
242.56 15.7205
242.56 15.8573
242.58 15.8269
242.56 15.8829
242.54 15.6216
242.56 15.6351
242.54 15.745
242.54 15.7834
275.90 16.0158
259.22 16.0158
242.54 16.0158
242.56 15.9923
242.58 15.7551
242.58 15.9912
242.58 15.9522
242.54 15.7535
242.56 16.0209
275.90 15.8692
259.22 15.8692
242.54 15.8692
242.56 15.8366
242.58 16.051
242.56 15.8687
242.57 15.8844
242.58 16.1345
242.56 15.9379
259.26 15.8213
242.53 15.8213
242.56 16.0614
242.56 15.9972
242.58 16.0055
242.56 16.2303
242.56 16.2132
242.56 16.0168
242.56 15.9195
242.56 15.893
259.24 16.0462
242.56 16.0462
242.54 16.1869
242.54 16.0597
242.53 16.0538
242.58 15.8511
242.56 15.8956
275.93 16.0201
259.25 16.0201
242.56 16.0201
259.24 15.8397
242.55 15.8397
259.24 16.042
242.58 16.042
242.54 15.943
242.54 15.9905
242.56 15.8851
242.58 15.8649
242.58 15.9768
242.58 15.8872
242.58 15.8443
242.56 15.9159
242.56 16.0652
242.56 15.8423
242.56 16.0962
242.56 16.0174
242.57 15.9481
275.90 16.1335
259.26 16.1335
242.56 16.1335
242.58 16.1592
242.56 15.8913
242.56 16.0629
242.56 16.0733
242.56 15.9251
259.24 15.9268
242.56 15.9268
242.56 15.8405
242.56 15.9478
242.56 15.8317
275.92 15.7639
259.26 15.7639
242.56 15.7639
242.56 15.778
242.56 15.7984
242.56 15.8462
242.56 15.9786
259.19 16.2419
242.54 16.2419
242.56 15.9334
292.61 15.6716
275.92 15.6716
259.26 15.6716
242.56 15.6716
275.90 15.9764
259.22 15.9764
242.54 15.9764
259.24 15.9449
242.58 15.9449
242.58 15.6471
242.56 15.7722
242.56 15.77
242.54 15.8247
242.56 15.8077
259.24 15.8674
242.58 15.8674
259.24 15.9651
242.54 15.9651
242.56 15.7945
242.56 15.9124
259.23 15.8882
242.54 15.8882
242.56 15.721
242.56 15.7777
242.56 15.7833
259.26 15.6766
242.56 15.6766
242.54 15.9143
242.54 15.5805
242.57 15.9153
242.56 15.7557
242.56 15.9388
259.24 15.8094
242.56 15.8094
242.56 16.0087
242.58 15.6879
242.56 15.9854
275.92 15.737
259.24 15.737
242.56 15.737
259.24 15.8734
242.56 15.8734
259.25 15.6769
242.58 15.6769
242.56 15.8281
242.58 15.7058
242.58 15.5714
242.57 15.6921
242.56 15.5154
259.22 15.457
242.54 15.457
242.56 15.5014
242.54 15.5141
242.56 15.4716
242.56 15.4717
259.24 15.7978
242.56 15.7978
242.56 15.5267
242.56 15.5939
242.56 15.2841
242.56 15.4425
242.58 15.4189
259.27 15.5659
242.57 15.5659
242.54 15.6861
242.54 15.6414
242.58 15.5458
242.58 15.4564
242.60 15.5249
242.56 15.4289
242.58 15.6104
259.26 15.4047
242.56 15.4047
259.26 15.7144
242.58 15.7144
242.59 15.6761
242.56 15.426
242.56 15.594
259.24 15.5009
242.56 15.5009
259.24 15.4856
242.56 15.4856
242.58 15.5538
242.58 15.4309
259.24 15.6626
242.56 15.6626
275.90 15.5441
259.22 15.5441
242.54 15.5441
259.24 15.6287
242.53 15.6287
242.56 15.6128
242.56 15.5485
259.27 15.5087
242.59 15.5087
242.56 15.4123
275.94 15.4492
259.22 15.4492
242.58 15.4492
242.58 15.5516
242.56 15.5381
242.58 15.4574
242.56 15.71
242.56 15.4886
242.58 15.4
242.56 15.6137
259.24 15.7087
242.56 15.7087
242.56 15.5203
259.25 15.4296
242.57 15.4296
259.24 15.2764
242.56 15.2764
242.56 15.563
242.56 15.3465
242.56 15.2757
242.56 15.2374
242.56 14.796
259.25 15.0953
242.57 15.0953
242.56 15.294
242.56 15.142
225.88 15.142
242.56 15.0218
242.58 15.3508
259.26 15.1994
242.58 15.1994
242.55 15.4362
242.55 15.2768
259.24 15.2477
242.56 15.2477
242.58 15.0911
242.56 15.2561
242.59 15.4171
242.57 15.2806
309.29 15.3565
292.60 15.3565
275.94 15.3565
259.24 15.3565
242.56 15.3565
225.88 15.3565
242.55 15.3949
242.56 15.2657
225.88 15.2657
242.56 15.4397
242.56 15.477
225.88 15.477
225.88 15.5387
225.88 15.0003
225.88 15.1955
225.88 15.413
225.86 15.65
225.88 15.2274
225.90 15.2788
225.86 15.3974
225.86 15.3559
242.56 15.1767
225.88 15.1767
225.88 15.2523
225.86 15.0665
259.24 15.2655
242.56 15.2655
225.88 15.2655
225.85 15.2928
225.88 15.2903
225.88 15.248
225.88 15.1418
225.88 15.4
225.88 15.3323
225.90 15.2705
259.22 15.3306
242.55 15.3306
225.88 15.3306
225.88 15.4348
225.90 15.6012
242.56 15.5057
225.88 15.5057
225.88 15.4453
225.88 15.2724
242.56 15.3645
225.88 15.3645
225.88 15.2544
225.87 15.4723
225.88 15.5865
225.88 15.3466
225.86 15.2472
225.88 15.3511
259.24 15.3353
242.56 15.3353
225.88 15.3353
225.88 15.5131
275.92 15.4591
259.24 15.4591
242.56 15.4591
225.90 15.4591
242.58 15.5891
225.88 15.5891
225.90 15.677
225.88 15.6754
225.88 15.6487
225.88 15.672
225.88 15.7351
225.85 15.7908
225.88 15.6038
225.88 15.7773
259.24 15.7664
242.58 15.7664
225.88 15.7664
225.87 15.6926
225.86 15.716
225.88 15.86
259.23 15.9498
242.54 15.9498
225.86 15.9498
225.88 15.613
242.56 15.8128
225.88 15.8128
259.24 15.7281
242.56 15.7281
225.88 15.7281
225.88 15.7335
225.88 15.7012
242.56 15.6153
225.88 15.6153
225.92 15.8078
225.88 15.8691
225.88 15.5558
242.59 15.7062
225.91 15.7062
225.88 15.5836
242.54 15.746
225.86 15.746
225.88 15.6424
242.56 15.5712
225.88 15.5712
225.89 15.7698
225.86 15.6548
225.88 15.6958
225.88 15.4414
225.85 15.5854
225.89 15.4152
225.88 15.6471
242.57 15.4788
225.89 15.4788
225.89 15.559
242.57 15.49
225.89 15.49
225.89 15.5075
225.87 15.6038
225.86 15.4573
225.88 15.6548
225.89 15.574
225.89 15.6476
225.88 15.4325
259.25 15.6099
242.59 15.6099
225.89 15.6099
225.88 15.6823
242.56 15.8185
225.88 15.8185
225.91 15.6469
242.56 15.8328
225.88 15.8328
225.88 15.5293
225.88 15.7629
225.85 15.4152
