# base timestamp: 1517626152445
60.319 61.483 15.2218
60.552 61.700 13.4133
60.752 61.833 11.7963
60.936 61.933 10.0257
61.119 61.983 9.17311
61.303 62.050 8.77605
61.470 62.083 8.6836
61.603 62.150 8.58011
61.770 62.200 8.51387
61.937 62.267 8.50466
62.070 62.317 8.35993
62.120 62.367 8.38265
62.154 62.383 8.44345
62.187 62.434 8.51515
62.237 62.467 8.47396
62.320 62.550 8.80511
62.370 62.650 9.34356
62.420 62.767 10.4432
62.621 62.850 9.97452
62.671 62.867 9.75165
62.721 62.917 9.82958
62.804 62.967 9.42951
62.837 63.017 9.58604
62.871 63.084 9.89185
62.904 63.101 9.73585
62.938 63.134 9.8489
62.988 63.151 9.68113
63.021 63.184 9.53137
63.054 63.251 9.63021
63.088 63.301 9.90648
63.138 63.318 9.73383
63.171 63.351 9.78405
63.221 63.451 10.3389
63.255 63.468 10.178
63.288 63.484 10.2276
63.321 63.584 10.9212
63.388 63.618 10.5492
63.438 63.685 10.8084
63.555 63.885 11.8925
63.655 63.918 11.4345
63.788 63.952 10.7593
63.822 64.002 11.0427
63.888 64.118 11.4339
63.922 64.135 11.1908
63.972 64.185 11.2294
64.022 64.235 10.8793
64.089 64.302 11.0573
64.122 64.335 10.8606
64.172 64.385 10.855
64.255 64.419 10.4431
64.289 64.452 10.5833
64.322 64.519 10.9567
64.356 64.552 10.8033
64.389 64.602 10.9134
64.422 64.686 11.5481
64.456 64.719 11.2893
64.506 64.736 10.8946
64.556 64.786 10.8818
64.656 64.902 11.1294
64.689 64.936 11.012
64.739 65.041 11.0308
64.789 65.045 10.7373
64.856 65.103 10.6807
64.889 65.119 10.5365
64.973 65.203 10.5049
65.006 65.219 10.2453
65.040 65.269 10.2943
65.090 65.319 9.98835
65.156 65.370 10.11
65.190 65.436 10.4288
65.223 65.503 10.9895
65.256 65.536 10.7559
65.290 65.603 10.9086
65.323 65.703 11.634
65.490 65.770 11.0726
65.573 65.820 10.725
65.673 65.870 10.9402
65.707 65.887 10.8443
65.740 65.920 10.9336
65.774 65.970 11.2042
65.807 65.987 11.0797
65.840 66.037 11.1513
65.890 66.104 11.4943
65.924 66.137 11.3276
65.957 66.187 11.4329
66.007 66.204 11.1453
66.040 66.254 10.9755
66.074 66.304 10.9967
66.124 66.320 11.1577
66.157 66.404 11.5539
66.191 66.437 11.3625
66.224 66.487 11.4885
66.274 66.637 11.9253
66.407 66.704 11.5235
66.558 68.339 11.2707
66.591 68.406 11.4558
66.624 68.556 11.3252
66.758 70.107 10.7446
66.891 70.191 10.4097
67.041 70.241 9.9986
67.191 70.307 9.58393
67.325 70.407 9.68205
67.458 70.458 9.51716
67.625 70.491 9.51168
67.775 70.541 9.34039
67.926 70.591 8.66687
68.076 70.674 8.57387
68.226 70.741 8.78328
68.376 70.791 8.76659
68.509 70.858 8.68861
68.660 70.925 8.72399
68.826 71.008 8.76725
68.993 71.058 8.7977
69.177 71.142 8.74404
69.327 71.242 8.76219
69.510 71.342 8.77014
69.677 71.408 8.70564
69.861 71.509 8.63411
70.027 71.575 8.59778
70.228 71.659 8.53978
70.378 71.742 8.53121
70.545 71.792 8.49717
70.695 71.876 8.57985
70.845 71.909 8.50719
71.028 71.992 8.52
71.195 72.059 8.63458
71.362 72.109 8.71783
71.496 72.176 8.66809
71.679 72.226 8.68623
71.812 72.259 8.58778
71.946 72.326 8.52705
72.029 72.343 8.55609
72.129 72.443 8.90859
72.229 72.543 9.57689
72.280 72.660 10.3787
72.330 72.710 10.1213
72.380 72.760 10.3274
72.546 72.860 9.67032
72.647 72.893 9.3557
72.730 72.927 9.26814
72.747 72.993 9.48809
72.830 73.060 9.74266
72.880 73.160 10.341
72.997 73.227 9.85158
73.130 73.377 9.92827
73.180 73.427 9.64209
73.230 73.477 9.85559
73.381 73.644 10.5111
73.397 73.661 10.4507
73.447 73.711 10.4849
73.597 73.844 10.042
73.647 73.911 10.3291
73.698 73.927 10.0641
73.731 73.977 9.84383
73.781 74.028 10.0043
73.864 74.078 9.78553
73.914 74.144 10.5455
73.981 74.194 10.2617
74.014 74.244 10.4983
74.065 74.261 10.2687
74.115 74.344 10.2642
74.165 74.361 10.1245
74.198 74.411 10.2478
74.231 74.478 10.5925
74.265 74.528 10.4066
74.315 74.578 10.4665
74.365 74.611 10.191
74.465 74.645 9.6649
74.498 74.695 9.83301
74.532 74.778 10.1089
74.565 74.845 10.6118
74.598 74.862 10.3554
74.715 74.962 10.4544
74.782 74.995 10.0976
74.815 75.028 10.3106
74.865 75.079 10.0009
74.899 75.128 10.1873
74.932 75.212 10.6553
74.965 75.229 10.3997
74.999 75.295 10.5547
75.032 75.329 10.2232
75.182 75.412 10.0237
75.282 75.496 9.44829
75.316 75.512 9.28279
75.366 75.596 9.49761
75.416 75.612 9.12761
75.449 75.662 9.38807
75.483 75.729 9.82669
75.516 75.779 9.53344
75.566 75.846 9.73527
75.616 75.879 9.31943
75.716 75.946 8.93598
75.816 76.063 9.18926
75.866 76.146 9.63821
75.916 76.180 9.28802
76.016 76.280 9.43667
76.066 76.313 9.24193
76.166 76.380 9.31423
76.233 76.480 9.79971
76.266 76.530 9.52355
76.300 76.580 9.6891
76.367 76.613 9.36735
76.417 76.697 9.6047
76.517 76.747 8.98938
76.550 76.780 8.93742
76.583 76.830 8.78137
76.634 76.880 8.85822
76.700 76.930 8.72939
76.734 76.997 9.1172
76.800 77.047 8.84045
76.834 77.097 9.12036
76.984 77.164 8.75603
77.017 77.214 9.0927
77.067 77.297 9.61
77.117 77.414 10.4723
77.217 77.464 10.0073
77.267 77.514 9.7611
77.351 77.531 9.34636
77.418 77.631 9.39435
77.451 77.648 9.11112
77.484 77.698 9.26679
77.534 77.748 9.03864
77.568 77.798 9.11161
77.601 77.864 9.47283
77.668 77.914 9.11651
77.701 77.964 9.3305
77.818 78.031 8.45201
77.851 78.081 8.3924
77.885 78.148 8.66117
77.935 78.198 8.35313
78.035 78.281 8.50353
78.185 78.415 8.14846
78.235 78.498 8.57899
78.285 78.515 8.34903
78.402 78.582 8.20893
78.435 78.632 8.20039
78.469 78.715 8.61433
78.519 78.749 8.36996
78.569 78.799 8.57723
78.669 78.849 8.34456
78.702 78.899 8.59837
78.752 78.999 8.95732
78.786 79.015 8.79712
78.869 79.099 8.8798
78.936 79.116 8.57035
78.969 79.182 8.75484
79.019 79.232 8.46842
79.069 79.282 8.66944
79.119 79.349 8.97318
79.152 79.399 8.93986
79.186 79.433 9.02487
79.236 79.549 9.63786
79.369 79.599 9.12431
79.419 79.666 9.40957
79.503 79.699 9.0745
79.536 79.766 9.27351
79.620 79.816 8.88471
79.653 79.866 9.11485
79.703 79.900 8.89347
79.736 79.950 9.02319
79.820 80.050 9.34615
79.853 80.083 9.18814
79.903 80.116 8.98486
79.937 80.166 9.02381
80.003 80.217 9.30851
80.037 80.333 10.0773
80.137 80.383 9.76466
80.170 80.417 9.71637
80.287 80.483 9.48099
80.354 80.584 9.73419
80.387 80.600 9.54812
80.420 80.650 9.62964
80.470 80.667 9.42897
80.520 80.717 9.471
80.554 80.750 9.35836
80.587 80.767 9.30715
80.621 80.817 9.35686
80.654 80.867 9.62563
80.687 80.884 9.55214
80.721 80.917 9.59068
80.754 80.984 9.97544
80.787 81.017 9.83779
80.821 81.067 9.92728
80.871 81.184 10.5252
80.921 81.201 10.1849
80.954 81.234 9.96111
80.988 81.268 9.98187
81.021 81.318 10.2143
81.138 81.368 9.80978
81.171 81.418 10.1329
81.221 81.468 9.82337
81.288 81.518 9.65504
81.321 81.534 9.79279
81.388 81.584 10.0159
81.421 81.685 9.6856
81.471 81.835 10.8473
81.622 81.901 10.2686
81.788 82.002 9.75924
81.838 82.068 10.0773
81.888 82.085 9.78431
81.922 82.135 9.90613
82.039 82.235 10.2326
82.072 82.252 10.1061
82.105 82.285 9.98503
82.139 82.335 9.95072
82.205 82.402 10.2226
82.239 82.469 10.6294
82.272 82.502 10.4502
82.305 82.519 10.2546
82.372 82.552 10.1375
82.406 82.602 9.95185
82.439 82.619 9.97825
82.472 82.669 10.1403
82.506 82.736 10.5767
82.539 82.769 10.3901
82.589 82.819 10.061
82.622 82.836 10.1
82.656 82.852 10.0072
82.689 82.902 10.0606
82.722 82.952 10.2385
82.756 83.036 10.628
82.789 83.052 10.4627
82.823 83.103 10.5517
82.873 83.153 10.4035
82.906 83.169 10.23
83.006 83.203 10.0992
83.039 83.236 10.2976
83.073 83.319 10.6558
83.106 83.336 10.5385
83.140 83.370 10.6298
83.173 83.486 11.187
83.206 83.503 11.0026
83.290 83.553 10.4478
83.323 83.586 10.5784
83.457 83.670 10.7706
83.523 83.720 10.5406
83.557 83.770 10.7272
83.590 83.803 10.5288
83.623 83.820 10.6093
83.673 83.920 11.0722
83.757 84.104 11.9851
83.940 84.204 11.1854
84.074 84.320 10.5221
84.124 84.354 10.3014
84.174 84.370 10.5662
84.241 84.420 10.7376
84.274 84.437 10.6235
84.324 84.487 10.509
84.357 84.537 10.8631
84.391 84.637 11.4933
84.424 84.654 11.3451
84.457 84.687 11.1122
84.507 84.704 11.1321
84.574 84.737 10.8915
84.608 84.787 11.145
84.641 84.821 10.9098
84.674 84.904 11.6827
84.708 84.921 11.5551
84.741 84.971 11.5613
84.791 84.988 11.2851
84.824 85.021 11.3842
84.875 85.121 11.9273
84.908 85.171 11.787
84.941 85.188 11.8662
84.991 85.238 11.6271
85.025 85.255 11.4342
85.075 85.288 11.3822
85.108 85.338 11.5153
85.141 85.421 11.9391
85.208 85.471 11.8151
85.258 85.521 11.8576
85.308 85.555 11.7653
85.392 85.622 11.7434
85.425 85.638 11.6168
85.492 85.688 11.6528
85.525 85.772 11.971
85.558 85.788 11.8016
85.592 85.838 11.8543
85.642 85.855 11.7798
85.675 85.888 11.8977
85.725 85.905 11.7362
85.759 85.955 11.8112
85.792 86.022 12.0435
85.825 86.222 12.7915
85.875 86.239 12.5498
86.076 86.289 11.7368
86.192 86.389 11.9216
86.226 86.489 12.4231
86.276 86.506 12.2947
86.326 86.522 11.9358
86.376 86.556 11.7446
86.459 86.622 11.4762
86.493 86.656 11.5906
86.526 86.723 11.8468
86.559 86.823 12.2433
86.626 86.873 11.9758
86.659 86.939 12.1545
86.793 86.989 11.67
86.826 87.039 11.9027
86.876 87.056 11.7289
86.943 87.140 11.7816
87.010 87.273 12.1838
87.043 87.306 11.8804
87.093 87.390 11.9631
87.227 87.423 11.6002
87.260 87.490 11.8098
87.343 87.507 11.5144
87.377 87.590 11.6508
87.427 87.607 11.3666
87.460 87.640 11.4298
87.494 87.707 11.8422
87.527 87.723 11.7129
87.577 87.773 11.8225
87.627 87.807 11.6097
87.660 87.857 11.8234
87.694 87.924 12.1574
87.727 87.940 12.0294
87.760 87.990 12.0499
87.794 88.024 11.8392
87.827 88.040 11.5762
87.877 88.090 11.5936
87.911 88.141 11.7272
87.944 88.157 11.6164
87.977 88.207 11.7167
88.027 88.257 11.849
88.061 88.407 12.5333
88.094 88.424 12.3949
88.144 88.441 12.2348
88.194 88.457 11.8913
88.261 88.491 11.7287
88.361 88.541 11.7946
88.394 88.574 11.679
88.428 88.591 11.6885
88.461 88.641 11.9733
88.494 88.741 12.3986
88.528 88.758 12.277
88.578 88.808 12.3808
88.628 88.841 12.1029
88.728 88.925 11.9942
88.761 88.975 11.6491
88.795 89.058 11.821
88.828 89.075 11.4865
88.928 89.125 10.8678
88.962 89.141 11.0369
89.028 89.225 11.2401
89.062 89.292 11.6627
89.095 89.342 11.3568
89.128 89.392 11.5038
89.245 89.475 11.125
89.295 89.558 11.3017
89.345 89.575 10.9812
89.412 89.659 11.0717
89.445 89.725 11.5146
89.529 89.792 10.8327
89.629 89.842 10.225
89.696 89.892 10.0467
89.729 89.909 10.2407
89.762 89.959 10.6199
89.796 89.992 10.4152
89.862 90.042 10.4464
89.896 90.109 10.8557
89.929 90.226 11.4773
89.962 90.259 11.2974
90.013 90.293 11.4579
90.079 90.326 10.7074
90.196 90.376 11.1994
90.229 90.426 10.8128
90.279 90.476 11.1619
90.296 90.543 11.5484
90.346 90.726 12.5242
90.530 90.860 11.7341
90.697 90.893 11.0463
90.747 90.976 11.4296
90.847 91.093 11.9426
90.947 91.143 11.5194
90.997 91.160 11.0547
91.047 91.210 11.3777
91.097 91.310 11.1349
91.147 91.360 11.1166
91.180 91.377 10.8992
91.197 91.427 10.7877
91.280 91.527 10.9197
91.347 91.594 10.462
91.380 91.644 10.5832
91.431 91.660 10.097
91.447 91.710 10.1162
91.531 91.744 9.81444
91.547 91.794 10.1557
91.631 91.827 9.66329
91.647 91.861 9.65739
91.697 91.911 9.66735
91.731 91.977 9.917
91.781 92.077 11.5956
91.814 92.244 10.5919
92.014 92.394 10.4737
92.215 92.461 9.72612
92.315 92.528 9.36642
92.365 92.595 9.50528
92.465 92.645 9.23859
92.498 92.695 9.37332
92.532 92.728 9.22772
92.565 92.745 9.29617
92.615 92.795 9.11157
92.682 92.862 9.28814
92.715 92.945 9.76451
92.748 93.045 10.453
92.865 93.112 9.68865
92.999 93.279 9.98191
93.032 93.295 9.79086
93.115 93.345 9.38931
93.216 93.395 9.51278
93.249 93.462 9.74069
93.282 93.512 9.60912
93.316 93.546 9.49818
93.366 93.596 9.4577
93.432 93.629 9.25141
93.466 93.679 9.3398
93.516 93.762 9.3919
93.566 93.796 9.67556
93.616 93.829 9.53567
93.666 93.879 9.34135
93.699 93.896 9.43562
93.749 93.979 9.78579
93.783 94.013 9.68093
93.833 94.046 9.68557
93.866 94.163 10.2315
93.899 94.179 10.0548
93.933 94.229 9.83393
93.983 94.263 9.84226
94.016 94.313 9.95558
94.116 94.363 9.71619
94.166 94.396 9.89824
94.216 94.480 10.3221
94.250 94.530 10.1263
94.283 94.596 10.1462
94.333 94.697 10.6753
94.367 94.747 10.428
94.400 94.780 10.5934
94.550 94.863 9.93771
94.650 94.880 9.50827
94.734 94.963 9.59416
94.767 94.980 9.48097
94.817 95.030 9.49292
94.867 95.097 9.70393
94.900 95.130 9.55343
94.934 95.197 9.65081
94.984 95.297 10.1198
95.017 95.314 9.9189
95.067 95.364 9.99834
95.151 95.414 9.87737
95.234 95.481 9.70411
95.284 95.581 10.4006
95.334 95.647 10.0829
95.434 95.681 9.65628
95.534 95.731 9.21858
95.568 95.748 9.32558
95.601 95.764 9.21155
95.634 95.814 9.17814
95.668 95.848 9.27232
95.701 95.898 9.28465
95.734 95.948 9.52718
95.768 96.031 10.1128
95.818 96.181 11.154
95.868 96.231 10.7328
96.051 96.298 9.93331
96.152 96.348 9.71645
96.185 96.398 9.66904
96.235 96.448 9.79966
96.285 96.465 9.88566
96.318 96.515 9.83914
96.352 96.565 10.2144
96.385 96.582 10.0481
96.418 96.632 10.0236
96.468 96.765 10.5377
96.552 96.799 10.2542
96.602 96.882 10.411
96.702 96.915 9.74633
96.735 96.965 10.032
96.852 97.065 9.37416
96.902 97.149 9.58636
96.952 97.266 10.3906
97.002 97.282 10.0395
97.136 97.349 9.64221
97.186 97.399 9.82938
97.236 97.432 9.49982
97.269 97.482 9.51191
97.319 97.516 9.27314
97.353 97.549 9.34207
97.386 97.616 9.61513
97.419 97.649 9.45734
97.486 97.666 9.21215
97.519 97.716 9.32458
97.553 97.733 9.18959
97.586 97.783 9.26436
97.636 97.866 9.47514
97.670 97.950 10.2062
97.703 98.000 10.0408
97.753 98.050 9.65564
97.903 98.100 9.46896
97.937 98.116 9.34308
97.970 98.166 9.4097
98.020 98.216 9.66545
98.053 98.266 9.49931
98.087 98.317 9.54318
98.137 98.333 9.29582
98.170 98.417 9.45305
98.220 98.433 9.27263
98.270 98.483 9.28494
98.303 98.533 9.55082
98.354 98.583 9.31583
98.387 98.650 9.40996
98.437 98.667 9.00089
98.470 98.750 9.14976
98.520 98.767 8.8793
98.620 98.850 8.85945
98.654 98.884 8.74062
98.687 98.917 8.70002
98.737 98.984 8.85248
98.771 99.034 8.65654
98.821 99.067 8.58801
98.871 99.101 8.49999
99.004 99.234 8.7248
99.038 99.317 9.21476
99.071 99.351 9.05897
99.188 99.367 8.88769
99.338 99.568 8.81525
99.388 99.634 9.27437
99.471 99.701 8.87886
99.521 99.751 8.65195
99.571 99.835 8.84423
99.621 99.851 8.59661
99.671 99.918 8.76916
99.721 99.968 8.58495
99.771 100.001 8.43373
99.822 100.035 8.38884
99.872 100.085 8.32632
99.922 100.135 8.39107
99.955 100.185 8.74275
100.005 100.235 8.52051
100.038 100.252 8.47101
100.088 100.302 8.44208
100.155 100.385 9.18776
100.189 100.452 8.64434
100.222 100.502 9.01832
100.272 100.552 8.79782
100.355 100.569 8.74766
100.422 100.635 8.87761
100.455 100.719 9.30212
100.489 100.735 9.18472
100.522 100.785 9.28463
100.589 100.902 9.92399
100.672 100.952 9.65291
100.722 101.002 9.92804
100.856 101.069 9.41125
100.889 101.102 9.30702
100.939 101.119 9.30515
100.989 101.203 9.60083
101.023 101.219 9.42814
101.056 101.269 9.50908
101.106 101.369 9.983
101.139 101.386 9.7991
101.190 101.453 9.93906
101.240 101.486 9.67712
101.356 101.553 9.69595
101.390 101.653 10.2389
101.440 101.670 10.0105
101.490 101.753 10.2184
101.540 101.770 9.98395
101.590 101.820 10.0904
101.640 101.836 9.91407
101.673 101.886 9.94693
101.723 101.970 10.3652
101.757 101.987 10.2301
101.790 102.037 10.311
101.840 102.137 10.8845
101.957 102.187 10.6506
101.990 102.253 10.8511
102.074 102.270 10.5846
102.107 102.320 10.7013
102.157 102.354 10.6439
102.190 102.370 10.6314
102.240 102.437 11.0119
102.274 102.470 10.9372
102.307 102.487 10.9274
102.357 102.520 10.8944
102.391 102.570 10.9005
102.441 102.687 11.3295
102.474 102.704 11.2241
102.507 102.754 11.2679
102.557 102.771 11.1179
102.591 102.804 10.8837
102.674 102.854 10.5907
102.708 102.921 10.876
102.741 103.038 11.3146
102.774 103.071 11.1393
102.824 103.121 10.8604
102.874 103.138 10.8411
103.008 103.188 10.2951
103.041 103.238 10.4796
103.075 103.288 10.7675
103.125 103.338 10.6307
103.158 103.371 10.6848
103.191 103.455 11.1304
103.225 103.471 10.9973
103.258 103.505 11.0493
103.308 103.521 10.8841
103.341 103.571 10.952
103.408 103.588 10.6987
103.442 103.671 10.75
103.492 103.738 11.1398
103.542 103.788 10.9025
103.592 103.838 11.0813
103.642 103.855 10.9608
103.675 103.905 11.1299
103.725 103.938 11.0255
103.759 103.955 11.0719
103.809 104.022 11.2827
103.842 104.072 11.1978
103.892 104.105 11.2547
103.942 104.239 11.6518
103.992 104.272 11.5508
104.042 104.322 11.65
104.092 104.339 11.5266
104.242 104.455 11.5625
104.276 104.589 12.103
104.326 104.622 11.8831
104.376 104.656 11.5517
104.426 104.672 11.3349
104.476 104.706 11.1338
104.559 104.756 10.9039
104.593 104.789 11.1457
104.643 104.873 11.3711
104.693 104.989 12.0344
104.826 105.056 11.513
104.876 105.089 11.1925
104.926 105.140 11.16
104.976 105.156 10.8685
105.010 105.173 10.778
105.043 105.206 10.7117
105.076 105.223 10.5224
105.110 105.273 10.502
105.143 105.323 10.7113
105.177 105.390 11.0814
105.210 105.423 10.8576
105.243 105.473 10.9849
105.293 105.506 10.7411
105.327 105.540 10.5181
105.377 105.557 10.407
105.410 105.607 10.5106
105.443 105.657 10.8791
105.510 105.807 11.5069
105.543 105.857 11.2232
105.594 105.924 11.3712
105.777 105.990 10.3028
105.827 106.040 9.98282
105.877 106.090 9.62758
105.944 106.140 9.53344
105.977 106.207 9.83341
106.027 106.291 10.3889
106.144 106.357 9.87429
106.194 106.374 9.73035
106.244 106.424 9.6569
106.278 106.474 9.54115
106.311 106.491 9.52303
106.344 106.541 9.75771
106.378 106.591 9.61667
106.428 106.624 9.66718
106.461 106.691 10.0909
106.494 106.808 10.8688
106.528 106.841 10.6631
106.578 106.908 10.694
106.778 107.008 10.0791
106.828 107.025 9.94834
106.878 107.075 9.94048
106.911 107.125 9.69931
106.978 107.175 9.68359
107.012 107.191 9.48527
107.045 107.241 9.53096
107.078 107.308 9.78068
107.128 107.392 10.2944
107.162 107.442 10.1078
107.195 107.475 10.365
107.312 107.525 9.87358
107.345 107.558 9.67921
107.395 107.608 9.75447
107.429 107.658 9.95116
107.462 107.692 9.76832
107.512 107.742 9.77168
107.545 107.775 9.62065
107.579 107.792 9.66445
107.612 107.825 9.5167
107.645 107.859 9.57023
107.679 107.909 9.81967
107.712 107.942 9.67849
107.746 107.959 9.75142
107.779 108.042 10.0918
107.812 108.159 10.7464
107.846 108.176 10.5581
107.879 108.226 10.2648
107.929 108.276 10.2922
108.079 108.292 9.82488
108.146 108.376 10.8919
108.179 108.443 9.96693
108.229 108.559 10.3347
108.279 108.609 10.5192
108.413 108.676 9.74629
108.530 108.726 9.38781
108.563 108.760 9.52527
108.596 108.826 9.81279
108.680 108.876 9.62144
108.696 108.893 9.83569
108.746 108.943 9.56681
108.780 108.993 9.66031
108.830 109.043 9.98714
108.847 109.143 10.5639
108.947 109.193 10.1871
108.997 109.227 10.4818
109.097 109.277 10.1337
109.197 109.377 10.4014
109.230 109.427 10.2668
109.247 109.477 10.3132
109.297 109.494 10.1403
109.330 109.544 10.2677
109.380 109.594 10.4609
109.447 109.744 11.2235
109.531 109.794 10.946
109.647 109.827 10.4461
109.697 109.877 10.7326
109.747 109.961 10.9432
109.797 110.011 10.6968
109.831 110.044 10.813
109.931 110.094 10.4921
109.948 110.144 10.2851
109.998 110.244 11.0024
110.048 110.294 10.6311
110.081 110.344 10.8428
110.114 110.478 11.6177
110.265 110.561 11.3955
110.315 110.578 11.0162
110.365 110.595 10.8072
110.448 110.678 10.585
110.498 110.728 10.7322
110.531 110.745 10.5624
110.565 110.778 10.6075
110.615 110.811 10.8465
110.648 110.845 10.7456
110.715 110.895 10.8684
110.748 110.962 11.1839
110.782 111.112 12.0276
110.815 111.162 11.8333
110.865 111.178 11.687
110.915 111.195 11.4068
111.065 111.245 11.0299
111.099 111.295 11.2346
111.132 111.379 11.4326
111.165 111.512 12.1166
111.265 111.562 11.7534
111.449 111.629 11.0242
111.482 111.712 11.2344
111.532 111.729 10.9653
111.566 111.779 11.0367
111.599 111.846 11.3633
111.632 111.879 11.15
111.683 111.946 11.2635
111.733 111.962 11.069
111.766 112.013 11.2062
111.816 112.096 11.4405
111.849 112.146 11.2382
111.883 112.163 11.0488
111.933 112.179 11.0543
111.966 112.229 11.1796
112.066 112.279 10.7467
112.116 112.329 10.894
112.166 112.430 11.3078
112.200 112.446 11.2585
112.250 112.530 11.217
112.300 112.546 10.9846
112.383 112.613 10.9789
112.416 112.646 10.8619
112.450 112.696 10.8814
112.483 112.763 11.239
112.567 112.780 11.0702
112.617 112.830 11.1258
112.667 112.863 10.9793
112.700 112.913 11.1802
112.750 112.997 11.5031
112.783 113.030 11.3478
112.817 113.080 11.4404
112.867 113.097 11.3639
112.900 113.147 11.1913
112.967 113.164 11.0575
113.000 113.214 11.1786
113.034 113.297 11.507
113.067 113.314 11.3317
113.100 113.380 11.4218
113.151 113.414 11.1399
113.184 113.481 11.3516
113.234 113.514 11.2259
113.267 113.531 11.2608
113.301 113.581 11.0375
113.334 113.631 11.1116
113.367 113.681 11.358
113.401 113.731 11.1138
113.434 113.797 11.1847
113.484 113.914 11.6268
113.634 113.981 11.2439
113.684 114.081 11.5247
113.868 114.148 11.0808
113.968 114.198 10.8073
114.101 114.331 10.8198
114.135 114.348 10.712
114.185 114.398 10.8658
114.285 114.565 11.0836
114.318 114.582 10.9812
114.418 114.615 10.5404
114.518 114.732 10.6418
114.552 114.782 10.9424
114.602 114.848 11.3278
114.669 114.882 11.1733
114.702 114.899 11.1134
114.735 114.915 11.1625
114.769 114.949 11.0058
114.802 114.999 10.9752
114.852 115.049 11.0795
114.885 115.115 11.3736
114.919 115.232 11.8903
114.952 115.265 11.6705
114.986 115.349 11.8226
115.036 115.399 11.6475
115.202 115.499 11.8844
115.303 115.516 11.5142
115.336 115.549 11.3935
115.453 115.649 11.1178
115.486 115.699 11.4134
115.519 115.783 11.8107
115.569 115.816 11.6486
115.619 115.883 11.7581
115.720 115.933 11.4363
115.770 115.999 11.682
115.820 116.050 11.1885
115.853 116.083 10.8386
115.886 116.116 10.9544
115.953 116.166 11.1805
116.020 116.266 11.5061
116.053 116.283 11.2527
116.137 116.367 11.3745
116.203 116.417 11.0535
116.237 116.483 11.27
116.287 116.500 10.7034
116.337 116.583 10.8917
116.370 116.683 11.2952
116.437 116.750 10.7444
116.537 116.800 10.1526
116.670 116.867 10.1782
116.704 116.934 10.7122
116.771 116.967 10.2198
116.837 117.034 10.375
116.904 117.134 10.7997
116.937 117.184 10.5249
116.971 117.201 10.1763
117.104 117.301 9.90917
117.138 117.317 9.69515
117.171 117.367 9.74936
117.221 117.401 9.52694
117.254 117.451 9.69329
117.288 117.484 10.0272
117.321 117.518 9.762
117.354 117.568 9.85591
117.388 117.634 10.2727
117.454 117.684 9.97054
117.488 117.734 10.1724
117.521 117.751 10.0044
117.571 117.801 10.1021
117.621 117.901 10.4057
117.671 117.951 10.0318
117.721 118.018 10.399
117.771 118.068 9.97457
117.905 118.135 9.39604
117.955 118.185 9.58942
118.005 118.235 9.38507
118.105 118.302 9.48933
118.138 118.385 9.9761
118.205 118.435 9.49284
118.255 118.502 9.7142
118.289 118.552 9.49001
118.372 118.602 9.48191
118.405 118.635 9.25098
118.472 118.685 9.00283
118.505 118.719 8.94184
118.539 118.769 9.23794
118.606 118.819 8.89029
118.639 118.835 8.83901
118.689 118.902 8.95039
118.722 119.002 9.45014
118.756 119.019 9.14651
118.789 119.069 8.94692
118.872 119.152 9.04518
118.973 119.219 9.2356
119.006 119.269 9.45068
119.106 119.336 8.69315
119.173 119.386 8.87496
119.239 119.436 8.60433
119.306 119.503 8.83723
119.340 119.586 9.27436
119.406 119.620 9.00953
119.473 119.653 8.74366
119.540 119.753 8.85699
119.573 119.803 9.21881
119.623 119.836 8.98114
119.657 119.870 8.86665
119.707 119.920 9.00576
119.740 119.970 9.32955
119.807 120.087 10.0613
119.857 120.137 9.77445
119.940 120.153 9.5261
119.973 120.203 9.60982
120.040 120.220 9.27073
120.107 120.303 9.28726
120.140 120.370 9.52335
120.174 120.520 10.1445
120.224 120.570 9.84508
120.391 120.637 9.12297
120.474 120.654 8.98501
120.541 120.754 9.1813
120.574 120.804 9.49345
120.624 120.854 9.28384
120.657 120.871 9.37713
120.691 120.921 9.24022
120.758 120.954 9.33517
120.791 121.021 9.68862
120.824 121.037 9.57035
120.874 121.088 9.65478
120.908 121.188 10.2079
120.991 121.238 9.9083
121.024 121.288 10.1168
121.074 121.304 10.0046
121.125 121.338 9.83524
121.175 121.371 9.73834
121.225 121.421 9.71455
121.275 121.455 9.73832
121.325 121.521 9.83351
121.358 121.588 10.3056
121.391 121.621 10.1844
121.425 121.671 10.2809
121.475 121.688 10.1539
121.592 121.788 10.1636
121.625 121.855 10.5898
121.658 121.888 10.4857
121.692 121.938 10.5866
121.742 121.955 10.4824
121.825 122.022 10.4348
121.859 122.055 10.274
121.892 122.105 10.3209
121.942 122.189 10.6726
121.975 122.222 10.4894
122.025 122.272 10.5484
122.142 122.322 10.1585
122.175 122.405 10.3494
122.226 122.505 10.8433
122.276 122.556 10.6457
122.376 122.606 9.94377
122.476 122.672 10.0041
122.509 122.722 10.3983
122.576 122.772 10.1164
122.643 122.822 9.80828
122.676 122.839 9.87189
122.709 122.889 10.0819
122.743 122.973 10.5443
122.776 122.989 10.41
122.809 123.039 10.4734
122.843 123.056 10.3315
122.876 123.089 10.37
122.926 123.106 10.1084
122.960 123.123 10.1543
122.993 123.206 10.4665
123.026 123.223 10.3557
123.060 123.256 10.454
123.093 123.356 10.9807
123.126 123.390 10.8121
123.176 123.440 10.9404
123.226 123.473 10.7638
123.260 123.490 10.5961
123.327 123.506 10.5379
123.360 123.540 10.4045
123.393 123.590 10.3205
123.427 123.606 10.2232
123.460 123.640 10.3085
123.493 123.707 10.6335
123.527 123.823 11.336
123.560 123.873 11.1119
123.593 123.907 10.793
123.644 123.940 10.6715
123.777 123.973 10.0282
123.827 124.024 9.82181
123.877 124.090 9.93581
123.927 124.140 10.1128
123.960 124.190 10.494
123.994 124.340 11.3496
124.127 124.407 10.9737
124.177 124.424 10.8332
124.227 124.474 10.8137
124.277 124.491 10.7019
124.327 124.524 10.4287
124.378 124.541 10.4637
124.411 124.574 10.2346
124.478 124.641 9.85622
124.511 124.707 10.0042
124.544 124.791 10.5277
124.578 124.841 10.2862
124.628 124.858 9.94984
124.678 124.891 9.97332
124.761 124.958 10.117
124.795 125.008 9.96647
124.828 125.024 9.99888
124.878 125.125 10.5318
124.911 125.175 10.2736
124.945 125.241 10.4181
124.995 125.358 11.0006
125.162 125.492 9.97948
125.328 125.558 9.33109
125.479 125.725 9.64371
125.579 125.775 9.33443
125.629 125.825 9.16254
125.679 125.859 9.15644
125.762 125.942 9.13703
125.795 126.009 9.51687
125.845 126.092 9.87327
125.929 126.125 9.50203
125.962 126.175 9.66951
126.012 126.226 9.49822
126.046 126.276 9.61276
126.096 126.342 9.91368
126.129 126.376 9.69975
126.229 126.442 9.75205
126.296 126.492 9.4186
126.329 126.543 9.61611
126.379 126.593 9.34623
126.413 126.643 9.47239
126.446 126.659 9.35138
126.513 126.709 9.38207
126.546 126.759 9.67495
126.580 126.809 9.55931
126.613 126.843 9.67706
126.680 126.926 10.1229
126.730 126.976 9.89085
126.780 127.043 10.0677
126.896 127.110 9.48883
126.947 127.160 9.84327
127.030 127.226 9.49059
127.080 127.277 9.7231
127.130 127.327 10.0547
127.147 127.360 10.0267
127.197 127.410 10.0246
127.230 127.427 9.86796
127.247 127.443 9.97446
127.297 127.543 10.2893
127.347 127.577 10.2074
127.380 127.593 10.2428
127.430 127.744 10.7767
127.497 127.794 10.4536
127.547 127.860 10.7209
127.731 127.960 10.2684
127.781 128.011 10.13
127.831 128.027 10.0875
127.881 128.094 10.4149
127.981 128.244 10.8833
128.031 128.294 10.4569
128.081 128.361 10.7392
128.131 128.394 10.373
128.198 128.428 10.0669
128.348 128.528 9.94407
128.381 128.578 10.312
128.398 128.678 10.8008
128.431 128.728 10.5106
128.465 128.795 10.683
128.515 128.811 10.4127
128.615 128.861 9.85936
128.681 128.911 9.8963
128.715 128.945 9.78
128.748 128.961 9.82771
128.798 129.011 10.0156
128.815 129.062 10.0224
128.848 129.112 9.86873
128.882 129.128 9.86074
128.915 129.195 10.0235
128.948 129.278 10.4878
128.982 129.295 10.3298
129.065 129.395 10.3381
129.099 129.412 10.1486
129.132 129.462 10.2337
129.249 129.545 10.7908
129.282 129.579 10.6859
129.365 129.629 10.6067
129.399 129.662 10.4713
129.482 129.712 10.5544
129.516 129.729 10.3853
129.582 129.779 10.3869
129.616 129.846 10.7309
129.649 129.879 10.5902
129.682 129.929 10.6397
129.716 130.046 11.4001
129.816 130.096 11.0242
129.866 130.163 11.0892
129.983 130.213 10.7574
130.016 130.263 11.0063
130.099 130.313 10.7356
130.133 130.329 10.5893
130.183 130.379 10.5947
130.216 130.446 10.834
130.283 130.546 11.1307
130.316 130.563 10.9356
130.416 130.613 10.37
130.466 130.696 10.3681
130.517 130.763 10.7449
130.567 130.780 10.363
130.617 130.863 10.5845
130.717 130.913 10.2182
130.750 130.980 10.3768
130.800 131.047 10.7177
130.850 131.097 10.5465
130.884 131.113 10.3267
130.934 131.147 10.2444
131.000 131.214 10.4236
131.034 131.247 10.2894
131.067 131.264 10.3101
131.117 131.347 10.6958
131.150 131.380 10.5427
131.184 131.430 10.6406
131.234 131.564 11.1823
131.317 131.631 10.8799
131.367 131.681 10.5575
131.417 131.697 10.4335
131.517 131.747 10.1809
131.551 131.764 10.116
131.618 131.814 10.0491
131.684 131.897 10.2494
131.718 131.964 10.7837
131.801 132.014 10.278
131.834 132.081 10.5736
131.918 132.131 10.2879
131.968 132.198 10.4025
132.051 132.248 10.1743
132.085 132.298 10.2623
132.135 132.315 10.0172
132.168 132.348 10.0892
132.201 132.415 10.4681
132.235 132.448 10.3679
132.268 132.498 10.4069
132.318 132.581 10.8467
132.352 132.615 10.6678
132.385 132.681 10.799
132.435 132.715 10.4456
132.552 132.798 10.6492
132.635 132.848 10.2571
132.668 132.915 10.4585
132.752 132.948 10.2224
132.785 132.998 10.2934
132.819 133.065 10.6401
132.919 133.215 11.3344
133.035 133.282 10.7491
133.086 133.332 10.5528
133.202 133.432 10.6256
133.236 133.532 11.019
133.336 133.566 10.405
133.419 133.616 10.175
133.486 133.666 10.1335
133.519 133.733 10.4589
133.553 133.766 10.2969
133.586 133.783 10.3519
133.619 133.816 10.2407
133.719 133.883 10.3136
133.753 133.949 10.6173
133.786 134.083 11.3024
133.820 134.100 11.0145
133.853 134.150 10.6256
133.903 134.200 10.4887
134.053 134.300 10.7129
134.086 134.316 10.5439
134.136 134.383 10.5334
134.220 134.433 10.3152
134.270 134.483 10.4389
134.320 134.500 10.3447
134.353 134.533 10.4254
134.387 134.600 10.6795
134.420 134.633 10.5935
134.453 134.683 10.6331
134.487 134.750 11.0906
134.520 134.767 10.9653
134.554 134.817 11.0383
134.587 134.850 10.8845
134.620 134.884 10.9551
134.670 134.917 10.756
134.704 134.967 10.9503
134.737 135.017 11.213
134.770 135.050 11.0461
134.820 135.100 11.1416
134.871 135.134 10.8322
134.904 135.184 10.9505
134.954 135.200 10.7907
135.021 135.284 10.8873
135.054 135.351 11.1782
135.087 135.367 11.0168
135.137 135.417 11.0164
135.187 135.568 11.6922
135.338 135.634 11.2132
135.388 135.684 10.9186
135.471 135.701 10.3376
135.538 135.751 10.2364
135.571 135.801 10.4779
135.621 135.834 10.2826
135.655 135.868 10.3202
135.688 135.951 10.7482
135.721 135.968 10.5833
135.755 136.051 10.7442
135.805 136.085 10.3116
135.888 136.135 9.87046
135.922 136.185 10.0545
135.955 136.218 9.93947
136.055 136.268 9.99027
136.088 136.285 9.83441
136.155 136.352 9.99082
136.188 136.385 9.86889
136.222 136.452 10.0333
136.255 136.518 10.4496
136.288 136.568 10.1053
136.322 136.619 10.2544
136.372 136.669 9.82572
136.472 136.719 9.4393
136.539 136.769 9.36636
136.572 136.835 9.64026
136.639 136.852 9.33036
136.672 136.935 9.55282
136.706 137.002 9.91792
136.789 137.052 9.6917
136.822 137.102 9.96127
136.889 137.152 9.42161
136.972 137.202 8.96033
137.006 137.236 9.02329
137.039 137.319 9.34835
137.089 137.336 9.1196
137.123 137.419 9.3537
137.173 137.453 9.03531
137.273 137.536 9.28907
137.373 137.603 8.90284
137.406 137.619 8.90463
137.490 137.669 8.878
137.523 137.720 8.89399
137.556 137.803 9.27754
137.590 137.820 9.13248
137.673 137.886 9.17693
137.706 137.970 9.77994
137.757 138.003 9.58328
137.790 138.087 9.81772
137.923 138.137 9.02987
137.957 138.203 9.46196
138.040 138.253 8.97233
138.074 138.303 9.29147
138.174 138.353 8.9487
138.224 138.420 9.30217
138.257 138.437 9.15865
138.290 138.487 9.33925
138.324 138.537 9.17943
138.390 138.620 9.31303
138.424 138.687 9.83471
138.474 138.737 9.55505
138.507 138.754 9.76356
138.574 138.804 9.49305
138.624 138.821 9.39459
138.707 138.904 9.41873
138.741 138.954 9.83198
138.774 139.037 10.6605
138.808 139.087 10.4946
138.891 139.188 10.6552
139.008 139.238 9.99321
139.041 139.288 10.3273
139.158 139.338 9.87964
139.191 139.404 10.1671
139.258 139.454 9.89753
139.291 139.504 10.0571
139.375 139.554 9.61245
139.408 139.588 9.83395
139.475 139.688 10.1717
139.508 139.721 9.94615
139.542 139.788 10.141
139.575 139.805 9.91221
139.675 139.855 9.92177
139.708 139.905 9.7414
139.742 139.955 9.82544
139.792 140.005 9.55682
139.825 140.055 9.68773
139.875 140.105 10.0048
139.909 140.122 9.82121
139.942 140.172 9.721
139.975 140.189 9.77627
140.009 140.238 10.05
140.075 140.372 10.7364
140.109 140.389 10.546
140.209 140.439 10.0855
140.242 140.455 10.2715
140.309 140.539 10.4975
140.342 140.605 11.0983
140.409 140.655 10.7952
140.442 140.706 11.0516
140.559 140.756 10.7075
140.592 140.789 10.9258
140.643 140.922 11.4659
140.676 140.939 11.3046
140.726 140.989 11.4859
140.859 141.039 11.0354
140.893 141.106 11.2806
140.943 141.123 11.0581
140.976 141.173 11.1118
141.010 141.256 11.5388
141.093 141.306 11.3792
141.143 141.340 11.434
141.226 141.390 11.2738
141.260 141.440 11.4462
141.293 141.473 11.2653
141.326 141.490 11.3149
141.360 141.556 11.647
141.393 141.590 11.4941
141.427 141.640 11.5679
141.477 141.757 12.2068
141.543 141.773 11.9437
141.577 141.857 12.086
141.693 141.907 11.8545
141.744 141.940 12.0044
141.794 141.973 11.8199
141.827 142.024 11.9498
141.877 142.073 11.7297
141.910 142.090 11.7967
141.944 142.190 12.041
141.977 142.207 11.794
142.010 142.240 11.4991
142.060 142.290 11.5443
142.094 142.307 11.3444
142.127 142.357 11.4059
142.177 142.407 11.539
142.261 142.524 12.0562
142.327 142.574 11.693
142.377 142.624 11.8104
142.427 142.674 11.6145
142.461 142.707 11.7268
142.544 142.741 11.255
142.578 142.808 11.4551
142.628 142.841 11.2055
142.678 142.891 11.2292
142.728 142.924 11.7416
142.761 142.974 11.5406
142.794 143.024 11.604
142.845 143.058 11.2648
142.911 143.091 11.3618
142.945 143.175 11.7684
142.978 143.191 11.5879
143.011 143.275 11.6618
143.045 143.291 11.4118
143.145 143.358 11.3115
143.178 143.391 11.1268
143.245 143.458 11.2712
143.278 143.525 11.6946
143.312 143.575 11.4658
143.345 143.625 11.6007
143.428 143.675 11.276
143.495 143.742 11.4589
143.528 143.775 11.2209
143.629 143.842 11.2679
143.662 143.859 11.0605
143.695 143.909 11.2228
143.745 143.992 11.4895
143.779 144.009 11.2575
143.829 144.059 11.4152
143.879 144.075 11.0545
143.912 144.109 10.8194
143.946 144.159 10.7996
143.979 144.175 10.9431
144.012 144.259 11.3403
144.046 144.376 12.0568
144.179 144.442 11.5106
144.329 144.592 11.9587
144.479 144.726 11.3437
144.530 144.776 11.1742
144.663 144.843 11.0538
144.696 144.876 10.8946
144.730 144.893 11.0462
144.780 144.976 11.3184
144.880 145.093 11.7896
144.913 145.110 11.6301
144.946 145.160 11.72
144.980 145.193 11.5485
145.030 145.210 11.2763
145.080 145.260 11.137
145.130 145.310 11.5261
145.163 145.377 11.879
145.197 145.427 11.7449
145.247 145.477 11.8165
145.330 145.527 11.5769
145.380 145.577 11.6916
145.430 145.677 12.1848
145.447 145.694 11.9803
145.497 145.744 12.0812
145.547 145.760 11.8157
145.597 145.777 11.695
145.647 145.810 11.5584
145.681 145.860 11.6713
145.697 145.927 12.1145
145.747 145.977 11.7981
145.781 146.077 11.9526
145.831 146.094 11.7708
145.897 146.177 11.8886
146.031 146.227 11.442
146.081 146.294 11.615
146.131 146.394 12.0618
146.181 146.428 11.745
146.231 146.461 11.6152
146.348 146.511 11.3354
146.381 146.528 11.2649
146.398 146.578 11.3546
146.448 146.611 11.5127
146.481 146.694 11.9197
146.498 146.728 11.8872
146.548 146.778 11.8358
146.598 146.795 11.6994
146.631 146.811 11.5459
146.681 146.861 11.4773
146.698 146.895 11.7084
146.731 146.961 12.0244
146.782 147.128 12.7888
146.815 147.162 12.597
146.982 147.212 12.0777
147.098 147.245 12.2252
147.115 147.345 12.4611
147.149 147.362 12.3902
147.182 147.395 12.4039
147.232 147.412 12.3931
147.265 147.462 12.4717
147.315 147.545 12.7239
147.382 147.579 12.5441
147.432 147.629 12.6995
147.482 147.679 12.4754
147.515 147.712 12.5154
147.566 147.812 13.018
147.599 147.846 12.8937
147.632 147.896 12.9199
147.682 147.929 12.7023
147.716 147.946 12.5553
147.766 147.996 12.7078
147.799 148.012 12.8118
147.832 148.046 12.7416
147.866 148.062 12.7484
147.899 148.146 12.8944
147.933 148.162 12.8334
147.966 148.213 12.8753
148.016 148.329 13.1794
148.049 148.363 13.0434
148.083 148.396 13.1398
148.133 148.429 13.0594
148.166 148.479 13.11
148.316 148.529 12.8664
148.350 148.546 12.9916
148.400 148.646 13.3271
148.433 148.663 13.2611
148.483 148.713 13.2129
148.533 148.746 13.1353
148.566 148.763 13.1929
148.617 148.780 12.9912
148.650 148.830 12.9729
148.700 148.930 13.3493
148.733 149.180 14.2795
148.917 149.247 13.7896
149.084 149.297 13.5385
149.184 149.364 13.5762
149.217 149.464 13.857
149.250 149.480 13.7755
149.334 149.514 13.6043
149.401 149.580 13.5772
149.434 149.630 13.7395
149.467 149.647 13.6616
149.501 149.697 13.6517
149.534 149.781 13.9087
149.567 149.797 13.771
149.601 149.847 13.5498
149.651 149.864 13.8409
149.684 149.914 13.6198
149.734 150.014 14.123
151.219 151.432 12.0173
151.419 151.616 11.9188
151.603 151.782 11.8987
151.753 151.933 11.7158
151.886 152.083 11.4246
152.036 152.216 10.9267
152.170 152.366 11.0
152.320 152.483 10.4415
152.420 152.600 10.7065
152.520 152.717 10.2939
152.570 152.767 10.1686
152.670 152.867 10.417
152.737 152.917 10.0716
152.770 152.983 10.0389
152.820 153.034 9.98116
152.870 153.084 10.2854
152.954 153.150 10.4358
152.987 153.200 10.0599
153.021 153.250 10.0007
153.121 153.317 10.3259
153.154 153.367 10.1092
153.237 153.451 10.3661
153.271 153.484 9.89884
153.321 153.534 10.3789
153.371 153.634 10.7987
153.421 153.651 10.3047
153.471 153.734 10.6454
153.604 153.851 11.2265
153.638 153.901 10.5177
153.688 153.918 10.1116
153.805 153.968 10.5507
153.871 154.051 11.1194
153.905 154.135 11.4519
153.971 154.185 10.7382
154.021 154.251 11.2477
154.122 154.301 11.0865
154.155 154.335 11.2464
154.205 154.402 10.6452
154.238 154.435 11.2476
154.288 154.502 11.5696
154.322 154.518 11.1817
154.355 154.602 11.4035
154.388 154.685 11.8833
154.472 154.769 11.4952
154.522 154.835 11.6825
154.672 154.885 11.4208
154.722 154.952 11.6208
154.772 155.002 11.104
154.822 155.019 10.8508
154.872 155.069 11.1377
154.906 155.119 11.332
154.972 155.219 11.6932
155.039 155.286 10.8566
155.089 155.369 11.3258
155.189 155.436 10.5641
155.223 155.486 10.5047
155.306 155.536 10.0605
155.339 155.553 10.2377
155.406 155.636 10.3748
155.439 155.669 9.80568
155.473 155.719 9.79725
155.523 155.769 9.57367
155.573 155.819 10.1573
155.606 155.870 9.73073
155.640 155.920 9.66954
155.773 156.003 9.75422
155.807 156.053 9.53416
155.840 156.137 9.99516
155.890 156.187 9.3938
155.990 156.220 9.3627
156.023 156.270 9.28874
156.090 156.320 9.30474
156.123 156.370 9.65823
156.190 156.420 9.36439
156.224 156.437 9.40386
156.290 156.487 9.41476
156.324 156.537 9.80966
156.407 156.637 10.2531
156.440 156.737 11.0106
156.474 156.804 10.6022
156.641 156.854 9.69374
156.724 156.921 9.29452
156.757 156.971 9.77394
156.791 157.037 10.262
156.824 157.087 9.98172
156.924 157.171 10.0598
156.958 157.187 9.90084
156.991 157.237 9.96245
157.024 157.254 9.78836
157.124 157.304 9.85515
157.158 157.388 10.1875
157.224 157.421 9.83382
157.258 157.504 10.1858
157.341 157.538 9.68067
157.375 157.588 9.98451
157.425 157.688 10.3595
157.558 157.771 9.86695
157.591 157.805 9.63837
157.658 157.888 9.77559
157.725 157.988 10.0844
157.825 158.022 9.63928
157.858 158.072 9.77795
157.942 158.155 9.83133
157.975 158.222 10.3471
158.075 158.272 9.87107
158.109 158.339 10.1461
158.192 158.389 9.76513
158.225 158.405 9.98626
158.292 158.505 10.4008
158.359 158.622 11.21
158.392 158.655 10.9264
158.526 158.706 10.1481
158.559 158.739 10.4043
158.609 158.789 10.0975
158.642 158.839 10.1982
158.676 158.889 10.5595
158.726 158.922 10.4648
158.759 158.989 10.1585
158.859 159.106 10.9206
158.893 159.156 10.6355
158.943 159.206 10.8577
159.076 159.306 10.0005
159.126 159.339 9.72203
159.176 159.389 9.6281
159.226 159.440 9.43928
159.260 159.490 9.75115
159.326 159.540 9.551
159.360 159.590 9.75523
159.393 159.606 9.53309
159.460 159.656 9.58033
159.493 159.706 9.41217
159.560 159.756 9.51159
159.593 159.823 9.94419
159.627 159.857 9.70168
159.677 159.923 9.86952
159.710 160.023 10.5194
159.827 160.090 9.84229
159.860 160.124 9.51586
159.977 160.190 9.61034
160.044 160.240 9.22812
160.077 160.290 9.49582
160.144 160.324 9.17576
160.227 160.424 9.39054
160.261 160.507 9.96807
160.294 160.541 9.76019
160.377 160.591 9.30213
160.444 160.674 9.54628
160.478 160.741 10.0442
160.561 160.791 9.46212
160.644 160.841 9.20229
160.711 160.908 9.44887
160.744 160.958 9.23816
160.778 161.008 9.48007
160.878 161.058 9.11057
160.911 161.124 9.42971
160.945 161.191 9.92353
161.028 161.275 9.4524
161.095 161.308 9.2338
161.128 161.358 9.47566
161.178 161.408 9.28431
161.228 161.458 9.37724
161.295 161.508 9.1918
161.328 161.558 9.40921
161.378 161.608 9.24529
161.412 161.658 9.43614
161.478 161.725 9.87258
161.528 161.842 10.6394
161.578 161.875 10.4164
161.679 161.958 10.6305
161.812 162.042 10.0912
161.845 162.059 9.87492
161.945 162.125 9.46171
161.979 162.175 9.73351
162.029 162.259 10.0935
162.062 162.292 9.92584
162.096 162.325 10.0668
162.146 162.375 9.86393
162.229 162.442 9.87092
162.262 162.492 10.3209
162.296 162.542 10.1328
162.346 162.592 10.3028
162.396 162.609 10.0315
162.463 162.659 9.82288
162.496 162.709 9.95862
162.529 162.776 10.2282
162.563 162.859 10.9136
162.596 162.893 10.65
162.629 162.976 10.8702
162.679 162.993 10.5456
162.713 163.026 10.3248
162.863 163.093 10.1384
162.963 163.160 10.4534
162.996 163.260 11.0428
163.063 163.310 10.6115
163.147 163.410 10.9132
163.280 163.477 10.3107
163.313 163.493 10.1081
163.380 163.543 10.1247
163.447 163.643 10.428
163.480 163.744 11.0894
163.564 163.794 10.6631
163.597 163.844 10.9283
163.697 163.910 10.6243
163.747 163.960 10.8877
163.797 164.060 11.085
163.847 164.094 11.3478
163.981 164.144 10.4955
164.047 164.244 10.4852
164.081 164.311 10.9384
164.147 164.394 10.4682
164.198 164.444 10.6584
164.248 164.478 10.44
164.298 164.528 10.0879
164.348 164.578 9.9267
164.398 164.611 9.71893
164.431 164.644 9.61697
164.448 164.694 9.95049
164.498 164.778 10.2762
164.531 164.794 10.0187
164.548 164.845 10.1896
164.631 164.945 10.6165
164.748 164.995 10.2346
164.781 165.061 10.5468
164.898 165.111 9.96393
164.932 165.161 10.2199
164.982 165.178 10.0746
164.998 165.195 9.91192
165.082 165.245 9.90596
165.098 165.278 9.76135
165.165 165.345 9.81548
165.198 165.412 10.1236
165.232 165.512 10.8123
165.265 165.679 11.9892
165.449 165.779 11.3828
165.615 165.829 10.712
165.666 165.845 10.5638
165.716 165.895 10.6063
165.799 165.996 10.6926
165.832 166.012 10.5251
165.866 166.062 10.2956
165.949 166.146 10.5949
165.983 166.196 10.4494
166.033 166.263 10.6635
166.066 166.279 10.4796
166.116 166.329 10.6106
166.166 166.379 10.3658
166.199 166.429 10.445
166.249 166.446 10.226
166.283 166.479 10.3665
166.333 166.546 10.5433
166.366 166.596 10.3742
166.416 166.646 10.5472
166.450 166.713 11.0524
166.533 166.763 10.586
166.583 166.830 10.9106
166.633 166.863 10.629
166.666 166.913 10.7493
166.717 167.013 11.306
166.800 167.047 10.9334
166.833 167.097 11.2075
166.967 167.163 10.7291
167.017 167.247 11.0297
167.067 167.263 10.7746
167.100 167.297 10.6678
167.134 167.314 10.6594
167.167 167.363 10.8057
167.200 167.414 10.5512
167.234 167.464 10.6352
167.267 167.530 10.9975
167.300 167.547 10.7938
167.334 167.597 10.5036
167.367 167.647 10.5578
167.401 167.697 10.6907
167.501 167.747 10.1896
167.567 167.814 10.4566
167.601 167.847 10.2492
167.667 167.897 10.279
167.701 167.964 10.6622
167.767 168.081 11.3725
167.818 168.114 11.171
167.918 168.148 10.6842
168.051 168.248 10.7793
168.084 168.298 11.0844
168.118 168.348 10.8867
168.218 168.414 10.9583
168.251 168.498 11.4224
168.285 168.531 11.2223
168.368 168.581 10.6367
168.435 168.631 10.7291
168.468 168.665 10.5885
168.501 168.715 10.6734
168.535 168.748 10.8502
168.602 168.882 11.0005
168.685 168.915 11.3183
168.735 168.948 10.6003
168.818 169.015 10.6862
168.885 169.115 11.0191
168.919 169.232 11.6241
169.002 169.282 11.1938
169.169 169.349 10.4641
169.236 169.432 10.7824
169.269 169.499 11.2108
169.302 169.515 11.0544
169.336 169.549 10.8233
169.386 169.599 10.8698
169.452 169.616 10.6207
169.486 169.666 10.7281
169.519 169.716 10.9405
169.552 169.832 11.3345
169.586 169.866 11.2071
169.619 169.932 11.3417
169.786 170.033 11.0149
169.836 170.083 11.1522
169.953 170.166 11.4738
169.986 170.216 11.5653
170.020 170.250 11.4943
170.070 170.266 11.2666
170.136 170.316 11.4232
170.170 170.333 11.2888
170.203 170.383 11.3006
170.236 170.466 11.5953
170.270 170.483 11.434
170.303 170.533 11.5622
170.353 170.550 11.3438
170.387 170.600 11.474
170.437 170.683 11.7783
170.470 170.700 11.6202
170.503 170.767 11.6663
170.537 170.800 11.4398
170.620 170.850 11.6056
170.653 170.933 12.1205
170.720 170.984 11.8448
170.770 171.067 11.9915
170.820 171.084 11.7644
170.937 171.184 11.6752
170.970 171.200 11.819
171.020 171.250 11.7399
171.071 171.267 11.3885
171.104 171.317 11.5489
171.137 171.351 11.3929
171.171 171.401 11.3982
171.204 171.451 11.6698
171.237 171.584 12.1695
171.287 171.617 12.2937
171.388 171.701 12.3821
171.538 171.784 11.5331
171.588 171.801 11.2088
171.638 171.851 10.8708
171.721 171.901 10.7948
171.755 171.968 11.0762
171.788 172.001 10.9022
171.838 172.051 10.9223
171.871 172.118 11.3232
171.905 172.135 11.1324
171.938 172.185 11.1408
171.988 172.285 11.6082
172.088 172.335 11.2287
172.122 172.401 11.5108
172.222 172.452 10.9604
172.255 172.502 11.3523
172.338 172.552 11.076
172.422 172.618 11.16
172.455 172.685 11.5564
172.489 172.718 11.474
172.539 172.735 11.159
172.589 172.768 11.2297
172.655 172.869 11.3804
172.689 172.952 11.7536
172.722 172.985 11.6038
172.772 173.019 11.2964
172.822 173.052 11.3432
172.922 173.102 10.9524
172.956 173.152 11.1313
172.989 173.202 11.3805
173.022 173.286 11.7668
173.056 173.319 11.6121
173.089 173.336 11.386
173.139 173.386 11.3273
173.239 173.452 11.4372
173.273 173.486 11.373
173.306 173.536 11.4456
173.339 173.603 11.7168
173.406 173.653 11.4189
173.439 173.703 11.6193
173.489 173.753 11.4802
173.556 173.769 11.2113
173.623 173.819 11.2332
173.656 173.836 11.4355
173.690 173.869 11.3229
173.723 173.886 11.364
173.756 173.970 11.665
173.790 174.053 12.2716
173.823 174.086 12.0982
173.856 174.136 12.1781
173.890 174.186 12.0231
174.007 174.220 11.9831
174.040 174.253 11.9252
174.073 174.303 11.9438
174.123 174.370 12.2729
174.190 174.420 12.0303
174.240 174.487 12.0664
174.290 174.520 12.0436
174.324 174.570 12.132
174.374 174.687 12.5158
174.474 174.737 12.2445
174.524 174.804 12.4394
174.624 174.820 11.8648
174.674 174.920 12.1262
174.724 174.954 11.7664
174.774 174.970 11.7029
174.824 175.020 11.8838
174.857 175.037 11.7632
174.891 175.087 11.7503
174.924 175.137 11.9837
174.957 175.171 11.8213
174.991 175.187 11.8458
175.041 175.254 11.9606
175.074 175.287 11.8277
175.124 175.338 11.9407
175.174 175.454 12.2244
175.224 175.654 13.1364
175.425 175.738 12.7967
175.591 175.805 12.375
175.625 175.838 12.3188
175.675 175.855 12.1284
175.725 175.888 12.1041
175.792 175.971 12.2343
175.825 176.005 12.096
175.875 176.055 11.6983
175.908 176.071 11.9494
175.942 176.105 11.6244
175.975 176.155 11.7779
176.008 176.222 12.1562
176.042 176.372 12.7778
176.075 176.405 12.489
176.209 176.455 11.5866
176.359 176.572 11.6737
176.392 176.655 12.2492
176.442 176.705 11.857
176.526 176.755 11.4102
176.626 176.822 11.4156
176.659 176.872 11.7507
176.726 176.922 11.4301
176.792 176.989 11.7
176.826 177.006 11.5236
176.859 177.056 11.5637
176.893 177.139 11.9325
176.976 177.273 12.577
177.143 177.373 11.8093
177.243 177.423 11.3831
177.276 177.489 11.6703
177.326 177.523 11.4797
177.393 177.590 11.3858
177.460 177.690 11.8206
177.493 177.706 11.6005
177.543 177.723 11.2114
177.643 177.823 10.9684
177.677 177.907 11.2803
177.727 177.990 11.797
177.827 178.040 11.2428
177.860 178.123 10.8314
177.944 178.157 11.575
177.994 178.207 10.3941
178.110 178.307 10.0672
178.144 178.357 9.79572
178.194 178.407 9.87127
178.277 178.457 9.45371
178.311 178.524 9.72554
178.344 178.540 9.50113
178.377 178.591 9.70926
178.427 178.691 10.204
178.477 178.807 10.9106
178.577 178.891 10.1966
178.627 178.924 9.87408
178.778 179.008 9.92212
178.844 179.074 9.67099
178.928 179.124 9.7783
178.994 179.224 10.1796
179.028 179.241 9.97294
179.095 179.308 10.1271
179.195 179.458 10.7638
179.228 179.508 10.442
179.278 179.558 9.96738
179.412 179.658 9.965
179.512 179.742 10.3951
179.545 179.775 10.1295
179.628 179.825 9.72375
179.695 179.892 9.97028
179.729 179.958 10.5075
179.779 179.992 10.1417
179.812 180.042 9.93882
179.862 180.075 10.138
179.929 180.125 9.93617
179.962 180.175 9.70549
180.012 180.225 9.83238
180.045 180.292 9.56651
180.079 180.325 9.54961
180.179 180.426 9.6261
180.212 180.442 9.46299
180.229 180.509 9.70467
