# base timestamp: 1517626661713
60.133 63.736 22.2788
63.603 66.455 13.4311
69.459 71.626 14.0066
73.996 75.714 13.3641
78.717 80.034 13.3009
83.038 84.388 13.3611
87.375 88.859 13.2753
91.879 93.463 13.1688
96.450 98.117 13.3799
101.104 102.805 13.5355
104.808 106.459 11.7553
105.659 106.559 11.7512
105.792 106.659 11.9602
105.925 106.759 11.9378
106.059 106.842 11.7928
106.192 106.942 11.7591
106.293 107.026 11.666
106.376 107.109 11.5494
106.443 107.159 11.5984
106.526 107.226 11.684
106.593 107.276 11.9236
106.693 107.359 12.1492
106.793 107.443 12.1665
106.893 107.526 12.0713
106.993 107.610 11.9203
107.077 107.676 11.7964
107.143 107.743 11.7638
107.210 107.793 11.8269
107.260 107.826 12.0955
107.327 107.876 11.9937
107.394 107.926 12.2456
107.477 107.993 12.1892
107.577 108.093 12.1929
107.627 108.127 11.5393
107.644 108.143 11.4771
107.660 108.160 11.5158
107.694 108.177 11.6687
107.711 108.193 11.6708
107.727 108.210 11.7868
107.744 108.227 11.745
107.761 108.243 11.8097
107.777 108.260 11.7203
107.794 108.277 11.7117
107.811 108.294 11.6334
107.827 108.310 11.678
107.844 108.327 11.6406
107.861 108.344 11.6912
107.877 108.360 11.683
107.894 108.377 11.7599
107.911 108.394 11.7144
107.961 108.444 11.5358
107.994 108.477 11.4775
108.027 108.510 11.4768
108.078 108.560 11.3863
108.111 108.594 11.4263
108.161 108.627 11.4873
108.211 108.677 11.4744
108.261 108.727 11.598
108.328 108.794 11.4602
108.428 108.894 11.2257
108.578 109.044 10.9688
108.678 109.128 11.0046
108.745 109.194 11.0216
108.812 109.261 10.9713
108.862 109.311 11.0992
108.912 109.361 11.0784
108.962 109.394 11.2843
109.028 109.461 11.3217
109.095 109.528 11.2981
109.162 109.595 11.3181
109.212 109.645 11.2828
109.262 109.678 11.3059
109.312 109.728 11.2053
109.362 109.778 11.2869
109.412 109.828 11.2394
109.445 109.862 11.2879
109.512 109.928 11.3772
109.562 109.978 11.4955
109.629 110.045 11.5364
109.696 110.095 11.5277
109.746 110.145 11.3881
109.796 110.195 11.2075
109.829 110.229 11.2052
109.879 110.279 11.0915
109.929 110.329 11.1747
109.979 110.379 11.213
110.046 110.429 11.382
110.096 110.479 11.4742
110.146 110.529 11.4935
110.196 110.579 11.6557
110.229 110.612 11.6412
110.263 110.646 11.5983
110.296 110.679 11.5704
110.330 110.712 11.5232
110.380 110.762 11.4118
110.413 110.796 11.5063
110.463 110.846 11.569
110.513 110.879 11.5516
110.563 110.929 11.7026
110.596 110.963 11.6826
110.630 110.996 11.661
110.663 111.029 11.6221
110.697 111.063 11.7015
110.730 111.096 11.6954
110.763 111.130 11.6845
110.797 111.163 11.7887
110.847 111.213 11.7554
110.897 111.263 11.862
110.930 111.296 11.8414
110.980 111.346 11.7303
111.014 111.380 11.6606
111.047 111.396 11.6089
111.080 111.430 11.6135
111.114 111.463 11.5738
111.147 111.496 11.5755
111.197 111.546 11.7518
111.247 111.597 11.7241
111.297 111.647 11.7711
111.347 111.697 11.6359
111.397 111.747 11.5993
111.431 111.780 11.5164
111.464 111.813 11.5272
111.497 111.847 11.4715
111.531 111.880 11.4481
111.564 111.914 11.4788
111.614 111.964 11.3847
111.664 112.014 11.4881
111.681 112.047 11.6119
111.731 112.080 11.6417
111.781 112.114 11.5433
111.831 112.164 11.4998
111.864 112.197 10.3208
111.881 112.214 10.2439
111.914 112.247 10.3359
111.931 112.264 10.4357
111.964 112.297 10.5862
111.981 112.314 10.6681
112.014 112.331 10.5674
112.031 112.347 10.5727
112.048 112.364 10.5476
112.064 112.381 10.6062
112.081 112.397 10.5685
112.115 112.447 10.759
112.131 112.464 10.8821
112.165 112.481 10.7851
112.181 112.497 10.774
112.215 112.531 10.8137
112.231 112.547 10.8439
112.265 112.597 10.9906
112.281 112.614 10.936
112.315 112.648 10.9369
112.331 112.664 10.9281
112.365 112.698 10.8796
112.381 112.714 10.8743
112.415 112.748 10.9533
112.432 112.764 11.128
112.465 112.798 11.1454
112.482 112.814 11.0786
112.515 112.848 11.1071
112.532 112.864 11.1521
112.565 112.898 11.2149
112.582 112.914 11.1886
112.615 112.948 11.1483
112.632 112.964 11.2083
112.665 112.998 11.2353
112.682 113.015 11.1871
112.715 113.048 11.319
112.732 113.065 11.3049
112.765 113.098 11.264
112.782 113.115 11.1756
112.815 113.148 11.1103
112.832 113.165 11.1161
112.865 113.198 11.1979
112.882 113.215 11.0696
112.915 113.248 11.1198
112.932 113.265 11.1935
112.965 113.298 11.1384
112.982 113.315 11.0529
113.015 113.348 11.0411
113.032 113.382 11.204
113.065 113.398 11.1684
113.082 113.432 11.1417
113.099 113.448 11.1328
113.116 113.465 11.0818
113.132 113.482 11.1359
113.149 113.498 11.1236
113.166 113.515 11.1698
113.182 113.532 11.1806
113.199 113.548 11.3175
113.216 113.565 11.2349
113.232 113.582 11.2788
113.249 113.598 11.2388
113.266 113.615 11.2256
113.282 113.632 11.1857
113.299 113.648 11.1944
113.316 113.665 11.1247
113.332 113.682 11.1205
113.349 113.698 11.1034
113.366 113.715 11.1154
113.382 113.732 11.1305
113.399 113.748 11.0274
113.416 113.765 11.1416
113.432 113.782 11.0524
113.449 113.799 10.9199
113.466 113.815 10.9545
113.482 113.832 10.827
113.499 113.849 10.8571
113.516 113.865 10.8902
113.533 113.882 10.7918
113.549 113.899 10.883
113.566 113.915 10.7838
113.583 113.932 10.765
113.599 113.949 10.8014
113.616 113.965 10.8662
113.633 113.982 10.813
113.649 113.999 10.7306
113.666 114.015 10.7582
113.683 114.032 10.7317
113.699 114.049 10.7735
113.716 114.066 10.7744
113.733 114.082 10.8132
113.749 114.099 10.7407
113.783 114.116 10.8448
113.799 114.149 10.8052
113.816 114.166 10.6876
113.833 114.182 10.7041
113.849 114.199 10.6445
113.866 114.216 10.704
113.883 114.232 10.6966
113.900 114.249 10.8124
113.916 114.266 10.739
113.933 114.282 10.7597
113.950 114.299 10.6975
113.966 114.316 10.7785
113.983 114.332 10.7302
114.000 114.349 10.8065
114.016 114.366 10.7743
114.033 114.383 10.8529
114.050 114.399 10.862
114.083 114.416 10.8136
114.100 114.449 10.8369
114.116 114.466 10.8524
114.133 114.483 10.8704
114.150 114.499 10.8106
114.166 114.516 10.8085
114.183 114.533 10.8332
114.200 114.549 10.9247
114.216 114.566 10.9105
114.233 114.583 10.9474
114.250 114.599 10.8622
114.267 114.616 10.93
114.283 114.633 10.8216
114.300 114.649 10.8574
114.317 114.666 10.8098
114.333 114.683 10.8537
114.350 114.699 10.8543
114.367 114.716 10.9444
114.383 114.733 10.8763
114.400 114.749 10.9247
114.417 114.766 10.9023
114.433 114.783 10.9221
114.450 114.800 10.8375
114.467 114.816 10.8718
114.483 114.833 10.8266
114.500 114.849 10.87
114.517 114.866 10.8759
114.533 114.883 10.9171
114.550 114.900 10.9414
114.567 114.916 10.9243
114.584 114.933 10.8766
114.600 114.950 10.9424
114.617 114.966 10.8596
114.634 114.983 10.8385
114.650 115.000 10.8704
114.667 115.016 10.8827
114.684 115.033 10.8464
114.700 115.050 10.9295
114.717 115.066 10.8902
114.734 115.083 10.9237
114.750 115.100 10.8415
114.767 115.116 10.8742
114.784 115.133 10.8247
114.800 115.150 10.8715
114.817 115.166 10.8188
114.834 115.183 10.8904
114.850 115.200 10.8664
114.867 115.217 10.9023
114.884 115.233 10.8779
114.900 115.250 10.8952
114.917 115.267 10.8243
114.934 115.283 10.8304
114.951 115.300 10.7452
114.967 115.317 10.7727
114.984 115.333 10.7601
115.001 115.350 10.8019
115.017 115.367 10.8904
115.034 115.383 10.8592
115.051 115.400 10.8014
115.067 115.417 10.8331
115.084 115.433 10.7439
115.101 115.450 10.8004
115.117 115.467 10.7764
115.134 115.483 10.711
115.151 115.500 10.8031
115.167 115.517 10.8566
115.184 115.534 10.8982
115.201 115.550 10.9908
115.217 115.567 10.8721
115.234 115.584 10.9219
115.251 115.600 10.8657
115.267 115.617 10.8906
115.284 115.634 10.8193
115.301 115.650 10.9202
115.318 115.667 10.8872
115.334 115.684 10.9459
115.351 115.700 10.8486
115.368 115.717 10.8465
115.384 115.734 10.781
115.401 115.750 10.8209
115.418 115.767 10.7569
115.434 115.784 10.8174
115.451 115.800 10.8419
115.468 115.817 10.8842
115.484 115.834 10.8345
115.501 115.850 10.7689
115.518 115.867 10.8321
115.534 115.884 10.7958
115.551 115.901 10.7467
115.568 115.917 10.8183
115.584 115.934 10.8888
115.601 115.951 10.9883
115.618 115.967 10.9248
115.634 115.984 10.9474
115.651 116.001 10.8612
115.668 116.017 10.8721
115.685 116.034 10.8789
115.701 116.051 10.9627
115.718 116.067 11.0009
115.735 116.084 11.0258
115.751 116.101 10.96
115.768 116.117 10.929
115.785 116.134 10.8535
115.801 116.151 10.8672
115.818 116.167 10.7992
115.835 116.184 10.8764
115.851 116.201 10.8986
115.868 116.218 10.9258
115.885 116.234 10.7806
115.901 116.251 10.8128
115.918 116.267 10.6867
115.935 116.284 10.6962
115.951 116.301 10.6375
115.968 116.318 10.698
115.985 116.334 10.7032
116.001 116.351 10.6996
116.018 116.368 10.6157
116.035 116.384 10.6362
116.052 116.401 10.5751
116.068 116.418 10.6078
116.085 116.434 10.547
116.102 116.451 10.6194
116.118 116.468 10.602
116.135 116.484 10.653
116.152 116.501 10.6352
116.168 116.518 10.572
116.185 116.534 10.6545
116.202 116.551 10.5886
116.218 116.568 10.5125
116.235 116.584 10.5315
116.252 116.601 10.4851
116.268 116.618 10.5188
116.285 116.634 10.5176
116.302 116.651 10.5937
116.318 116.668 10.4847
116.335 116.685 10.5604
116.352 116.701 10.4221
116.368 116.718 10.4124
116.385 116.735 10.3445
116.402 116.751 10.3555
116.419 116.768 10.3478
116.435 116.785 10.4601
116.452 116.801 10.4347
116.469 116.818 10.4739
116.485 116.835 10.4097
116.502 116.851 10.4332
116.519 116.868 10.2749
116.535 116.885 10.2414
116.552 116.901 10.175
116.569 116.918 10.2335
116.585 116.935 10.25
116.602 116.951 10.3252
116.619 116.968 10.2693
116.635 116.985 10.2243
116.652 117.002 10.1533
116.669 117.018 10.1517
116.685 117.035 10.0764
116.702 117.052 10.1279
116.719 117.068 10.1293
116.735 117.085 10.1548
116.752 117.102 10.1367
116.769 117.118 10.1488
116.786 117.135 10.1138
116.802 117.152 10.0559
116.819 117.168 9.97214
116.836 117.185 9.93632
116.852 117.202 9.88407
116.869 117.218 9.98746
116.886 117.235 9.88101
116.902 117.252 9.95809
116.919 117.268 9.97063
116.936 117.285 10.0126
116.952 117.302 9.91148
116.969 117.319 9.91635
116.986 117.335 9.80578
117.002 117.352 9.7998
117.019 117.369 9.79268
117.036 117.385 9.81976
117.052 117.402 9.88251
117.069 117.419 9.88478
117.086 117.435 9.94613
117.102 117.452 10.0041
117.136 117.485 9.94844
117.153 117.502 9.8229
117.169 117.519 9.84649
117.186 117.535 9.78618
117.203 117.552 9.83795
117.219 117.569 9.93067
117.253 117.602 9.88787
117.269 117.619 9.99166
117.286 117.635 9.95294
117.303 117.652 10.0483
117.319 117.669 9.91652
117.336 117.685 9.95035
117.353 117.702 9.91705
117.369 117.719 9.94771
117.386 117.736 9.96698
117.403 117.752 9.98295
117.419 117.769 9.95001
117.436 117.786 10.0155
117.453 117.802 9.91463
117.469 117.819 9.92764
117.486 117.836 9.87483
117.520 117.869 9.94758
117.536 117.886 9.98689
117.570 117.919 10.0392
117.586 117.936 10.0266
117.603 117.969 10.043
117.636 117.986 10.0142
117.653 118.019 10.0414
117.686 118.053 10.0175
117.703 118.069 10.0407
117.720 118.086 9.94515
117.736 118.103 10.0275
117.753 118.119 9.84301
117.770 118.136 9.89837
117.786 118.153 9.78223
117.803 118.169 9.80197
117.820 118.186 9.78389
117.836 118.203 9.87676
117.870 118.236 9.98624
117.903 118.269 9.871
117.937 118.303 9.90521
117.987 118.353 9.74623
118.037 118.403 9.73039
118.070 118.436 9.66802
118.087 118.453 9.58987
118.120 118.486 9.61495
118.137 118.503 9.68788
118.153 118.520 9.67395
118.187 118.553 9.70485
118.204 118.570 9.81131
118.237 118.603 9.93614
118.270 118.636 9.90444
118.287 118.653 9.82683
118.320 118.686 9.72945
118.337 118.703 9.76297
118.354 118.720 9.72152
118.370 118.737 9.74819
118.387 118.753 9.76258
118.404 118.770 9.82263
118.420 118.786 9.8671
118.454 118.820 9.86781
118.470 118.836 9.8701
118.504 118.870 9.76456
118.520 118.887 9.60594
118.537 118.903 9.65279
118.554 118.920 9.60319
118.571 118.937 9.63077
118.587 118.953 9.6451
118.604 118.970 9.76453
118.637 119.003 9.83116
118.671 119.037 9.7866
118.704 119.070 9.80691
118.721 119.087 9.70789
118.754 119.120 9.62414
118.771 119.137 9.66251
118.787 119.153 9.63375
118.804 119.170 9.72915
118.821 119.187 9.7695
118.837 119.204 9.99981
118.871 119.237 9.98561
118.887 119.254 9.96679
118.904 119.270 9.96201
118.921 119.287 9.86635
118.938 119.304 9.82886
118.954 119.320 9.82352
118.971 119.337 9.88654
118.988 119.354 9.91327
119.038 119.404 9.99544
119.088 119.454 9.8772
119.138 119.504 9.74967
119.188 119.554 9.60159
119.238 119.604 9.58874
119.271 119.637 9.517
119.321 119.687 9.46407
119.355 119.721 9.52444
119.388 119.754 9.70205
119.421 119.787 9.57845
119.455 119.821 9.68537
119.488 119.854 9.6644
119.521 119.888 9.57522
119.555 119.921 9.54805
119.588 119.954 9.53918
119.621 119.988 9.5847
119.655 120.021 9.53753
119.688 120.054 9.65429
119.722 120.088 9.80057
119.755 120.121 9.85257
119.788 120.154 9.79257
119.822 120.188 9.70483
119.855 120.238 9.64347
119.888 120.254 9.59349
119.922 120.288 9.67322
119.938 120.305 9.5953
119.972 120.338 9.79891
120.005 120.388 9.86943
120.039 120.405 9.84501
120.072 120.455 9.75584
120.105 120.488 9.66944
120.139 120.521 9.6277
120.155 120.538 9.5775
120.172 120.555 9.59801
120.205 120.588 9.67937
120.222 120.605 9.73072
120.255 120.638 9.85948
120.289 120.672 9.86293
120.322 120.705 9.85011
120.355 120.738 9.79974
120.389 120.772 9.7532
120.406 120.788 9.72728
120.422 120.805 9.74173
120.439 120.822 9.8126
120.456 120.838 9.88333
120.489 120.872 9.93747
120.522 120.905 9.96953
120.556 120.938 9.91479
120.589 120.972 9.84655
120.606 120.989 9.83551
120.639 121.022 9.76873
120.656 121.038 9.77423
120.672 121.055 9.87093
120.689 121.072 10.0369
120.722 121.105 10.0128
120.756 121.139 9.99667
120.789 121.172 9.8824
120.806 121.189 9.90578
120.823 121.205 9.83652
120.839 121.222 9.894
120.856 121.239 9.86845
120.873 121.255 9.96497
120.889 121.272 10.0372
120.923 121.305 10.0311
120.956 121.339 10.1185
120.973 121.356 10.0598
121.006 121.389 10.0674
121.023 121.406 10.0145
121.039 121.422 10.0351
121.056 121.439 10.0426
121.073 121.456 10.099
121.090 121.472 10.148
121.106 121.489 10.2203
121.140 121.522 10.2308
121.156 121.539 10.206
121.173 121.556 10.2138
121.190 121.572 10.1887
121.206 121.589 10.23
121.223 121.606 10.2486
121.240 121.622 10.3014
121.256 121.639 10.2871
121.273 121.656 10.3719
121.306 121.689 10.3176
121.323 121.706 10.2726
121.356 121.739 10.232
121.373 121.756 10.2709
121.390 121.773 10.2098
121.406 121.789 10.2772
121.423 121.806 10.2668
121.440 121.823 10.2636
121.457 121.839 10.3216
121.473 121.856 10.3453
121.490 121.873 10.2954
121.507 121.889 10.3499
121.523 121.906 10.3087
121.540 121.923 10.2652
121.557 121.939 10.2731
121.573 121.956 10.3347
121.590 121.973 10.3292
121.607 121.989 10.4187
121.623 122.006 10.3199
121.640 122.023 10.349
121.657 122.040 10.3452
121.673 122.056 10.3236
121.690 122.073 10.2873
121.707 122.090 10.327
121.723 122.106 10.3482
121.740 122.123 10.4234
121.757 122.140 10.3609
121.773 122.156 10.3429
121.790 122.173 10.2426
121.807 122.190 10.274
121.824 122.206 10.2253
121.840 122.223 10.2363
121.857 122.240 10.181
121.874 122.256 10.2472
121.890 122.273 10.1857
121.907 122.290 10.283
121.924 122.306 10.2381
121.940 122.323 10.2581
121.957 122.340 10.2084
121.974 122.356 10.2295
121.990 122.373 10.1518
122.007 122.390 10.1446
122.024 122.406 10.1782
122.040 122.423 10.2407
122.057 122.440 10.2576
122.074 122.457 10.2845
122.090 122.473 10.2501
122.107 122.490 10.2562
122.124 122.507 10.2079
122.140 122.523 10.2295
122.157 122.540 10.1734
122.174 122.557 10.1767
122.191 122.573 10.2314
122.207 122.590 10.2961
122.224 122.607 10.2648
122.241 122.623 10.2896
122.257 122.640 10.1549
122.274 122.657 10.2302
122.291 122.673 10.168
122.307 122.690 10.1456
122.324 122.707 10.1924
122.341 122.723 10.1287
122.357 122.740 10.1368
122.374 122.757 10.2893
122.391 122.773 10.2082
122.407 122.790 10.2272
122.424 122.807 10.1601
122.441 122.823 10.1723
122.457 122.840 10.0998
122.474 122.857 10.1653
122.491 122.874 10.172
122.507 122.890 10.112
122.524 122.907 10.199
122.541 122.924 10.3379
122.558 122.940 10.2299
122.574 122.957 10.2671
122.591 122.974 10.2033
122.608 122.990 10.206
122.624 123.007 10.1151
122.641 123.024 10.1344
122.658 123.040 10.1065
122.674 123.057 10.2058
122.691 123.074 10.1954
122.724 123.107 10.2228
122.741 123.124 10.2762
122.774 123.157 10.1942
122.791 123.174 10.1244
122.824 123.207 10.1698
122.841 123.224 10.2367
122.874 123.257 10.3332
122.891 123.274 10.329
122.908 123.307 10.4128
122.941 123.324 10.3404
122.958 123.357 10.2945
122.975 123.374 10.3361
122.991 123.391 10.2922
123.008 123.407 10.361
123.025 123.424 10.306
123.041 123.441 10.4371
123.058 123.457 10.3562
123.075 123.474 10.3527
123.091 123.491 10.267
123.108 123.508 10.3356
123.141 123.524 10.313
123.158 123.558 10.3257
123.175 123.574 10.4003
123.191 123.591 10.4328
123.208 123.608 10.5147
123.225 123.624 10.4397
123.241 123.641 10.4727
123.258 123.658 10.4411
123.275 123.674 10.5126
123.292 123.691 10.4376
123.308 123.708 10.4996
123.325 123.724 10.4497
123.342 123.741 10.4936
123.358 123.758 10.4246
123.392 123.774 10.4036
123.408 123.808 10.4643
123.425 123.825 10.5314
123.442 123.841 10.5209
123.458 123.858 10.4686
123.475 123.874 10.5024
123.492 123.891 10.4543
123.508 123.908 10.4624
123.525 123.925 10.3582
123.542 123.941 10.3916
123.558 123.958 10.3398
123.575 123.975 10.3989
123.592 123.991 10.3245
123.608 124.008 10.3649
123.625 124.025 10.2693
123.642 124.041 10.2874
123.659 124.058 10.1559
123.675 124.075 10.1679
123.692 124.091 10.1479
123.709 124.108 10.2311
123.725 124.125 10.2522
123.742 124.141 10.3309
123.759 124.158 10.2759
123.775 124.175 10.3232
123.792 124.192 10.208
123.809 124.208 10.1544
123.825 124.225 10.2351
123.842 124.242 10.2056
123.859 124.258 10.1781
123.875 124.275 10.2667
123.892 124.292 10.2086
123.909 124.308 10.2694
123.925 124.325 10.2669
123.942 124.342 10.2427
123.959 124.358 10.3199
123.975 124.375 10.2362
123.992 124.392 10.1691
124.009 124.408 10.2601
124.026 124.425 10.2128
124.042 124.442 10.2528
124.059 124.458 10.2227
124.076 124.475 10.2877
124.092 124.492 10.2805
124.109 124.508 10.342
124.126 124.525 10.2381
124.142 124.542 10.2679
124.159 124.559 10.1691
124.176 124.575 10.2721
124.192 124.592 10.2466
124.209 124.609 10.3511
124.226 124.625 10.3847
124.242 124.642 10.4488
124.259 124.659 10.4024
124.276 124.675 10.4503
124.292 124.692 10.3813
124.309 124.709 10.399
124.326 124.725 10.3687
124.342 124.742 10.4079
124.359 124.759 10.3712
124.376 124.775 10.4942
124.393 124.792 10.4588
124.409 124.809 10.416
124.426 124.825 10.4304
124.443 124.842 10.4418
124.459 124.859 10.3657
124.476 124.875 10.3496
124.493 124.892 10.2016
124.509 124.909 10.2222
124.526 124.925 10.1587
124.543 124.942 10.1996
124.559 124.959 10.178
124.576 124.976 10.2488
124.593 124.992 10.2933
124.609 125.009 10.3312
124.626 125.026 10.2564
124.643 125.042 10.2122
124.659 125.059 10.1787
124.676 125.076 10.2225
124.693 125.092 10.2753
124.709 125.109 10.3226
124.726 125.126 10.32
124.743 125.142 10.4442
124.760 125.159 10.3599
124.776 125.176 10.489
124.793 125.192 10.3609
124.810 125.209 10.3455
124.826 125.226 10.2686
124.843 125.242 10.3239
124.860 125.259 10.269
124.876 125.276 10.2998
124.893 125.293 10.2655
124.910 125.309 10.3913
124.926 125.326 10.2875
124.943 125.343 10.1652
124.960 125.359 10.2567
124.976 125.376 10.1199
124.993 125.393 10.0287
125.010 125.409 10.0748
125.026 125.426 10.0335
125.043 125.443 10.1008
125.060 125.459 10.1731
125.076 125.476 10.21
125.093 125.493 10.1475
125.110 125.509 10.151
125.127 125.526 10.0694
125.143 125.543 10.0453
125.160 125.559 9.96361
125.177 125.576 9.99258
125.193 125.593 9.92327
125.210 125.609 10.035
125.227 125.626 9.96444
125.243 125.643 9.98409
125.260 125.659 10.0026
125.277 125.676 10.0783
125.293 125.693 10.0321
125.310 125.710 10.0177
125.327 125.726 9.9462
125.343 125.743 9.92933
125.360 125.760 9.86451
125.377 125.776 9.9442
125.393 125.793 9.95228
125.410 125.810 10.1931
125.427 125.826 10.031
125.444 125.843 10.0343
125.460 125.860 10.0045
125.477 125.876 10.0077
125.494 125.893 9.94731
125.510 125.910 9.927
125.527 125.926 9.86759
125.544 125.943 9.94586
125.560 125.960 9.90471
125.577 125.976 10.0333
125.594 125.993 9.99839
125.610 126.010 10.1308
125.627 126.027 10.0308
125.644 126.043 10.0421
125.660 126.060 9.98068
125.677 126.076 9.9496
125.694 126.093 9.95933
125.710 126.110 10.1061
125.727 126.127 10.0288
125.744 126.143 10.159
125.777 126.177 10.3244
125.794 126.193 10.2496
125.811 126.210 10.2579
125.827 126.227 10.128
125.844 126.243 10.1269
125.861 126.277 10.0223
125.894 126.293 9.99632
125.911 126.327 10.1005
125.944 126.344 10.1954
125.961 126.377 10.1963
125.994 126.394 10.1459
126.011 126.427 10.181
126.044 126.443 10.12
126.077 126.477 10.0466
126.094 126.494 9.90828
126.111 126.527 9.98513
126.127 126.544 9.95488
126.144 126.560 10.0785
126.161 126.577 9.99957
126.194 126.610 9.98431
126.211 126.627 10.0088
126.228 126.644 9.84069
126.244 126.660 9.85778
126.278 126.694 9.81371
126.294 126.710 9.76503
126.311 126.727 9.84691
126.328 126.744 9.76182
126.344 126.760 9.92675
126.378 126.794 9.95741
126.394 126.811 10.0108
126.428 126.844 9.92427
126.461 126.877 9.87781
126.478 126.894 9.90095
126.494 126.911 9.80363
126.511 126.927 9.85664
126.528 126.944 9.83986
126.545 126.961 9.96179
126.561 126.977 9.92531
126.578 126.994 10.056
126.611 127.027 10.058
126.628 127.044 9.99815
126.661 127.077 9.91716
126.678 127.094 9.94232
126.695 127.111 9.87975
126.711 127.127 9.96638
126.728 127.144 9.92986
126.745 127.161 10.0158
126.761 127.177 10.1295
126.795 127.211 10.0163
126.811 127.228 10.0702
126.845 127.261 9.97201
126.861 127.278 9.84673
126.878 127.294 9.87195
126.895 127.311 9.82987
126.912 127.328 9.96002
126.928 127.344 9.9058
126.962 127.378 10.0379
126.978 127.394 10.1305
127.012 127.428 10.0738
127.028 127.444 10.0122
127.045 127.461 9.99458
127.062 127.478 9.95295
127.078 127.495 9.99737
127.095 127.511 9.96679
127.112 127.528 10.0391
127.128 127.545 9.97658
127.145 127.561 10.1759
127.162 127.578 10.0758
127.178 127.595 10.0849
127.195 127.611 10.076
127.212 127.628 10.0975
127.228 127.645 9.99906
127.245 127.661 10.1141
127.262 127.678 10.0493
127.279 127.695 10.201
127.295 127.711 10.1317
127.312 127.728 10.2074
127.329 127.745 10.1243
127.345 127.761 10.1217
127.362 127.778 10.0444
127.379 127.795 10.052
127.395 127.811 10.0515
127.412 127.828 10.1041
127.429 127.845 10.1634
127.445 127.861 10.2222
127.462 127.878 10.1611
127.479 127.895 10.1806
127.495 127.912 10.1315
127.512 127.928 10.1283
127.529 127.945 10.0568
127.545 127.962 10.1236
127.562 127.978 10.0862
127.579 127.995 10.1412
127.596 128.012 10.0992
127.612 128.028 10.1221
127.629 128.045 10.0786
127.646 128.062 10.1197
127.662 128.078 10.0225
127.679 128.095 10.0477
127.696 128.112 10.0448
127.712 128.128 10.1999
127.729 128.145 10.1314
127.746 128.162 10.2388
127.762 128.179 10.1605
127.779 128.195 10.2398
127.796 128.212 10.1234
127.812 128.228 10.1459
127.829 128.245 10.0749
127.846 128.262 10.1284
127.862 128.279 10.1263
127.879 128.295 10.2124
127.896 128.312 10.1581
127.912 128.329 10.2285
127.929 128.345 10.1499
127.946 128.362 10.1308
127.962 128.379 10.0815
127.979 128.395 10.0976
127.996 128.412 10.0718
128.013 128.429 10.1433
128.029 128.445 10.141
128.046 128.462 10.1242
128.063 128.479 10.0468
128.079 128.495 10.0461
128.096 128.512 9.97214
128.113 128.529 10.0198
128.129 128.545 10.0286
128.146 128.562 10.0982
128.163 128.579 10.1345
128.179 128.595 10.2028
128.196 128.612 10.1152
128.213 128.629 10.1463
128.229 128.646 10.0919
128.246 128.662 10.1477
128.263 128.679 10.0601
128.296 128.712 10.0777
128.313 128.729 10.1392
128.330 128.746 10.0473
128.346 128.762 10.0273
128.380 128.796 9.96759
128.396 128.812 9.91073
128.413 128.829 9.98458
128.446 128.862 9.96936
128.463 128.896 9.87543
128.496 128.912 9.81657
128.513 128.946 9.81414
128.546 128.963 9.92312
128.563 128.996 9.9516
128.596 129.013 9.80278
128.613 129.046 9.88062
128.646 129.063 9.85128
128.663 129.115 9.86101
128.697 129.117 9.93506
128.713 129.146 9.96241
128.747 129.163 9.91699
128.763 129.196 9.86305
128.780 129.213 9.94772
128.797 129.229 9.93749
128.813 129.246 10.0035
128.830 129.263 9.96514
128.847 129.279 10.0007
128.863 129.296 9.96167
128.880 129.313 10.017
128.897 129.330 9.98862
128.913 129.346 10.0227
128.930 129.363 9.96677
128.947 129.380 10.0819
128.963 129.396 10.0668
128.980 129.413 10.1321
128.997 129.430 10.056
129.013 129.446 10.0972
129.030 129.463 10.0314
129.047 129.480 10.0786
129.064 129.496 10.0136
129.080 129.513 10.0562
129.097 129.530 10.0692
129.114 129.546 10.1313
129.130 129.563 10.145
129.147 129.580 10.1794
129.164 129.597 10.0833
129.180 129.613 10.0885
129.197 129.630 10.1696
129.214 129.647 10.2402
129.230 129.663 10.1615
129.247 129.680 10.2423
129.264 129.696 10.2449
129.280 129.713 10.3028
129.297 129.730 10.3063
129.314 129.747 10.3596
129.330 129.763 10.2539
129.347 129.780 10.2834
129.364 129.797 10.2381
129.380 129.813 10.3717
129.397 129.830 10.3049
129.414 129.847 10.3853
129.430 129.863 10.3297
129.447 129.880 10.35
129.464 129.897 10.3211
129.481 129.913 10.3158
129.497 129.930 10.3129
129.514 129.947 10.3696
129.531 129.963 10.3493
129.547 129.980 10.3966
129.564 129.997 10.378
129.581 130.014 10.452
129.597 130.030 10.3857
129.614 130.047 10.4042
129.631 130.064 10.3607
129.647 130.080 10.388
129.664 130.097 10.3434
129.681 130.114 10.4245
129.697 130.130 10.495
129.714 130.147 10.5969
129.731 130.164 10.5334
129.747 130.180 10.6097
129.764 130.197 10.582
129.781 130.214 10.6216
129.798 130.230 10.5404
129.814 130.247 10.5999
129.831 130.264 10.5299
129.848 130.280 10.592
129.864 130.297 10.5031
129.881 130.314 10.5247
129.898 130.331 10.5337
129.914 130.347 10.5882
129.931 130.364 10.5595
129.964 130.397 10.5582
129.981 130.414 10.596
130.014 130.447 10.6464
130.031 130.464 10.5706
130.064 130.497 10.6269
130.081 130.514 10.7674
130.114 130.547 10.7654
130.131 130.564 10.7894
130.165 130.597 10.7182
130.181 130.614 10.7833
130.215 130.647 10.8615
130.231 130.664 10.783
130.265 130.697 10.7404
130.281 130.714 10.8196
130.315 130.748 10.7519
130.331 130.764 10.6899
130.348 130.781 10.7399
130.365 130.798 10.6365
130.381 130.814 10.6726
130.415 130.848 10.7303
130.431 130.864 10.6514
130.465 130.898 10.7462
130.481 130.914 10.7336
130.515 130.948 10.7316
130.532 130.964 10.6101
130.565 130.998 10.5884
130.582 131.014 10.656
130.615 131.048 10.6741
130.632 131.064 10.6177
130.665 131.098 10.5874
130.682 131.114 10.5839
130.715 131.148 10.6481
130.732 131.165 10.5636
130.765 131.198 10.5949
130.782 131.215 10.6802
130.815 131.248 10.6593
130.832 131.265 10.5626
130.865 131.298 10.5557
130.882 131.315 10.559
130.915 131.365 10.6461
130.932 131.381 10.6762
130.965 131.415 10.6746
130.982 131.431 10.8442
131.015 131.465 10.7962
131.032 131.482 10.7215
131.065 131.515 10.6529
131.082 131.532 10.7783
131.115 131.565 10.7055
131.132 131.582 10.7026
131.165 131.598 10.7128
131.182 131.632 10.743
131.216 131.665 10.8804
131.232 131.682 10.7928
131.266 131.715 10.8038
131.282 131.732 10.888
131.316 131.765 10.8077
131.332 131.782 10.7351
131.366 131.815 10.7194
131.382 131.849 10.7632
131.399 131.865 10.8083
131.416 131.882 10.9107
131.432 131.899 10.8988
131.449 131.915 10.9748
131.466 131.932 10.9186
131.482 131.949 10.9477
131.499 131.965 10.8164
131.516 131.982 10.8225
131.532 131.999 10.8127
131.549 132.015 10.8522
131.566 132.032 10.7307
131.583 132.049 10.7968
131.599 132.065 10.7299
131.616 132.082 10.7675
131.633 132.099 10.6691
131.649 132.115 10.6662
131.666 132.132 10.5801
131.683 132.149 10.665
131.699 132.165 10.65
131.716 132.182 10.6973
131.733 132.199 10.652
131.749 132.215 10.7084
131.766 132.232 10.6409
131.783 132.249 10.6521
131.799 132.266 10.5164
131.816 132.282 10.5207
131.833 132.299 10.4411
131.849 132.316 10.5134
131.866 132.332 10.5005
131.883 132.349 10.611
131.899 132.366 10.5347
131.916 132.382 10.6454
131.933 132.399 10.6143
131.949 132.416 10.6556
131.966 132.432 10.5755
131.983 132.449 10.5933
132.000 132.466 10.5608
132.016 132.482 10.6553
132.033 132.499 10.5785
132.050 132.516 10.6301
132.066 132.533 10.6117
132.083 132.549 10.6602
132.100 132.566 10.6498
132.116 132.582 10.711
132.133 132.599 10.6268
132.150 132.616 10.6437
132.166 132.633 10.5624
132.183 132.649 10.6058
132.200 132.666 10.6486
132.216 132.683 10.7513
132.233 132.699 10.7141
132.250 132.716 10.7077
132.266 132.733 10.6033
132.283 132.749 10.6579
132.300 132.766 10.5255
132.317 132.783 10.5298
132.333 132.799 10.4412
132.350 132.816 10.5043
132.367 132.833 10.4547
132.383 132.849 10.4823
132.400 132.866 10.3988
132.417 132.883 10.3905
132.433 132.899 10.3133
132.450 132.916 10.3145
132.467 132.933 10.2894
132.483 132.950 10.414
132.500 132.966 10.4031
132.517 132.983 10.4387
132.533 133.000 10.3771
132.550 133.016 10.4111
132.567 133.033 10.3537
132.583 133.050 10.3663
132.600 133.066 10.2598
132.617 133.083 10.2728
132.633 133.100 10.2119
132.650 133.116 10.2188
132.667 133.133 10.194
132.684 133.150 10.3163
132.700 133.166 10.3806
132.717 133.183 10.5528
132.734 133.200 10.4493
132.750 133.216 10.4935
132.767 133.233 10.4299
132.784 133.250 10.454
132.800 133.266 10.3775
132.817 133.283 10.4422
132.834 133.300 10.403
132.850 133.317 10.4331
132.867 133.333 10.333
132.884 133.350 10.3119
132.900 133.367 10.3098
132.917 133.383 10.4028
132.934 133.400 10.331
132.950 133.417 10.4011
132.967 133.433 10.4589
132.984 133.450 10.5161
133.000 133.467 10.422
133.017 133.483 10.4064
133.034 133.500 10.3492
133.051 133.517 10.4016
133.067 133.533 10.3602
133.084 133.550 10.4503
133.101 133.567 10.5391
133.117 133.583 10.6657
133.134 133.600 10.5622
133.151 133.617 10.6017
133.167 133.634 10.5045
133.184 133.650 10.4963
133.201 133.667 10.4908
133.217 133.684 10.5674
133.234 133.700 10.4483
133.251 133.717 10.6069
133.284 133.750 10.5968
133.301 133.767 10.4943
133.317 133.784 10.4852
133.334 133.800 10.4178
133.351 133.817 10.4325
133.367 133.850 10.4007
133.401 133.867 10.3916
133.434 133.900 10.4103
133.451 133.917 10.4241
133.468 133.934 10.3054
133.484 133.950 10.3137
133.501 133.967 10.2601
133.518 133.984 10.3385
133.534 134.000 10.2584
133.551 134.017 10.3657
133.568 134.034 10.4449
133.584 134.050 10.456
133.601 134.084 10.4126
133.634 134.101 10.3572
133.651 134.134 10.4073
133.684 134.151 10.4288
133.701 134.184 10.351
133.734 134.201 10.4519
133.751 134.234 10.61
133.785 134.251 10.5101
133.801 134.284 10.433
133.818 134.301 10.4558
133.835 134.317 10.3794
133.851 134.334 10.3957
133.885 134.351 10.3731
133.901 134.384 10.3601
133.918 134.401 10.5396
133.935 134.418 10.4033
133.951 134.434 10.4336
133.968 134.451 10.2768
133.985 134.468 10.3062
134.001 134.484 10.2227
134.018 134.501 10.2623
134.035 134.518 10.2652
134.051 134.534 10.3541
134.068 134.551 10.2684
134.085 134.568 10.3968
134.101 134.584 10.4567
134.118 134.601 10.4575
134.135 134.618 10.337
134.152 134.634 10.3394
134.168 134.651 10.3296
134.185 134.668 10.3384
134.202 134.684 10.4414
134.218 134.701 10.5403
134.235 134.718 10.4857
134.252 134.735 10.5872
134.268 134.751 10.5919
134.285 134.768 10.6709
134.302 134.785 10.5769
134.318 134.801 10.611
134.335 134.818 10.5659
134.352 134.835 10.6298
134.368 134.851 10.549
134.385 134.868 10.5902
134.402 134.885 10.5579
134.418 134.901 10.6592
134.435 134.918 10.6748
134.452 134.935 10.7244
134.468 134.951 10.7123
134.485 134.968 10.8322
134.502 134.985 9.92694
134.519 135.001 9.96497
134.535 135.018 9.93222
134.552 135.035 9.98481
134.569 135.051 9.97483
134.585 135.068 10.0892
134.602 135.085 10.1911
134.635 135.118 10.3329
134.669 135.152 10.4202
134.702 135.185 10.6179
134.719 135.202 10.7121
134.752 135.235 10.6797
134.769 135.252 10.5854
134.785 135.268 10.6613
134.802 135.285 10.6655
134.819 135.302 10.7215
134.835 135.318 10.7684
134.852 135.335 10.8634
134.886 135.368 10.8825
134.902 135.385 10.815
134.936 135.418 10.7301
134.952 135.452 10.7749
134.986 135.468 10.7772
135.002 135.502 10.8012
135.036 135.519 10.8613
135.052 135.552 10.9351
135.086 135.569 10.8455
135.102 135.602 10.769
135.119 135.619 10.7982
135.136 135.635 10.7478
135.152 135.652 10.8323
135.169 135.669 10.7504
135.186 135.685 10.7291
135.202 135.702 10.7235
135.219 135.719 10.7707
135.236 135.735 10.6705
135.253 135.752 10.6703
135.269 135.769 10.6418
135.286 135.786 10.7153
135.303 135.802 10.633
135.319 135.819 10.64
135.336 135.836 10.5347
135.353 135.852 10.5535
135.369 135.869 10.4762
135.386 135.886 10.4785
135.403 135.902 10.4246
135.419 135.919 10.5102
135.436 135.936 10.4148
135.453 135.952 10.5725
135.469 135.969 10.5239
135.486 135.986 10.5662
135.503 136.002 10.4664
135.519 136.019 10.4435
135.536 136.036 10.3244
135.553 136.052 10.3023
135.570 136.069 10.2321
135.586 136.086 10.3218
135.603 136.103 10.3084
135.620 136.119 10.3653
135.636 136.136 10.3872
135.653 136.152 10.3715
135.670 136.169 10.3104
135.686 136.186 10.3178
135.703 136.203 10.2336
135.720 136.219 10.2557
135.736 136.236 10.2493
135.753 136.253 10.2878
135.770 136.269 10.3557
135.786 136.286 10.4993
135.820 136.319 10.374
135.836 136.336 10.2773
135.870 136.369 10.1958
135.886 136.386 10.2359
135.920 136.419 10.1506
135.936 136.436 10.1292
135.953 136.453 10.2122
135.970 136.470 10.2369
136.003 136.503 10.2414
136.020 136.520 10.4389
136.053 136.553 10.2645
136.087 136.586 10.2155
136.120 136.620 10.2057
136.137 136.636 10.1155
136.170 136.670 10.1176
136.187 136.686 10.2773
136.203 136.703 10.2505
136.237 136.736 10.2967
136.253 136.753 10.5431
136.287 136.786 10.3693
136.320 136.820 10.3206
136.354 136.853 10.2118
136.387 136.887 10.1722
136.404 136.903 10.1377
136.437 136.937 10.0865
136.454 136.953 10.1698
136.487 136.987 10.2099
136.504 137.003 10.2406
136.537 137.037 10.3076
136.570 137.070 10.2721
136.604 137.103 10.1403
136.637 137.137 10.0142
136.654 137.153 10.0597
136.671 137.170 9.99029
136.704 137.203 9.85207
136.721 137.220 9.98468
136.737 137.237 9.99729
136.771 137.270 10.159
136.787 137.287 10.2754
136.821 137.320 10.1493
136.854 137.354 10.1648
136.871 137.370 10.0863
136.904 137.404 9.97869
136.921 137.420 10.0399
136.954 137.470 9.96878
136.987 137.487 9.93887
137.038 137.537 10.1595
137.071 137.571 10.1234
137.104 137.620 10.0984
137.138 137.637 10.0589
137.171 137.671 9.99925
137.204 137.721 9.9022
137.221 137.737 9.97149
137.254 137.771 9.96705
137.271 137.787 9.91787
137.304 137.821 10.0203
137.321 137.837 10.1724
137.354 137.871 10.107
137.388 137.904 10.1093
137.405 137.921 10.0932
137.438 137.954 10.0032
137.455 137.971 10.0439
137.471 137.988 9.97154
137.488 138.004 10.0161
137.538 138.038 10.1909
137.571 138.088 10.2577
137.605 138.121 10.2008
137.638 138.154 10.1025
137.655 138.171 10.1166
137.688 138.204 10.0377
137.705 138.221 9.98831
137.721 138.238 10.0486
137.738 138.254 10.0608
137.755 138.271 10.2616
137.788 138.304 10.2459
137.822 138.338 10.214
137.838 138.355 10.2247
137.872 138.388 10.1174
137.905 138.421 10.0364
137.922 138.438 10.0861
137.938 138.455 10.0659
137.955 138.471 10.1175
137.988 138.505 10.2528
138.005 138.521 10.2486
138.038 138.555 10.1989
138.072 138.588 10.3042
138.105 138.621 10.2146
138.122 138.638 10.2488
138.139 138.655 10.1968
138.155 138.672 10.2703
138.172 138.688 10.3149
138.189 138.705 10.4338
138.222 138.738 10.4063
138.239 138.755 10.474
138.272 138.788 10.3884
138.289 138.805 10.3967
138.305 138.822 10.3183
138.322 138.838 10.3049
138.339 138.855 10.3022
138.355 138.872 10.3166
138.389 138.905 10.3622
138.405 138.922 10.4359
138.422 138.938 10.5691
138.455 138.972 10.5046
138.472 138.988 10.439
138.489 139.005 10.4344
138.506 139.022 10.3204
138.522 139.038 10.3866
138.539 139.055 10.2855
138.556 139.072 10.4065
138.572 139.089 10.3802
138.589 139.105 10.5317
138.622 139.139 10.4788
138.639 139.155 10.4412
138.656 139.172 10.4677
138.672 139.189 10.4225
138.689 139.205 10.4739
138.706 139.222 10.4133
138.722 139.239 10.5558
138.739 139.255 10.5828
138.772 139.289 10.6084
138.789 139.305 10.7243
138.806 139.322 10.5943
138.823 139.339 10.5728
138.839 139.355 10.439
138.856 139.372 10.5767
138.873 139.389 10.5899
138.889 139.406 10.7109
138.906 139.422 10.6291
138.923 139.439 10.6918
138.939 139.456 10.6077
138.956 139.472 10.6411
138.973 139.489 10.581
138.989 139.506 10.6102
139.006 139.522 10.5748
139.023 139.539 10.6792
139.039 139.556 10.6501
139.056 139.572 10.7338
139.073 139.589 10.6138
139.089 139.606 10.6336
139.106 139.622 10.5527
139.123 139.639 10.623
139.139 139.656 10.5559
139.156 139.672 10.6862
139.173 139.689 10.6443
139.190 139.706 10.6357
139.206 139.722 10.5521
139.223 139.739 10.5991
139.240 139.756 10.5516
139.256 139.773 10.6124
139.273 139.789 10.4931
139.290 139.806 10.5658
139.306 139.823 10.5682
139.323 139.839 10.6466
139.340 139.856 10.5598
139.356 139.873 10.6475
139.373 139.889 10.5742
139.390 139.906 10.5688
139.406 139.923 10.5339
139.423 139.939 10.5957
139.440 139.956 10.5148
139.456 139.973 10.648
139.473 139.989 10.5195
139.490 140.006 10.5142
139.506 140.023 10.4327
139.523 140.039 10.4612
139.540 140.056 10.4437
139.556 140.073 10.5244
139.573 140.089 10.5138
139.590 140.106 10.5323
139.607 140.123 10.5711
139.623 140.139 10.6828
139.640 140.156 10.5264
139.657 140.173 10.5611
139.673 140.190 10.5241
139.690 140.206 10.563
139.707 140.223 10.4455
139.723 140.240 10.5504
139.740 140.256 10.5108
139.757 140.273 10.5811
139.773 140.290 10.5077
139.790 140.306 10.5569
139.807 140.323 10.4771
139.823 140.340 10.5314
139.840 140.356 10.4736
139.857 140.373 10.5342
139.873 140.390 10.5281
139.890 140.406 10.5809
139.907 140.423 10.5679
139.924 140.440 10.6691
139.940 140.456 10.5483
139.957 140.473 10.5407
139.974 140.490 10.48
139.990 140.506 10.5164
140.007 140.523 10.509
140.024 140.540 10.6509
140.040 140.557 10.615
140.057 140.573 10.6887
140.074 140.590 10.6654
140.090 140.607 10.6826
140.107 140.623 10.6228
140.124 140.640 10.6793
140.140 140.657 10.5761
140.157 140.673 10.5857
140.174 140.690 10.479
140.190 140.707 10.4983
140.207 140.723 10.4234
140.224 140.740 10.555
140.240 140.757 10.5541
140.257 140.773 10.6505
140.274 140.790 10.6377
140.291 140.807 10.7301
140.307 140.823 10.6675
140.324 140.840 10.6831
140.341 140.857 10.6418
140.357 140.874 10.6736
140.391 140.907 10.7141
140.407 140.940 10.575
140.441 140.957 10.5449
140.457 140.990 10.5637
140.474 141.007 10.4932
140.491 141.024 10.5933
140.507 141.040 10.5698
140.524 141.057 10.6756
140.541 141.074 10.6276
140.557 141.090 10.6447
140.574 141.107 10.6108
140.591 141.124 10.6944
140.608 141.140 10.6367
140.624 141.157 10.691
140.641 141.174 10.6582
140.658 141.190 10.7202
140.674 141.207 10.7151
140.691 141.224 10.6902
140.708 141.241 10.5882
140.724 141.257 10.6734
140.741 141.274 10.6261
140.758 141.291 10.6615
140.774 141.307 10.6148
140.791 141.324 10.6575
140.808 141.341 10.6817
140.824 141.357 10.7725
140.841 141.374 10.6791
140.858 141.391 10.7406
140.874 141.407 10.662
140.891 141.424 10.7131
140.908 141.441 10.6859
140.924 141.457 10.8138
140.941 141.474 10.7963
140.958 141.491 10.8861
140.974 141.507 10.8012
140.991 141.524 10.8376
141.008 141.541 10.7393
141.025 141.557 10.7821
141.041 141.574 10.7487
141.058 141.591 10.8592
141.075 141.607 10.8042
141.091 141.624 10.9677
141.108 141.641 10.9478
141.125 141.658 11.0238
141.141 141.674 10.9326
141.158 141.691 11.0263
141.175 141.708 10.9922
141.191 141.724 11.0457
141.208 141.741 11.0856
141.225 141.758 11.1192
141.241 141.774 11.0602
141.258 141.791 11.1728
141.275 141.808 11.0307
141.291 141.824 11.1199
141.308 141.841 11.0495
141.325 141.858 11.0942
141.341 141.874 11.0258
141.358 141.891 11.124
141.375 141.908 11.0012
141.392 141.924 11.1292
141.408 141.941 11.0594
141.425 141.958 11.1296
141.442 141.974 11.0077
141.458 141.991 11.0869
141.475 142.008 11.0111
141.492 142.025 11.0793
141.508 142.041 11.0566
141.525 142.058 11.0833
141.542 142.075 11.0307
141.558 142.091 11.1312
141.575 142.108 11.0966
141.592 142.125 11.1975
141.608 142.141 11.0682
141.625 142.158 11.1109
141.642 142.175 11.0899
141.658 142.191 11.1551
141.675 142.208 11.1295
141.692 142.225 11.2297
141.708 142.241 11.1879
141.725 142.258 11.2947
141.742 142.275 11.3007
141.759 142.291 11.3312
141.775 142.308 11.2425
141.792 142.325 11.3224
141.809 142.342 11.1861
141.825 142.358 11.2591
141.842 142.375 11.2411
141.859 142.392 11.2743
141.875 142.408 11.2694
141.892 142.425 11.357
141.909 142.442 11.2065
141.925 142.458 11.2418
141.942 142.475 11.103
141.959 142.492 11.1944
141.975 142.508 11.1183
141.992 142.525 11.1775
142.009 142.542 11.1528
142.025 142.558 11.2481
142.042 142.575 11.1735
142.059 142.592 11.2773
142.075 142.608 11.1216
142.092 142.625 11.1214
142.109 142.642 11.1083
142.126 142.659 11.1647
142.142 142.675 11.0487
142.159 142.692 11.1093
142.176 142.709 11.0506
142.192 142.725 11.1417
142.209 142.742 11.1708
142.226 142.759 11.2644
142.242 142.775 11.2258
142.259 142.792 11.332
142.276 142.809 11.242
142.292 142.825 11.2777
142.309 142.842 11.2579
142.326 142.859 11.3047
142.342 142.875 11.1916
142.359 142.892 11.2227
142.376 142.909 11.1914
142.392 142.925 11.2766
142.409 142.942 11.1964
142.426 142.959 11.2801
142.442 142.975 11.256
142.459 142.992 11.3419
142.476 143.009 11.1998
142.493 143.026 11.2611
142.509 143.042 11.1928
142.526 143.059 11.1928
142.543 143.076 11.1962
142.559 143.092 11.2805
142.576 143.109 11.2131
142.593 143.126 11.3392
142.609 143.142 11.2849
142.626 143.159 11.3163
142.643 143.176 11.2658
142.659 143.192 11.3515
142.676 143.209 11.2557
142.693 143.226 11.3312
142.709 143.242 11.2677
142.726 143.259 11.3405
142.743 143.276 11.3121
142.759 143.292 11.3392
142.776 143.309 11.2054
142.793 143.326 11.2575
142.810 143.342 11.1939
142.826 143.359 11.2487
142.843 143.376 11.1901
142.860 143.392 11.249
142.876 143.409 11.1815
142.893 143.426 11.2873
142.910 143.442 11.2633
142.926 143.459 11.3721
142.943 143.476 11.3071
142.960 143.493 11.3649
142.993 143.526 11.3496
143.010 143.543 11.2208
143.026 143.559 11.2635
143.043 143.576 11.2393
143.060 143.593 11.3227
143.076 143.609 11.2145
143.093 143.626 11.2111
143.110 143.643 11.1708
143.126 143.659 11.209
143.143 143.676 11.1387
143.160 143.709 11.1698
143.193 143.726 11.1925
143.210 143.760 11.125
143.227 143.776 11.2234
143.243 143.793 11.2084
143.260 143.810 11.2551
143.277 143.826 11.1571
143.293 143.843 11.2669
143.310 143.860 11.1978
143.327 143.876 11.2556
143.343 143.893 11.1931
143.360 143.910 11.216
143.393 143.926 11.2158
143.410 143.960 11.1347
143.443 143.976 11.2167
143.460 144.010 11.3111
143.493 144.026 11.284
143.510 144.060 11.2266
143.544 144.076 11.1718
143.560 144.110 11.2328
143.594 144.127 11.3089
143.610 144.160 11.1924
143.627 144.177 11.2729
143.644 144.193 11.1654
143.660 144.210 11.2019
143.694 144.227 11.3022
143.710 144.260 11.2189
143.744 144.277 11.261
143.760 144.310 11.3563
143.777 144.327 11.2472
143.794 144.343 11.313
143.810 144.360 11.2246
143.827 144.377 11.2575
143.844 144.393 11.2366
143.860 144.410 11.3008
143.877 144.427 11.183
143.894 144.443 11.3311
143.911 144.460 11.2477
143.927 144.477 11.2563
143.944 144.493 11.2032
143.961 144.510 11.2948
143.977 144.527 11.2324
143.994 144.544 11.3716
144.011 144.560 11.3779
144.027 144.577 11.4191
144.044 144.594 11.3781
144.061 144.610 11.4162
144.077 144.627 11.3342
144.094 144.644 11.4272
144.111 144.660 11.345
144.127 144.677 11.4018
144.144 144.694 11.3433
144.161 144.710 11.404
144.177 144.727 11.3666
144.194 144.744 11.3929
144.211 144.760 11.3139
144.227 144.777 11.4116
144.244 144.794 11.4149
144.261 144.810 11.52
144.278 144.827 11.49
144.294 144.844 11.5203
144.311 144.861 11.4628
144.328 144.877 11.5284
144.344 144.894 11.4457
144.361 144.911 11.5406
144.378 144.927 11.4921
144.394 144.944 11.5331
144.411 144.961 11.4777
144.428 144.977 11.5496
144.444 144.994 11.4791
144.461 145.011 11.5375
144.478 145.027 11.4749
144.494 145.044 11.5267
144.511 145.061 11.4691
144.528 145.077 11.5455
144.544 145.094 11.4421
144.561 145.111 11.5082
144.578 145.127 11.4367
144.594 145.144 11.4461
144.611 145.161 11.4858
144.628 145.177 11.5388
144.645 145.194 11.5688
144.661 145.211 11.6715
144.678 145.228 11.6071
144.695 145.244 11.6213
144.711 145.261 11.6603
144.728 145.278 11.7808
144.745 145.294 11.7084
144.761 145.311 11.7799
144.778 145.328 11.7541
144.795 145.344 11.8216
144.811 145.361 11.7619
144.828 145.378 11.8678
144.845 145.394 11.8022
144.861 145.411 11.8668
144.878 145.428 11.7811
144.895 145.444 11.8285
144.911 145.461 11.8044
144.928 145.478 11.8452
144.945 145.494 11.7516
144.961 145.511 11.8572
144.978 145.528 11.7884
144.995 145.545 11.829
145.012 145.561 11.6795
145.028 145.578 11.6973
145.045 145.594 11.6236
145.062 145.611 11.7244
145.078 145.628 11.675
145.095 145.645 11.7305
145.112 145.661 11.7267
145.128 145.678 11.8047
145.145 145.695 11.6727
145.162 145.711 11.6977
145.178 145.728 11.6516
145.195 145.745 11.6964
145.212 145.761 11.6589
145.228 145.778 11.7785
145.245 145.795 11.7087
145.262 145.811 11.7699
145.278 145.828 11.7015
145.295 145.845 11.7609
145.312 145.861 11.7043
145.328 145.878 11.7401
145.345 145.895 11.6973
145.362 145.912 11.7761
145.379 145.928 11.7302
145.395 145.945 11.8138
145.412 145.961 11.8132
145.429 145.978 11.8766
145.445 145.995 11.8013
145.462 146.012 11.876
145.479 146.028 11.8169
145.495 146.045 11.8849
145.512 146.062 11.7709
145.529 146.078 11.8213
145.545 146.095 11.7392
145.562 146.112 11.809
145.579 146.128 11.7369
145.595 146.145 11.7936
145.612 146.162 11.7964
145.629 146.178 11.8937
145.645 146.195 11.7889
145.662 146.212 11.8756
145.679 146.228 11.7248
145.696 146.245 11.7509
145.712 146.262 11.6587
145.729 146.279 11.721
145.746 146.295 11.6197
145.762 146.312 11.7046
145.779 146.329 11.6191
145.796 146.345 11.7565
145.812 146.362 11.5925
145.829 146.379 11.6344
145.846 146.395 11.5385
145.862 146.412 11.5986
145.879 146.429 11.589
145.896 146.445 11.6325
145.912 146.462 11.6154
145.929 146.479 11.6291
145.946 146.495 11.5531
145.962 146.512 11.6214
145.979 146.529 11.543
145.996 146.545 11.5307
146.012 146.562 11.532
146.029 146.579 11.5865
146.046 146.595 11.549
146.063 146.612 11.5736
146.079 146.629 11.5009
146.096 146.645 11.5619
146.113 146.662 11.4241
146.129 146.679 11.5042
146.146 146.696 11.4409
146.163 146.712 11.5053
146.179 146.729 11.4822
146.196 146.746 11.5068
146.213 146.762 11.4891
146.229 146.779 11.5586
146.246 146.796 11.5243
146.263 146.812 11.585
146.279 146.829 11.4942
146.296 146.846 11.5456
146.313 146.862 11.4838
146.329 146.879 11.5216
146.346 146.896 11.3824
146.363 146.912 11.5072
146.379 146.929 11.4518
146.396 146.946 11.5252
146.413 146.962 11.4676
146.429 146.979 11.5457
146.446 146.996 11.4757
146.463 147.012 11.5395
146.480 147.029 11.4673
146.496 147.046 11.5334
146.513 147.062 11.4936
146.530 147.079 11.4988
146.546 147.096 11.4668
146.563 147.113 11.4903
146.580 147.129 11.4768
146.596 147.146 11.5537
146.613 147.163 11.458
146.630 147.179 11.4908
146.646 147.196 11.4424
146.663 147.213 11.4976
146.680 147.229 11.4677
146.696 147.246 11.5002
146.713 147.263 11.5147
146.730 147.279 11.5921
146.746 147.296 11.5315
146.763 147.313 11.5871
146.780 147.329 11.5831
146.797 147.346 11.6387
146.813 147.363 11.5425
146.830 147.380 11.5987
146.847 147.396 11.5076
146.863 147.413 11.5859
146.880 147.429 11.5219
146.897 147.446 11.5869
146.913 147.463 11.5392
146.930 147.480 11.5984
146.947 147.496 11.532
146.963 147.530 11.6203
146.997 147.546 11.6143
147.013 147.580 11.5232
147.047 147.596 11.494
147.063 147.630 11.5837
147.080 147.646 11.5284
147.097 147.663 11.578
147.113 147.680 11.583
147.147 147.696 11.5683
147.164 147.730 11.5964
147.180 147.746 11.5174
147.197 147.763 11.599
147.214 147.780 11.5526
147.230 147.797 11.661
147.247 147.813 11.5915
147.264 147.830 11.6713
147.280 147.847 11.6231
147.297 147.863 11.7355
147.314 147.880 11.653
147.330 147.897 11.7416
147.347 147.913 11.6462
147.364 147.930 11.6992
147.380 147.947 11.5918
147.397 147.963 11.6809
147.414 147.980 11.6764
147.430 147.997 11.7993
147.447 148.013 11.7936
147.464 148.030 11.8564
147.480 148.047 11.7259
147.497 148.063 11.7193
147.514 148.080 11.6784
147.531 148.097 11.7452
147.547 148.114 11.6959
147.564 148.130 11.8363
147.581 148.147 11.7541
147.597 148.163 11.8203
147.614 148.180 11.7345
147.631 148.197 11.8025
147.647 148.214 11.7101
147.664 148.230 11.7757
147.681 148.247 11.6632
147.697 148.264 11.7736
147.714 148.280 11.6357
147.731 148.297 11.7442
147.747 148.314 11.6852
147.764 148.330 11.76
147.781 148.347 11.7408
147.797 148.364 11.8628
147.814 148.380 11.7951
147.831 148.397 11.8653
147.848 148.414 11.8163
147.864 148.431 11.8812
147.881 148.447 11.8124
147.898 148.464 11.8461
147.914 148.480 11.8502
147.931 148.497 11.9507
147.948 148.514 11.8587
147.964 148.531 11.8953
147.981 148.547 11.8762
147.998 148.564 11.9453
148.014 148.581 11.9184
148.031 148.597 11.9777
148.048 148.614 11.9403
148.064 148.631 12.0329
148.081 148.647 11.9743
148.098 148.664 12.0302
148.114 148.681 11.9934
148.131 148.697 12.0883
148.148 148.714 11.9585
148.164 148.731 12.034
148.181 148.747 11.9887
148.198 148.764 12.0826
148.214 148.781 12.0323
148.231 148.798 12.1045
148.248 148.814 12.0763
148.265 148.831 12.1586
148.281 148.848 12.0617
148.315 148.881 12.065
148.331 148.898 12.1215
148.365 148.931 12.1239
148.381 148.948 12.0266
148.415 148.981 12.0917
148.431 148.998 12.1467
148.465 149.031 12.1138
148.481 149.048 12.0286
148.515 149.081 12.0086
148.531 149.098 12.1022
148.565 149.131 12.0286
148.581 149.148 12.0845
148.615 149.181 12.0647
148.632 149.198 12.0623
148.648 149.215 12.1488
148.665 149.231 12.0966
148.682 149.248 11.9751
148.715 149.281 12.0182
148.732 149.298 12.1252
148.765 149.331 12.1926
148.782 149.348 12.1208
148.815 149.381 12.1637
148.832 149.398 12.2352
148.865 149.431 12.2483
148.882 149.448 12.1765
148.915 149.481 12.1506
148.932 149.498 12.2467
148.965 149.532 12.1852
148.982 149.548 12.1223
149.015 149.582 12.1167
149.032 149.615 12.2266
149.065 149.632 12.2364
149.082 149.648 12.1707
149.115 149.698 12.1941
149.132 149.715 12.3025
149.182 149.748 12.1923
149.215 149.798 12.1738
149.232 149.815 12.2681
149.265 149.848 12.2921
149.282 149.865 12.2494
149.315 149.898 12.2492
149.332 149.915 12.3043
149.366 149.948 12.2396
149.382 149.965 12.1941
149.416 149.982 12.1427
149.432 150.015 12.2261
149.466 150.032 12.2816
149.482 150.065 12.1947
149.516 150.082 12.1757
149.532 150.115 12.2667
149.566 150.149 12.1769
149.582 150.165 12.1303
149.616 150.199 12.1149
149.632 150.215 12.1971
149.666 150.249 12.2107
149.683 150.282 12.1364
149.716 150.299 12.1902
149.733 150.332 12.2757
149.749 150.349 12.2347
149.766 150.366 12.3125
149.783 150.382 12.2355
149.799 150.399 12.2769
149.816 150.416 12.1702
149.833 150.432 12.2326
149.849 150.449 12.1842
149.866 150.466 12.2614
149.883 150.482 12.1697
149.899 150.499 12.2337
149.916 150.516 12.2055
149.949 151.116 12.2051
149.999 151.150 12.3065
150.033 151.166 12.2597
150.066 151.200 12.3197
150.100 151.216 12.315
150.133 151.250 12.3383
150.183 151.266 12.3234
150.200 151.300 12.3542
150.233 151.316 12.3678
150.283 151.333 12.3118
150.333 151.366 12.3238
150.366 151.383 12.3367
150.383 151.417 12.2603
154.387 154.987 10.2703
154.787 155.320 10.1388
154.837 155.370 10.2786
154.904 155.420 10.2889
154.971 155.470 10.3049
155.087 155.570 10.2247
155.171 155.604 10.1914
155.238 155.654 10.3096
155.288 155.687 10.2036
155.338 155.737 10.2573
155.371 155.754 10.2332
155.421 155.804 10.1436
155.471 155.837 10.2121
155.521 155.871 10.2566
155.588 155.937 10.2258
155.655 155.987 10.2372
155.721 156.037 10.2208
155.788 156.071 10.1413
155.838 156.121 10.1994
155.872 156.138 10.1601
155.905 156.171 10.1745
155.938 156.188 10.1775
155.972 156.221 10.2766
156.022 156.271 10.119
156.072 156.304 10.2894
156.138 156.354 10.248
156.205 156.404 10.2349
156.255 156.438 10.2451
156.289 156.471 10.2114
156.322 156.505 10.228
156.372 156.555 10.2324
156.422 156.605 10.1759
156.472 156.655 10.2528
156.539 156.721 10.3067
156.606 156.788 10.2703
156.672 156.855 10.1505
156.739 156.922 10.0547
156.789 156.972 10.0001
156.822 157.005 9.99038
156.872 157.055 10.047
156.906 157.088 10.0957
156.956 157.139 10.1452
157.006 157.189 10.2299
157.056 157.239 10.2528
157.106 157.289 10.2947
157.156 157.339 10.2595
157.189 157.372 10.173
157.223 157.405 10.0757
157.256 157.439 10.1685
157.290 157.472 10.1714
157.340 157.522 10.1997
157.390 157.572 10.1468
157.456 157.639 10.1315
157.523 157.706 10.1091
157.590 157.773 10.049
157.640 157.822 10.0453
157.673 157.856 9.99691
157.707 157.889 9.93611
157.740 157.923 9.92336
157.773 157.956 10.0498
157.823 158.006 10.099
157.890 158.073 10.2101
157.957 158.139 10.2066
158.024 158.206 10.2076
158.074 158.256 10.1918
158.107 158.290 10.134
158.140 158.323 10.151
158.174 158.356 10.107
158.207 158.390 10.1114
158.240 158.423 10.2054
158.274 158.456 10.2477
158.324 158.506 10.3498
158.357 158.540 10.4121
158.391 158.573 10.3763
158.424 158.606 10.2547
158.457 158.640 10.1771
158.491 158.673 10.1543
158.524 158.707 10.1835
158.557 158.740 10.1669
158.591 158.773 10.2233
158.624 158.807 10.2617
158.657 158.840 10.192
158.691 158.873 10.2326
158.724 158.907 10.1928
158.758 158.940 10.2126
158.791 158.974 10.1454
158.824 159.007 10.1358
158.858 159.040 10.1356
158.891 159.074 10.1699
158.924 159.107 10.2877
158.958 159.140 10.2795
158.991 159.174 10.2572
159.024 159.207 10.2379
159.058 159.240 10.1905
159.091 159.274 10.09
159.125 159.307 10.0323
159.158 159.341 10.0766
159.191 159.374 10.0123
159.225 159.407 10.0568
159.275 159.457 10.2701
159.341 159.524 10.3279
159.391 159.574 10.1139
159.425 159.607 10.0504
159.458 159.641 10.0019
159.492 159.674 10.0391
159.525 159.708 10.0749
159.558 159.741 10.0614
159.592 159.774 10.2069
159.642 159.824 10.2493
159.692 159.874 10.1637
159.725 159.908 10.1217
159.758 159.941 10.0698
159.792 159.974 10.0322
159.825 160.008 10.0438
159.859 160.041 10.0034
159.892 160.075 9.99467
159.925 160.108 10.114
159.975 160.158 10.2158
160.025 160.208 10.1118
160.059 160.241 10.0768
160.092 160.275 9.96306
160.125 160.308 9.95527
160.159 160.341 10.0446
160.192 160.375 10.0276
160.226 160.408 9.97039
160.259 160.442 10.1716
160.292 160.475 10.2773
160.342 160.525 10.3357
160.392 160.575 10.0871
160.426 160.608 10.0814
160.459 160.642 10.0454
160.492 160.675 10.0353
160.526 160.725 10.0084
160.559 160.758 9.90535
160.593 160.775 10.0263
160.626 160.825 10.1477
160.659 160.859 10.1274
160.693 160.892 10.1093
160.726 160.925 9.89559
160.759 160.959 9.8959
160.793 160.992 9.87232
160.826 161.025 9.85583
160.859 161.059 9.90666
160.893 161.092 9.99698
160.926 161.126 10.0789
160.960 161.159 10.112
161.010 161.209 9.99959
161.043 161.242 9.83126
161.076 161.276 9.84525
161.110 161.309 9.86635
161.143 161.342 9.88364
161.176 161.376 10.0604
161.210 161.409 10.0827
161.243 161.442 10.0723
161.277 161.476 10.053
161.310 161.509 9.99462
161.343 161.543 9.98607
161.377 161.576 9.9664
161.410 161.609 10.0007
161.443 161.643 10.0451
161.477 161.676 10.1563
161.510 161.709 10.2479
161.543 161.743 10.1898
161.577 161.776 10.159
161.610 161.809 10.0882
161.644 161.843 10.0566
161.677 161.876 10.0463
161.710 161.910 10.0593
161.744 161.943 10.1465
161.777 161.976 10.2514
161.810 162.010 10.3112
161.844 162.043 10.2611
161.877 162.076 10.2057
161.910 162.110 10.1564
161.944 162.143 10.131
161.977 162.177 10.1401
162.011 162.210 10.1261
162.044 162.243 10.1797
162.077 162.277 10.3185
162.111 162.310 10.2684
162.144 162.343 10.2822
162.177 162.377 10.191
162.211 162.410 10.1051
162.244 162.443 10.1212
162.277 162.477 10.1131
162.311 162.510 10.1411
162.344 162.543 10.192
162.378 162.577 10.3313
162.411 162.610 10.3712
162.444 162.644 10.351
162.478 162.677 10.227
162.494 162.694 10.2226
162.511 162.710 10.2365
162.544 162.744 10.218
162.561 162.760 10.1979
162.578 162.777 10.2684
162.594 162.794 10.361
162.628 162.827 10.379
162.661 162.860 10.38
162.694 162.894 10.3721
162.728 162.927 10.2981
162.745 162.944 10.3421
162.778 162.977 10.3294
162.795 162.994 10.2637
162.811 163.011 10.3792
162.845 163.044 10.48
162.878 163.077 10.5323
162.911 163.111 10.4554
162.945 163.144 10.3888
162.978 163.177 10.3138
162.995 163.194 10.2419
163.011 163.211 10.3178
163.028 163.227 10.2978
163.061 163.261 10.2812
163.078 163.277 10.4674
163.112 163.311 10.5512
163.145 163.344 10.457
163.178 163.378 10.3465
163.212 163.411 10.2942
163.228 163.428 10.2735
163.245 163.444 10.3501
163.262 163.461 10.4317
163.295 163.494 10.3557
163.312 163.511 10.5373
163.328 163.528 10.5573
163.362 163.561 10.4628
163.378 163.578 10.4764
163.395 163.594 10.3849
163.412 163.611 10.3904
163.429 163.628 10.3466
163.445 163.644 10.4713
163.462 163.661 10.4276
163.495 163.694 10.4556
163.512 163.711 10.5815
163.545 163.745 10.5259
163.562 163.761 10.4271
163.579 163.778 10.4535
163.595 163.795 10.4155
163.612 163.811 10.5316
163.629 163.828 10.4968
163.645 163.845 10.6036
163.662 163.861 10.5784
163.679 163.878 10.6813
163.695 163.895 10.6391
163.712 163.911 10.6406
163.729 163.928 10.6069
163.745 163.945 10.6943
163.762 163.961 10.7372
163.779 163.978 10.7638
163.796 163.995 10.6851
163.812 164.012 10.8067
163.829 164.028 10.6977
163.846 164.045 10.7419
163.862 164.062 10.6793
163.879 164.078 10.766
163.896 164.095 10.6555
163.912 164.112 10.7028
163.929 164.128 10.6452
163.946 164.145 10.6294
163.962 164.162 10.5621
163.979 164.178 10.6048
163.996 164.195 10.5397
164.012 164.212 10.5572
164.029 164.228 10.5406
164.046 164.245 10.5772
164.062 164.262 10.4565
164.079 164.278 10.4908
164.096 164.295 10.4355
164.112 164.312 10.5314
164.129 164.328 10.4794
164.146 164.345 10.499
164.162 164.362 10.445
164.179 164.379 10.4596
164.196 164.395 10.3992
164.213 164.412 10.4811
164.229 164.429 10.5126
164.246 164.445 10.6089
164.263 164.462 10.4731
164.279 164.479 10.4825
164.296 164.495 10.367
164.313 164.512 10.4446
164.329 164.529 10.4004
164.346 164.545 10.5162
164.363 164.562 10.4533
164.379 164.579 10.443
164.396 164.595 10.284
164.429 164.629 10.2224
164.446 164.645 10.2335
164.463 164.662 10.2494
164.479 164.679 10.3768
164.496 164.695 10.2829
164.513 164.712 10.3788
164.546 164.746 10.3543
164.563 164.762 10.3172
164.596 164.796 10.3307
164.613 164.812 10.4693
164.630 164.829 10.4008
164.646 164.846 10.4049
164.663 164.862 10.3608
164.696 164.896 10.3109
164.713 164.929 10.4049
164.746 164.946 10.472
164.780 164.979 10.3549
164.796 164.996 10.3024
164.813 165.012 10.392
164.846 165.046 10.3885
164.863 165.062 10.3326
164.897 165.096 10.3198
164.913 165.129 10.3878
164.947 165.146 10.418
164.963 165.179 10.3674
164.997 165.196 10.3564
165.013 165.229 10.4284
165.047 165.246 10.4562
165.063 165.279 10.4104
165.097 165.296 10.4832
165.113 165.329 10.5182
165.130 165.346 10.5163
165.147 165.363 10.4942
165.163 165.379 10.4952
165.197 165.396 10.4748
165.213 165.430 10.5787
165.247 165.446 10.6866
165.264 165.480 10.6594
165.280 165.496 10.7029
165.297 165.513 10.6528
165.314 165.530 10.722
165.330 165.546 10.6825
165.347 165.563 10.7294
165.364 165.580 10.6413
165.380 165.596 10.7342
165.397 165.613 10.5862
165.414 165.630 10.5842
165.430 165.646 10.5576
165.447 165.663 10.6344
165.464 165.680 10.5769
165.480 165.696 10.6904
165.497 165.713 10.648
165.514 165.730 10.7763
165.530 165.746 10.738
165.547 165.763 10.8085
165.564 165.780 10.7161
165.580 165.796 10.6811
165.597 165.813 10.6551
165.614 165.830 10.7048
165.631 165.847 10.6744
165.647 165.863 10.8261
165.664 165.880 10.8306
165.681 165.897 10.9147
165.697 165.913 10.8201
165.714 165.930 10.8743
165.731 165.947 10.8127
165.747 165.963 10.8952
165.764 165.980 10.8806
165.781 165.997 10.9607
165.797 166.013 10.951
165.814 166.030 11.0194
165.831 166.047 10.9874
165.847 166.063 11.0453
165.864 166.080 11.0007
165.881 166.097 11.0413
165.897 166.113 10.886
165.914 166.130 10.9034
165.931 166.147 10.7973
165.947 166.163 10.834
165.964 166.180 10.8138
165.981 166.197 10.9317
165.998 166.213 10.9124
166.014 166.230 11.0461
166.031 166.247 10.956
166.048 166.264 10.9947
166.064 166.280 10.9161
166.081 166.297 10.9678
166.098 166.314 10.9435
166.114 166.330 11.0099
166.131 166.347 10.9705
166.148 166.364 11.0471
166.164 166.380 10.9406
166.181 166.397 10.94
166.198 166.414 10.9287
166.214 166.430 10.9624
166.231 166.447 10.981
166.248 166.464 11.0783
166.264 166.480 11.071
166.281 166.497 11.1001
166.298 166.514 11.0117
166.314 166.530 11.1732
166.331 166.547 11.1912
166.348 166.564 11.2027
166.365 166.580 11.0852
166.381 166.597 11.0473
166.398 166.614 10.9027
166.415 166.631 10.9233
166.431 166.647 10.8627
166.448 166.664 11.0116
166.465 166.681 11.0375
166.481 166.697 11.0447
166.498 166.714 10.9859
166.515 166.731 11.0862
166.531 166.747 10.9862
166.548 166.764 11.0368
166.565 166.781 10.9718
166.581 166.797 11.0103
166.598 166.814 10.9938
166.615 166.831 10.9034
166.631 166.847 10.9814
166.665 166.881 10.9606
166.681 166.898 11.0823
166.715 166.931 11.0756
166.732 166.948 11.02
166.765 166.981 11.1326
166.782 166.998 11.2422
166.815 167.031 11.2351
166.832 167.048 11.1746
166.865 167.081 11.1591
166.882 167.098 11.2297
166.915 167.131 11.2766
166.932 167.148 11.2695
166.948 167.164 11.3514
166.965 167.181 11.3331
166.982 167.198 11.3571
167.015 167.231 11.3469
167.032 167.248 11.2563
167.065 167.281 11.21
167.082 167.298 11.2307
167.115 167.331 11.306
167.132 167.348 11.2755
167.165 167.381 11.3073
167.182 167.398 11.3796
167.215 167.431 11.3073
167.232 167.448 11.1756
167.265 167.481 11.2237
167.282 167.498 11.2377
167.315 167.531 11.2215
167.332 167.548 11.2137
167.365 167.581 11.2316
167.382 167.598 11.2623
167.416 167.632 11.3093
167.432 167.648 11.1939
167.466 167.682 11.1814
167.482 167.698 11.2638
167.516 167.732 11.0551
167.532 167.748 10.9183
167.566 167.782 10.8239
167.582 167.798 10.8551
167.616 167.832 10.9277
167.632 167.848 10.8985
167.666 167.882 10.9557
167.682 167.898 11.0248
167.716 167.932 10.955
167.732 167.948 10.8252
167.766 167.982 10.9207
167.783 167.998 10.9336
167.816 168.032 10.944
167.833 168.049 11.0013
167.866 168.082 11.0322
167.883 168.099 11.0757
167.916 168.132 11.0925
167.933 168.149 11.0094
167.966 168.182 11.002
167.983 168.215 11.125
168.016 168.249 11.052
168.033 168.265 10.9973
168.066 168.299 10.9992
168.083 168.315 11.1453
168.099 168.349 11.0923
168.133 168.366 11.135
168.149 168.399 11.2075
168.166 168.416 11.1373
168.183 168.432 11.1297
168.200 168.449 11.0064
168.216 168.466 11.0402
168.233 168.482 10.8891
168.250 168.499 10.9406
168.266 168.516 10.9661
168.283 168.532 11.0381
168.300 168.549 11.0616
168.316 168.566 11.1819
168.333 168.582 11.1042
168.350 168.599 11.0697
168.366 168.616 10.9875
168.383 168.632 10.9753
168.400 168.649 10.9034
168.416 168.666 10.9407
168.433 168.682 10.9582
168.450 168.699 10.9849
168.466 168.716 10.9543
168.483 168.732 10.9758
168.500 168.749 10.9004
168.517 168.766 10.9501
168.533 168.783 10.8838
168.550 168.799 10.9224
168.567 168.816 10.8994
168.583 168.833 11.0591
168.600 168.849 10.9538
168.617 168.866 11.0183
168.633 168.883 10.904
168.650 168.899 10.9109
168.667 168.916 10.7884
168.683 168.933 10.772
168.700 168.949 10.6151
168.717 168.966 10.7453
168.733 168.983 10.7041
168.750 168.999 10.8056
168.767 169.016 10.8311
168.783 169.033 10.9169
168.800 169.049 10.9065
168.817 169.066 10.9188
168.833 169.083 10.8022
168.850 169.100 10.8144
168.867 169.116 10.7332
168.884 169.133 10.7706
168.900 169.150 10.7527
168.917 169.166 10.8477
168.934 169.183 10.7822
168.950 169.200 10.9218
168.967 169.216 10.8386
168.984 169.233 10.8957
169.000 169.250 10.813
169.017 169.266 10.8165
169.034 169.283 10.7708
169.050 169.300 10.7997
169.067 169.316 10.7442
169.084 169.333 10.8156
169.100 169.350 10.7795
169.117 169.366 10.7798
169.134 169.383 10.7244
169.150 169.400 10.7188
169.167 169.416 10.6638
169.184 169.433 10.6713
169.200 169.450 10.6403
169.217 169.467 10.7334
169.234 169.483 10.7443
169.251 169.500 10.7979
169.267 169.517 10.7693
169.284 169.533 10.8456
169.301 169.550 10.8223
169.317 169.567 10.9069
169.334 169.583 10.7687
169.351 169.600 10.806
169.367 169.617 10.6961
169.384 169.633 10.7579
169.401 169.650 10.7271
169.417 169.667 10.7723
169.434 169.683 10.8752
169.451 169.700 10.9846
169.467 169.717 10.9655
169.484 169.733 11.0653
169.501 169.750 10.9985
169.517 169.767 10.9956
169.534 169.784 10.929
169.551 169.800 10.9343
169.567 169.817 10.8744
169.584 169.833 10.9374
169.601 169.850 10.9172
169.618 169.867 10.9755
169.634 169.884 10.928
169.651 169.900 11.0097
169.668 169.917 10.9805
169.684 169.934 11.0408
169.701 169.950 10.9854
169.718 169.967 11.0316
169.734 169.984 11.1323
169.751 170.000 11.1768
169.768 170.017 11.1411
169.784 170.034 11.1737
169.801 170.050 11.0925
169.818 170.067 11.124
169.834 170.084 11.0308
169.851 170.100 11.0593
169.868 170.117 11.0338
169.884 170.134 11.0934
169.901 170.150 11.1301
169.918 170.167 11.2165
169.934 170.184 11.2106
169.951 170.201 11.301
169.968 170.217 11.205
169.985 170.234 11.3038
170.001 170.251 11.2333
170.018 170.267 11.2408
170.035 170.284 11.2144
170.051 170.301 11.2665
170.068 170.317 11.229
170.085 170.334 11.2937
170.101 170.351 11.2624
170.118 170.367 11.4053
170.135 170.384 11.3872
170.151 170.401 11.4382
170.168 170.417 11.4093
170.185 170.434 11.4234
170.201 170.451 11.3686
170.218 170.467 11.403
170.235 170.484 11.3234
170.251 170.501 11.3821
170.268 170.517 11.368
170.285 170.534 11.4531
170.301 170.551 11.3017
170.318 170.567 11.3546
170.335 170.584 11.2721
170.352 170.601 11.3041
170.368 170.618 11.2307
170.385 170.634 11.2927
170.402 170.651 11.2479
170.418 170.668 11.2848
170.435 170.684 11.272
170.452 170.701 11.3161
170.468 170.718 11.2968
170.485 170.734 11.3133
170.502 170.751 11.1776
170.518 170.768 11.296
170.535 170.784 11.1792
170.552 170.801 11.2629
170.568 170.818 11.22
170.585 170.834 11.273
170.602 170.851 11.1861
170.618 170.868 11.2635
170.635 170.884 11.2186
170.652 170.901 11.361
170.669 170.918 11.3618
170.685 170.935 11.4278
170.702 170.951 11.3504
170.735 170.985 11.1813
170.752 171.001 11.2763
170.785 171.035 11.298
170.802 171.051 11.2128
170.819 171.068 11.2694
170.835 171.085 11.1734
170.852 171.101 11.2126
170.869 171.118 11.1886
170.885 171.135 11.2739
170.902 171.168 11.2817
170.935 171.185 11.3075
170.952 171.218 11.389
170.985 171.235 11.2745
171.002 171.268 11.189
171.035 171.285 11.2306
171.052 171.302 11.2336
171.069 171.318 11.1647
171.086 171.335 11.1946
171.102 171.352 11.1739
171.119 171.368 11.2207
171.136 171.385 11.178
171.152 171.402 11.2297
171.186 171.435 11.2635
171.202 171.452 11.1751
171.219 171.468 11.152
171.236 171.485 11.18
171.252 171.518 11.1971
171.269 171.535 11.0878
171.286 171.552 11.1447
171.302 171.568 11.0915
171.319 171.585 11.1444
171.336 171.602 11.1977
171.352 171.619 11.3016
171.369 171.635 11.3866
171.386 171.652 11.3024
171.402 171.669 11.3108
171.419 171.685 11.291
171.436 171.702 11.1468
171.453 171.719 11.0786
171.469 171.735 11.0605
171.486 171.752 11.1283
171.503 171.769 11.0856
171.519 171.785 11.0528
171.536 171.802 11.0347
171.553 171.819 11.069
171.569 171.835 11.0364
171.586 171.852 11.0076
171.603 171.869 10.952
171.619 171.885 10.9498
171.636 171.902 10.8744
171.653 171.919 10.8857
171.669 171.935 10.7892
171.686 171.952 10.9697
171.703 171.969 10.8519
171.719 171.986 10.8453
171.736 172.002 10.7038
171.753 172.019 10.7726
171.770 172.036 10.7092
171.786 172.052 10.7228
171.803 172.069 10.723
171.820 172.086 10.7829
171.836 172.102 10.7959
171.853 172.119 10.9225
171.886 172.136 10.9424
171.903 172.169 10.8601
171.920 172.186 10.8856
171.936 172.202 10.7644
171.953 172.219 10.7805
171.986 172.236 10.8008
172.003 172.269 10.7109
172.036 172.286 10.7422
172.053 172.319 10.8144
172.086 172.336 10.8415
172.103 172.369 10.7578
172.137 172.386 10.6965
172.153 172.419 10.7827
172.187 172.436 10.711
172.203 172.469 10.7238
172.237 172.486 10.8017
172.253 172.519 10.9015
172.287 172.536 10.9448
172.303 172.553 10.9014
172.337 172.586 10.9236
172.353 172.603 10.9788
172.370 172.636 10.9548
172.387 172.653 10.9963
172.403 172.669 10.8952
172.437 172.686 10.8604
172.453 172.719 10.8989
172.470 172.736 10.9153
172.487 172.753 10.9632
172.504 172.770 10.883
172.537 172.786 10.8836
172.554 172.820 10.9661
172.587 172.836 10.9127
172.604 172.870 10.8453
172.620 172.886 10.8816
172.637 172.903 10.7883
172.654 172.920 10.8183
172.670 172.936 10.7503
172.687 172.953 10.78
172.704 172.970 10.7251
172.720 172.986 10.7783
172.737 173.003 10.766
172.754 173.020 10.869
172.770 173.036 10.853
172.787 173.053 10.9403
172.804 173.070 10.8431
172.820 173.086 10.8477
172.837 173.103 10.7698
172.854 173.120 10.7884
172.871 173.137 10.7106
172.887 173.153 10.7415
172.904 173.170 10.6744
172.921 173.187 10.7668
172.937 173.203 10.7472
172.954 173.220 10.815
172.971 173.237 10.7889
172.987 173.253 10.8472
173.004 173.270 10.7918
173.021 173.287 10.8903
173.037 173.303 10.8021
173.054 173.320 10.8668
173.071 173.337 10.7735
173.087 173.353 10.8412
173.104 173.370 10.8041
173.121 173.387 10.8255
173.137 173.403 10.8032
173.154 173.420 10.8631
173.171 173.437 10.7601
173.187 173.454 10.8021
173.204 173.470 10.7674
173.221 173.487 10.7827
173.238 173.504 10.7249
173.254 173.520 10.8089
173.271 173.537 10.7579
173.288 173.554 10.8495
173.304 173.570 10.786
173.321 173.587 10.8325
173.338 173.604 10.7813
173.354 173.620 10.8381
173.371 173.637 10.7944
173.388 173.654 10.8495
173.404 173.670 10.8238
173.421 173.687 10.9268
173.438 173.704 10.8019
173.454 173.720 10.8758
173.471 173.737 10.8135
173.488 173.754 10.8431
173.504 173.771 10.7814
173.521 173.787 10.8287
173.538 173.804 10.8251
173.554 173.821 10.9168
173.571 173.837 10.8628
173.588 173.854 10.8881
173.605 173.871 10.8394
173.621 173.887 10.8404
173.638 173.904 10.7935
173.655 173.921 10.8621
173.671 173.937 10.8032
173.688 173.954 10.8928
173.705 173.971 10.8804
173.721 173.987 11.0159
173.738 174.004 10.9812
173.755 174.021 11.0674
173.771 174.037 11.0127
173.788 174.054 11.0535
173.805 174.071 10.9878
173.821 174.087 11.0482
173.838 174.104 10.9499
173.855 174.121 11.0692
173.871 174.138 10.992
173.888 174.154 11.1003
173.905 174.171 11.0519
173.921 174.188 11.1232
173.938 174.204 11.0394
173.955 174.221 11.0896
173.972 174.238 11.0345
173.988 174.254 11.1235
174.005 174.271 11.139
174.022 174.288 11.1952
174.038 174.304 11.1869
174.055 174.321 11.2517
174.072 174.338 11.1662
174.088 174.354 11.2596
174.105 174.371 11.2168
174.122 174.388 11.2906
174.138 174.404 11.1792
174.155 174.421 11.2441
174.172 174.438 11.1897
174.188 174.454 11.221
174.205 174.471 11.1631
174.222 174.488 11.2129
174.238 174.505 11.1751
174.255 174.521 11.2299
174.272 174.538 11.2293
174.288 174.555 11.2868
174.305 174.571 11.2557
174.322 174.588 11.3385
174.339 174.605 11.3025
174.355 174.621 11.3406
174.372 174.638 11.2673
174.389 174.655 11.3041
174.405 174.671 11.2841
174.422 174.688 11.3005
174.439 174.705 11.2814
174.455 174.721 11.3651
174.472 174.738 11.2362
174.489 174.755 11.2852
174.505 174.771 11.2522
174.522 174.788 11.2581
174.539 174.805 11.2457
174.555 174.821 11.2867
174.572 174.838 11.1704
174.589 174.855 11.2024
174.605 174.872 11.1519
174.622 174.888 11.18
174.639 174.905 11.1758
174.656 174.922 11.2656
174.672 174.938 11.1797
174.689 174.955 11.2575
174.706 174.972 11.2283
174.722 175.005 11.2706
174.739 175.022 11.2115
174.756 175.038 11.3098
174.789 175.055 11.2959
174.806 175.088 11.2278
174.839 175.105 11.2314
174.856 175.138 11.3523
174.889 175.155 11.3473
174.906 175.188 11.2702
174.939 175.205 11.2486
174.956 175.238 11.2867
174.989 175.255 11.2898
175.006 175.289 11.2455
175.039 175.305 11.2684
175.056 175.339 11.3269
175.089 175.355 11.3432
175.106 175.389 11.2601
175.139 175.405 11.2556
175.156 175.439 11.315
175.173 175.455 11.2599
175.189 175.472 11.3247
175.206 175.489 11.2534
175.239 175.505 11.3466
175.256 175.539 11.4293
175.289 175.555 11.4708
175.306 175.589 11.4157
175.323 175.606 11.4655
175.339 175.622 11.3998
175.356 175.639 11.4708
175.373 175.655 11.399
175.390 175.672 11.4571
175.406 175.689 11.3785
175.440 175.706 11.3278
175.456 175.739 11.3307
175.473 175.756 11.2685
175.490 175.772 11.3677
175.506 175.789 11.3034
175.523 175.806 11.3424
175.540 175.822 11.3241
175.556 175.839 11.3555
175.573 175.856 11.2847
175.590 175.872 11.3234
175.606 175.889 11.3209
175.623 175.906 11.3716
175.640 175.922 11.3301
175.656 175.939 11.4035
175.673 175.956 11.3574
175.690 175.972 11.4216
175.707 175.989 11.346
175.723 176.006 11.354
175.740 176.023 11.2916
175.757 176.039 11.3777
175.773 176.056 11.3121
175.790 176.073 11.4163
175.807 176.089 11.347
175.823 176.106 11.4178
175.840 176.123 11.3797
175.857 176.139 11.4202
175.873 176.156 11.3664
175.890 176.173 11.4293
175.907 176.189 11.3375
175.923 176.206 11.3308
175.940 176.223 11.256
175.957 176.239 11.2953
175.973 176.256 11.2248
175.990 176.273 11.3077
176.007 176.290 11.2615
176.023 176.306 11.3118
176.040 176.323 11.2844
176.057 176.340 11.2908
176.073 176.356 11.2
176.090 176.373 11.2265
176.107 176.390 11.1952
176.124 176.406 11.2217
176.140 176.423 11.1791
176.157 176.440 11.3009
176.174 176.456 11.228
176.190 176.473 11.3208
176.207 176.490 11.2676
176.224 176.506 11.213
176.240 176.523 11.1437
176.257 176.540 11.2351
176.274 176.556 11.2342
176.290 176.573 11.2974
176.307 176.590 11.2487
176.324 176.606 11.3069
176.340 176.623 11.2498
176.357 176.640 11.2576
176.374 176.656 11.1444
176.390 176.673 11.2003
176.407 176.690 11.1449
176.424 176.707 11.218
176.441 176.723 11.1489
176.457 176.740 11.2353
176.474 176.757 11.206
176.491 176.773 11.2722
176.507 176.790 11.1507
176.524 176.807 11.1502
176.541 176.823 11.0939
176.557 176.840 11.1537
176.574 176.857 11.1223
176.591 176.873 11.1744
176.607 176.890 11.1006
176.624 176.907 11.2041
176.641 176.923 11.1937
176.657 176.940 11.1992
176.674 176.957 11.1166
176.691 176.973 11.1183
176.707 176.990 11.0618
176.724 177.007 11.1728
176.741 177.023 11.1028
176.757 177.040 11.3237
176.774 177.057 11.2325
176.791 177.073 11.2983
176.808 177.090 11.1682
176.824 177.107 11.2063
176.841 177.124 11.0613
176.858 177.140 11.1183
176.874 177.157 11.0487
176.891 177.174 11.1269
176.908 177.190 11.0954
176.924 177.207 11.1317
176.941 177.224 11.0754
176.958 177.240 11.1407
176.974 177.257 11.0235
176.991 177.274 11.0387
177.008 177.290 11.0392
177.024 177.307 11.1017
177.041 177.324 11.0641
177.058 177.340 11.122
177.074 177.357 11.1659
177.091 177.374 11.2492
177.108 177.390 11.1776
177.124 177.407 11.2002
177.141 177.424 11.1054
177.158 177.441 11.1209
177.175 177.457 11.1092
177.191 177.474 11.1516
177.208 177.491 11.1334
177.225 177.507 11.1655
177.241 177.524 11.2811
177.258 177.541 11.4037
177.275 177.557 11.3282
177.291 177.574 11.3473
177.308 177.591 11.2751
177.325 177.607 11.3208
177.341 177.624 11.2396
177.358 177.641 11.3063
177.375 177.657 11.2577
177.391 177.674 11.3079
177.408 177.691 11.2862
177.425 177.707 11.3925
177.441 177.724 11.3106
177.458 177.758 11.3619
177.491 177.774 11.2446
177.508 177.808 11.1754
177.525 177.824 11.219
177.542 177.841 11.168
177.558 177.858 11.3235
177.592 177.874 11.3784
177.608 177.908 11.2591
177.625 177.924 11.2815
177.642 177.941 11.214
177.658 177.958 11.2482
177.675 177.974 11.1994
177.692 177.991 11.235
177.708 178.008 11.1952
177.725 178.024 11.2021
177.742 178.041 11.1777
177.758 178.058 11.3256
177.775 178.074 11.2621
177.792 178.091 11.2773
177.808 178.108 11.1825
177.825 178.125 11.2927
177.842 178.141 11.1757
177.858 178.158 11.2403
177.875 178.175 11.2193
177.892 178.191 11.245
177.909 178.208 11.158
177.925 178.225 11.2287
177.942 178.241 11.1748
177.959 178.258 11.2484
177.975 178.275 11.0667
177.992 178.291 11.042
178.009 178.308 10.9766
178.025 178.325 11.0047
178.042 178.341 10.916
178.059 178.358 10.9685
178.075 178.375 10.8848
178.092 178.391 10.9112
178.109 178.408 10.8754
178.125 178.425 10.8796
178.142 178.441 10.8233
178.159 178.458 10.8269
178.175 178.475 10.6819
178.192 178.491 10.68
178.209 178.508 10.6214
178.225 178.525 10.653
178.242 178.542 10.6033
178.259 178.558 10.6456
178.276 178.575 10.6494
178.292 178.592 10.6875
178.309 178.608 10.6687
178.326 178.625 10.6731
178.342 178.642 10.5183
178.359 178.658 10.5119
178.376 178.675 10.4617
178.392 178.692 10.4902
178.409 178.708 10.4401
178.426 178.725 10.4569
178.442 178.742 10.533
178.459 178.758 10.7174
178.476 178.775 10.6308
178.492 178.792 10.6336
178.509 178.808 10.5383
178.526 178.825 10.5282
178.542 178.842 10.4328
178.559 178.858 10.4548
178.576 178.875 10.3967
178.593 178.892 10.4572
178.609 178.908 10.4093
178.626 178.925 10.6152
178.643 178.942 10.5714
178.659 178.959 10.6802
178.676 178.975 10.5947
178.693 178.992 10.5923
178.709 179.009 10.4802
178.726 179.025 10.5136
178.743 179.042 10.4366
178.759 179.059 10.4853
178.776 179.075 10.4736
178.793 179.092 10.6104
178.809 179.109 10.5974
178.826 179.125 10.7142
178.843 179.142 10.6963
178.859 179.159 10.6808
178.876 179.175 10.5678
178.893 179.192 10.5779
178.909 179.209 10.5377
178.926 179.225 10.5416
178.943 179.242 10.508
178.960 179.259 10.5561
178.976 179.276 10.5357
178.993 179.292 10.7192
179.010 179.309 10.6648
179.026 179.326 10.6422
179.043 179.342 10.53
179.060 179.359 10.5316
179.076 179.376 10.4531
179.093 179.392 10.5161
179.110 179.409 10.5406
179.126 179.426 10.5957
179.143 179.442 10.5278
179.160 179.459 10.561
179.176 179.476 10.474
179.193 179.492 10.4623
179.210 179.509 10.4157
179.226 179.526 10.4553
179.243 179.542 10.4401
179.260 179.559 10.5282
179.276 179.576 10.6879
179.293 179.592 10.739
179.310 179.609 10.6434
179.326 179.626 10.7255
179.343 179.643 10.5001
179.360 179.659 10.5209
179.377 179.676 10.4389
179.393 179.693 10.4889
179.410 179.709 10.5057
179.427 179.726 10.6933
179.443 179.743 10.6138
179.460 179.759 10.6474
179.477 179.776 10.5563
179.493 179.793 10.553
179.510 179.809 10.4228
179.527 179.826 10.5052
179.543 179.843 10.479
179.560 179.859 10.6371
179.577 179.876 10.5448
179.593 179.893 10.6505
179.627 179.926 10.512
179.643 179.943 10.4804
179.677 179.976 10.5105
179.693 179.993 10.5761
179.710 180.026 10.7331
179.727 180.043 10.7992
179.760 180.076 10.6892
179.777 180.093 10.5847
179.827 180.126 10.6919
179.860 180.176 10.7428
179.877 180.193 10.6271
179.910 180.226 10.663
179.944 180.260 10.5261
179.977 180.293 10.3775
179.994 180.310 10.4287
180.027 180.343 10.3385
180.044 180.360 10.2755
180.077 180.393 10.3724
180.094 180.410 10.255
180.127 180.443 10.4003
180.161 180.477 10.3126
180.194 180.510 10.3421
180.227 180.543 10.2723
