219.62 15.2962
202.91 15.2962
286.25 15.3564
269.56 15.3564
252.88 15.3564
236.20 15.3564
336.17 15.2604
319.46 15.2604
302.78 15.2604
286.12 15.2604
269.42 15.2604
252.76 15.2604
269.41 15.3261
252.72 15.3261
236.04 15.3261
219.36 15.3261
202.68 15.3261
185.99 15.3261
202.64 15.3283
185.96 15.3283
269.27 15.3274
252.59 15.3274
319.25 15.2765
302.57 15.2765
285.89 15.2765
269.20 15.2765
252.52 15.2765
235.84 15.2765
335.82 15.2573
319.14 15.2573
302.45 15.2573
285.77 15.2573
269.09 15.2573
252.40 15.2573
335.72 15.2722
319.03 15.2722
302.35 15.2722
285.67 15.2722
268.98 15.2722
252.30 15.2722
318.92 15.3736
302.21 15.3736
285.52 15.3736
268.87 15.3736
252.16 15.3736
235.47 15.3736
335.45 15.289
318.80 15.289
302.11 15.289
285.40 15.289
268.72 15.289
252.03 15.289
318.71 15.3392
302.05 15.3392
285.34 15.3392
268.66 15.3392
251.98 15.3392
235.29 15.3392
335.27 15.3238
318.59 15.3238
301.88 15.3238
285.20 15.3238
268.51 15.3238
251.85 15.3238
335.13 15.279
318.45 15.279
301.77 15.279
285.08 15.279
268.40 15.279
251.75 15.279
251.70 15.3653
235.05 15.3653
218.36 15.3653
201.68 15.3653
184.97 15.3653
168.29 15.3653
218.30 15.3701
201.62 15.3701
301.58 15.3271
284.90 15.3271
268.22 15.3271
251.53 15.3271
334.82 15.2859
318.14 15.2859
301.48 15.2859
284.77 15.2859
268.08 15.2859
251.41 15.2859
334.73 15.3669
318.07 15.3669
301.39 15.3669
284.68 15.3669
268.03 15.3669
251.34 15.3669
301.31 15.2496
284.59 15.2496
267.91 15.2496
251.26 15.2496
234.57 15.2496
217.89 15.2496
301.20 15.2517
284.52 15.2517
267.81 15.2517
251.15 15.2517
334.46 15.3579
317.80 15.3579
301.10 15.3579
284.44 15.3579
267.76 15.3579
251.07 15.3579
251.04 15.3028
234.34 15.3028
217.66 15.3028
200.98 15.3028
184.30 15.3028
167.62 15.3028
250.93 15.2074
234.24 15.2074
317.58 15.3068
300.87 15.3068
284.19 15.3068
267.53 15.3068
250.85 15.3068
234.16 15.3068
317.45 15.4855
300.77 15.4855
284.08 15.4855
267.39 15.4855
250.72 15.4855
234.01 15.4855
317.34 15.2883
300.63 15.2883
283.98 15.2883
267.27 15.2883
250.58 15.2883
233.93 15.2883
283.91 15.2392
267.23 15.2392
250.54 15.2392
233.86 15.2392
217.15 15.2392
200.46 15.2392
250.47 15.3043
233.81 15.3043
217.10 15.3043
200.44 15.3043
283.73 15.3146
267.04 15.3146
250.37 15.3146
233.68 15.3146
317.00 15.2242
300.32 15.2242
283.63 15.2242
266.95 15.2242
250.27 15.2242
233.59 15.2242
250.22 15.4116
233.57 15.4116
216.89 15.4116
200.21 15.4116
183.52 15.4116
166.82 15.4116
250.15 15.4386
233.47 15.4386
316.75 15.382
300.07 15.382
283.38 15.382
266.70 15.382
250.02 15.382
233.34 15.382
249.99 15.373
233.31 15.373
216.62 15.373
199.91 15.373
183.23 15.373
166.56 15.373
183.24 15.3641
166.56 15.3641
249.87 15.3331
233.19 15.3331
249.84 15.308
233.13 15.308
216.44 15.308
199.76 15.308
183.07 15.308
166.42 15.308
249.73 15.3518
233.05 15.3518
316.33 15.4032
299.65 15.4032
282.96 15.4032
266.25 15.4032
249.57 15.4032
232.91 15.4032
282.92 15.4366
266.21 15.4366
249.55 15.4366
232.87 15.4366
216.19 15.4366
199.48 15.4366
282.82 15.3773
266.10 15.3773
249.42 15.3773
232.74 15.3773
316.07 15.3272
299.39 15.3272
282.71 15.3272
266.03 15.3272
249.31 15.3272
232.66 15.3272
315.94 15.3115
299.23 15.3115
282.55 15.3115
265.87 15.3115
249.21 15.3115
232.53 15.3115
249.15 15.5453
232.47 15.5453
215.81 15.5453
199.13 15.5453
182.45 15.5453
165.76 15.5453
249.08 15.48
232.39 15.48
315.70 15.3163
299.04 15.3163
282.36 15.3163
265.68 15.3163
248.99 15.3163
232.31 15.3163
315.60 15.2726
298.92 15.2726
282.21 15.2726
265.55 15.2726
248.87 15.2726
232.16 15.2726
282.14 15.2946
265.44 15.2946
248.79 15.2946
232.08 15.2946
215.40 15.2946
198.72 15.2946
282.03 15.3225
265.34 15.3225
248.69 15.3225
232.00 15.3225
315.29 15.4301
298.61 15.4301
281.95 15.4301
265.25 15.4301
248.56 15.4301
231.88 15.4301
281.88 15.4507
265.20 15.4507
248.51 15.4507
231.83 15.4507
215.12 15.4507
198.44 15.4507
248.44 15.4309
231.76 15.4309
215.08 15.4309
198.40 15.4309
248.40 15.4189
231.72 15.4189
215.01 15.4189
198.32 15.4189
215.00 15.3925
198.29 15.3925
181.61 15.3925
164.93 15.3925
181.57 15.4096
164.92 15.4096
214.88 15.3977
198.22 15.3977
248.16 15.3843
231.48 15.3843
214.80 15.3843
198.12 15.3843
281.42 15.3967
264.71 15.3967
248.06 15.3967
231.37 15.3967
248.02 15.4278
231.34 15.4278
214.65 15.4278
197.94 15.4278
181.26 15.4278
164.60 15.4278
247.94 15.4078
231.23 15.4078
314.52 15.3583
297.83 15.3583
281.15 15.3583
264.50 15.3583
247.79 15.3583
231.13 15.3583
314.42 15.3278
297.76 15.3278
281.08 15.3278
264.39 15.3278
247.71 15.3278
231.03 15.3278
314.36 15.3644
297.68 15.3644
281.00 15.3644
264.31 15.3644
247.63 15.3644
230.92 15.3644
314.23 15.4548
297.52 15.4548
280.84 15.4548
264.18 15.4548
247.47 15.4548
230.79 15.4548
314.13 15.3992
297.44 15.3992
280.73 15.3992
264.05 15.3992
247.37 15.3992
230.71 15.3992
314.02 15.3677
297.34 15.3677
280.66 15.3677
263.97 15.3677
247.29 15.3677
230.61 15.3677
313.92 15.2847
297.24 15.2847
280.55 15.2847
263.87 15.2847
247.19 15.2847
230.47 15.2847
313.84 15.2677
297.15 15.2677
280.47 15.2677
263.79 15.2677
247.11 15.2677
230.43 15.2677
313.70 15.3187
297.02 15.3187
280.33 15.3187
263.66 15.3187
246.97 15.3187
230.29 15.3187
313.62 15.3108
296.94 15.3108
280.26 15.3108
263.57 15.3108
246.89 15.3108
230.18 15.3108
313.47 15.3758
296.79 15.3758
280.11 15.3758
263.42 15.3758
246.74 15.3758
230.04 15.3758
313.39 15.2534
296.71 15.2534
280.03 15.2534
263.34 15.2534
246.63 15.2534
229.98 15.2534
313.29 15.263
296.60 15.263
279.89 15.263
263.20 15.263
246.53 15.263
229.84 15.263
313.18 15.3318
296.52 15.3318
279.84 15.3318
263.13 15.3318
246.48 15.3318
229.79 15.3318
313.07 15.3084
296.42 15.3084
279.71 15.3084
263.05 15.3084
246.34 15.3084
229.69 15.3084
312.95 15.2579
296.26 15.2579
279.58 15.2579
262.89 15.2579
246.22 15.2579
229.56 15.2579
279.56 15.2812
262.88 15.2812
246.20 15.2812
229.52 15.2812
212.83 15.2812
196.15 15.2812
279.43 15.2991
262.72 15.2991
246.07 15.2991
229.38 15.2991
246.00 15.2468
229.35 15.2468
212.66 15.2468
195.98 15.2468
179.27 15.2468
162.62 15.2468
245.90 15.3157
229.24 15.3157
312.52 15.3472
295.87 15.3472
279.16 15.3472
262.48 15.3472
245.79 15.3472
229.11 15.3472
312.45 15.2511
295.77 15.2511
279.11 15.2511
262.43 15.2511
245.75 15.2511
229.06 15.2511
279.04 15.2685
262.36 15.2685
245.67 15.2685
228.99 15.2685
212.31 15.2685
195.63 15.2685
212.25 15.2494
195.57 15.2494
178.91 15.2494
162.22 15.2494
245.51 15.3322
228.83 15.3322
312.13 15.354
295.42 15.354
278.74 15.354
262.05 15.354
245.37 15.354
228.69 15.354
312.02 15.3068
295.31 15.3068
278.63 15.3068
261.98 15.3068
245.27 15.3068
228.61 15.3068
311.95 15.239
295.26 15.239
278.55 15.239
261.90 15.239
245.22 15.239
228.53 15.239
311.82 15.3155
295.10 15.3155
278.42 15.3155
261.77 15.3155
245.08 15.3155
228.40 15.3155
311.69 15.2886
295.00 15.2886
278.35 15.2886
261.66 15.2886
244.98 15.2886
228.30 15.2886
244.97 15.3809
228.26 15.3809
211.60 15.3809
194.92 15.3809
178.21 15.3809
161.52 15.3809
211.54 15.4072
194.85 15.4072
244.80 15.3629
228.12 15.3629
211.44 15.3629
194.76 15.3629
244.74 15.3909
228.05 15.3909
211.37 15.3909
194.69 15.3909
278.02 15.3448
261.34 15.3448
244.63 15.3448
227.95 15.3448
277.93 15.3053
261.27 15.3053
244.59 15.3053
227.88 15.3053
211.20 15.3053
194.53 15.3053
244.52 15.4021
227.84 15.4021
211.12 15.4021
194.47 15.4021
277.75 15.333
261.07 15.333
244.38 15.333
227.73 15.333
311.01 15.3829
294.33 15.3829
277.65 15.3829
260.96 15.3829
244.30 15.3829
227.62 15.3829
310.91 15.2536
294.23 15.2536
277.57 15.2536
260.89 15.2536
244.18 15.2536
227.52 15.2536
310.80 15.3486
294.09 15.3486
277.42 15.3486
260.75 15.3486
244.05 15.3486
227.37 15.3486
310.67 15.3375
293.99 15.3375
277.30 15.3375
260.65 15.3375
243.94 15.3375
227.28 15.3375
243.95 15.3076
227.27 15.3076
210.58 15.3076
193.90 15.3076
177.19 15.3076
160.54 15.3076
243.85 15.3473
227.17 15.3473
310.48 15.2764
293.78 15.2764
277.12 15.2764
260.43 15.2764
243.75 15.2764
227.05 15.2764
310.35 15.3158
293.67 15.3158
276.99 15.3158
260.33 15.3158
243.65 15.3158
226.95 15.3158
310.24 15.2206
293.53 15.2206
276.88 15.2206
260.19 15.2206
243.49 15.2206
226.80 15.2206
310.11 15.1963
293.43 15.1963
276.75 15.1963
260.06 15.1963
243.41 15.1963
226.70 15.1963
310.06 15.2219
293.38 15.2219
276.69 15.2219
260.01 15.2219
243.30 15.2219
226.62 15.2219
309.95 15.3074
293.27 15.3074
276.59 15.3074
259.91 15.3074
243.22 15.3074
226.54 15.3074
309.83 15.2291
293.14 15.2291
276.46 15.2291
259.78 15.2291
243.12 15.2291
226.44 15.2291
243.08 15.2163
226.37 15.2163
209.72 15.2163
193.03 15.2163
176.33 15.2163
159.67 15.2163
209.62 15.2131
192.97 15.2131
276.25 15.215
259.56 15.215
242.85 15.215
226.16 15.215
309.51 15.2973
292.80 15.2973
276.14 15.2973
259.46 15.2973
242.78 15.2973
226.07 15.2973
309.43 15.2451
292.72 15.2451
276.06 15.2451
259.35 15.2451
242.67 15.2451
225.99 15.2451
309.33 15.2458
292.62 15.2458
275.96 15.2458
259.28 15.2458
242.60 15.2458
225.91 15.2458
309.22 15.3335
292.52 15.3335
275.83 15.3335
259.17 15.3335
242.46 15.3335
225.81 15.3335
309.12 15.2425
292.44 15.2425
275.75 15.2425
259.07 15.2425
242.37 15.2425
225.69 15.2425
308.96 15.2076
292.27 15.2076
275.59 15.2076
258.91 15.2076
242.22 15.2076
225.57 15.2076
308.85 15.3574
292.17 15.3574
275.49 15.3574
258.80 15.3574
242.12 15.3574
225.44 15.3574
275.42 15.3215
258.73 15.3215
242.05 15.3215
225.37 15.3215
208.69 15.3215
192.00 15.3215
275.37 15.3016
258.68 15.3016
242.00 15.3016
225.32 15.3016
308.63 15.3934
291.95 15.3934
275.27 15.3934
258.58 15.3934
241.90 15.3934
225.22 15.3934
308.52 15.3251
291.84 15.3251
275.16 15.3251
258.48 15.3251
241.79 15.3251
225.11 15.3251
308.42 15.4532
291.73 15.4532
275.05 15.4532
258.37 15.4532
241.68 15.4532
225.00 15.4532
241.64 15.3678
224.94 15.3678
208.29 15.3678
191.60 15.3678
174.93 15.3678
158.24 15.3678
241.52 15.3941
224.87 15.3941
308.17 15.3499
291.46 15.3499
274.78 15.3499
258.12 15.3499
241.41 15.3499
224.73 15.3499
308.02 15.3763
291.33 15.3763
274.68 15.3763
257.99 15.3763
241.31 15.3763
224.60 15.3763
307.94 15.2948
291.23 15.2948
274.57 15.2948
257.88 15.2948
241.21 15.2948
224.52 15.2948
307.84 15.3531
291.15 15.3531
274.44 15.3531
257.76 15.3531
241.10 15.3531
224.42 15.3531
307.70 15.2735
291.05 15.2735
274.34 15.2735
257.68 15.2735
241.00 15.2735
224.29 15.2735
307.60 15.3155
290.92 15.3155
274.24 15.3155
257.55 15.3155
240.87 15.3155
224.21 15.3155
274.16 15.2998
257.50 15.2998
240.82 15.2998
224.14 15.2998
207.43 15.2998
190.77 15.2998
274.08 15.4313
257.40 15.4313
240.69 15.4313
224.01 15.4313
307.34 15.571
290.66 15.571
274.00 15.571
257.32 15.571
240.64 15.571
323.95 15.4563
307.27 15.4563
290.58 15.4563
273.90 15.4563
257.19 15.4563
240.51 15.4563
323.82 15.3915
307.16 15.3915
290.48 15.3915
273.79 15.3915
257.11 15.3915
240.40 15.3915
323.74 15.4448
307.03 15.4448
290.37 15.4448
273.69 15.4448
257.00 15.4448
240.30 15.4448
290.28 15.3655
273.56 15.3655
256.91 15.3655
240.20 15.3655
223.52 15.3655
206.86 15.3655
256.82 15.3235
240.13 15.3235
223.45 15.3235
206.77 15.3235
290.10 15.4059
273.42 15.4059
256.71 15.4059
240.03 15.4059
290.00 15.3431
273.32 15.3431
256.63 15.3431
239.96 15.3431
223.30 15.3431
206.59 15.3431
289.96 15.3615
273.25 15.3615
256.59 15.3615
239.88 15.3615
323.16 15.4436
306.48 15.4436
289.80 15.4436
273.14 15.4436
256.46 15.4436
239.77 15.4436
323.06 15.3274
306.40 15.3274
289.70 15.3274
273.01 15.3274
256.32 15.3274
239.67 15.3274
289.65 15.4385
272.96 15.4385
256.28 15.4385
239.57 15.4385
222.91 15.4385
206.20 15.4385
222.85 15.3583
206.19 15.3583
222.84 15.4245
206.16 15.4245
189.48 15.4245
172.79 15.4245
256.07 15.4176
239.42 15.4176
322.70 15.4093
306.02 15.4093
289.37 15.4093
272.68 15.4093
256.00 15.4093
239.29 15.4093
322.63 15.715
305.98 15.715
289.29 15.715
272.61 15.715
255.91 15.715
239.24 15.715
322.53 15.5554
305.84 15.5554
289.14 15.5554
272.48 15.5554
255.79 15.5554
239.11 15.5554
322.45 15.6207
305.76 15.6207
289.08 15.6207
272.40 15.6207
255.69 15.6207
239.03 15.6207
322.34 15.5226
305.65 15.5226
288.95 15.5226
272.26 15.5226
255.60 15.5226
238.90 15.5226
322.18 15.6307
305.52 15.6307
288.81 15.6307
272.13 15.6307
255.48 15.6307
238.79 15.6307
322.07 15.7135
305.42 15.7135
288.71 15.7135
272.05 15.7135
255.34 15.7135
238.69 15.7135
255.31 15.5473
238.65 15.5473
221.94 15.5473
205.29 15.5473
188.61 15.5473
171.90 15.5473
221.90 15.6434
205.20 15.6434
288.51 15.7181
271.82 15.7181
255.13 15.7181
238.45 15.7181
321.79 15.6984
305.08 15.6984
288.39 15.6984
271.74 15.6984
255.03 15.6984
238.37 15.6984
321.68 15.6045
305.00 15.6045
288.32 15.6045
271.64 15.6045
254.96 15.6045
238.27 15.6045
321.58 15.5466
304.87 15.5466
288.18 15.5466
271.50 15.5466
254.82 15.5466
238.14 15.5466
321.45 15.723
304.76 15.723
288.11 15.723
271.43 15.723
254.74 15.723
238.03 15.723
321.37 15.7464
304.67 15.7464
287.98 15.7464
271.32 15.7464
254.64 15.7464
237.93 15.7464
321.24 15.6755
304.55 15.6755
287.90 15.6755
271.21 15.6755
254.50 15.6755
237.85 15.6755
321.14 15.6691
304.45 15.6691
287.76 15.6691
271.08 15.6691
254.42 15.6691
237.72 15.6691
287.73 15.6393
271.02 15.6393
254.34 15.6393
237.67 15.6393
220.96 15.6393
204.28 15.6393
220.96 15.7337
204.24 15.7337
187.59 15.7337
170.88 15.7337
220.86 15.607
204.18 15.607
287.51 15.7816
270.83 15.7816
254.17 15.7816
237.49 15.7816
320.80 15.7498
304.12 15.7498
287.43 15.7498
270.75 15.7498
254.04 15.7498
237.39 15.7498
287.36 15.6706
270.68 15.6706
253.97 15.6706
237.29 15.6706
220.63 15.6706
203.95 15.6706
287.24 15.5478
270.56 15.5478
253.85 15.5478
237.19 15.5478
287.19 15.6107
270.51 15.6107
253.80 15.6107
237.12 15.6107
220.46 15.6107
203.75 15.6107
253.70 15.6881
237.02 15.6881
220.34 15.6881
203.65 15.6881
253.66 15.6367
236.95 15.6367
220.27 15.6367
203.58 15.6367
286.95 15.5388
270.23 15.5388
253.58 15.5388
236.87 15.5388
253.52 15.5586
236.84 15.5586
220.13 15.5586
203.47 15.5586
186.76 15.5586
170.10 15.5586
186.72 15.5196
170.06 15.5196
253.38 15.5036
236.70 15.5036
320.03 15.4444
303.35 15.4444
286.67 15.4444
269.98 15.4444
253.30 15.4444
236.62 15.4444
286.57 15.5957
269.88 15.5957
253.23 15.5957
236.54 15.5957
219.86 15.5957
203.18 15.5957
186.50 15.5957
169.78 15.5957
219.79 15.6204
203.11 15.6204
286.39 15.5332
269.71 15.5332
253.03 15.5332
236.32 15.5332
286.32 15.5645
269.65 15.5645
252.98 15.5645
236.30 15.5645
219.59 15.5645
202.91 15.5645
286.22 15.5097
269.54 15.5097
252.85 15.5097
236.20 15.5097
319.51 15.4637
302.82 15.4637
286.14 15.4637
269.45 15.4637
252.78 15.4637
236.09 15.4637
319.38 15.5881
302.69 15.5881
286.01 15.5881
269.33 15.5881
252.65 15.5881
235.94 15.5881
319.27 15.5107
302.59 15.5107
285.91 15.5107
269.23 15.5107
252.54 15.5107
235.83 15.5107
252.48 15.5792
235.82 15.5792
219.11 15.5792
202.46 15.5792
185.78 15.5792
169.07 15.5792
252.43 15.4903
235.74 15.4903
252.34 15.5126
235.68 15.5126
219.00 15.5126
202.31 15.5126
185.63 15.5126
168.95 15.5126
252.22 15.4923
235.57 15.4923
318.92 15.5467
302.23 15.5467
285.55 15.5467
268.87 15.5467
252.18 15.5467
235.48 15.5467
318.81 15.5857
302.09 15.5857
285.42 15.5857
268.74 15.5857
252.05 15.5857
235.40 15.5857
318.68 15.537
301.96 15.537
285.28 15.537
268.59 15.537
251.94 15.537
235.26 15.537
285.22 15.4962
268.52 15.4962
251.85 15.4962
235.19 15.4962
218.51 15.4962
201.83 15.4962
218.50 15.4846
201.82 15.4846
185.14 15.4846
168.43 15.4846
218.40 15.4944
201.74 15.4944
285.03 15.499
268.35 15.499
251.64 15.499
234.95 15.499
318.26 15.6613
301.61 15.6613
284.93 15.6613
268.24 15.6613
251.56 15.6613
234.87 15.6613
318.22 15.6654
301.50 15.6654
284.81 15.6654
268.16 15.6654
251.46 15.6654
234.77 15.6654
318.08 15.6056
301.41 15.6056
284.70 15.6056
268.01 15.6056
251.35 15.6056
234.67 15.6056
284.65 15.584
267.96 15.584
251.28 15.584
234.60 15.584
217.91 15.584
201.23 15.584
317.86 15.554
301.19 15.554
351.17 15.5953
334.49 15.5953
317.81 15.5953
301.10 15.5953
284.41 15.5953
267.73 15.5953
251.05 15.5953
234.39 15.5953
217.70 15.5953
201.00 15.5953
250.96 15.6194
234.27 15.6194
217.60 15.6194
200.95 15.6194
284.25 15.4822
267.57 15.4822
250.89 15.4822
234.23 15.4822
317.52 15.567
300.81 15.567
284.13 15.567
267.45 15.567
250.79 15.567
234.08 15.567
284.11 15.4147
267.43 15.4147
250.75 15.4147
234.04 15.4147
217.38 15.4147
200.70 15.4147
283.98 15.3667
267.30 15.3667
250.61 15.3667
233.94 15.3667
317.23 15.4378
300.54 15.4378
283.88 15.4378
267.16 15.4378
250.48 15.4378
233.83 15.4378
283.82 15.3084
267.17 15.3084
250.48 15.3084
233.80 15.3084
217.09 15.3084
200.43 15.3084
250.34 15.1583
233.69 15.1583
216.98 15.1583
200.32 15.1583
250.30 15.2783
233.59 15.2783
216.93 15.2783
200.25 15.2783
216.90 15.278
200.19 15.278
283.51 15.4053
266.84 15.4053
250.14 15.4053
233.45 15.4053
283.46 15.1612
266.77 15.1612
250.09 15.1612
233.40 15.1612
216.72 15.1612
200.04 15.1612
216.66 15.4807
200.00 15.4807
283.34 15.4943
266.66 15.4943
249.98 15.4943
233.30 15.4943
283.22 15.4146
266.55 15.4146
249.88 15.4146
233.20 15.4146
216.52 15.4146
199.83 15.4146
283.14 15.3585
266.46 15.3585
249.78 15.3585
233.10 15.3585
283.10 15.3759
266.42 15.3759
249.73 15.3759
233.05 15.3759
216.34 15.3759
199.66 15.3759
216.30 15.3848
199.62 15.3848
182.97 15.3848
166.28 15.3848
182.91 15.3775
166.22 15.3775
216.20 15.5119
199.52 15.5119
216.16 15.5453
199.51 15.5453
249.47 15.5119
232.78 15.5119
216.07 15.5119
199.39 15.5119
216.03 15.4369
199.37 15.4369
182.66 15.4369
165.98 15.4369
249.29 15.4351
232.64 15.4351
282.62 15.4948
265.93 15.4948
249.25 15.4948
232.57 15.4948
215.89 15.4948
199.17 15.4948
215.85 15.3939
199.14 15.3939
215.82 15.4498
199.10 15.4498
182.43 15.4498
165.77 15.4498
249.10 15.495
232.39 15.495
282.34 15.5722
265.69 15.5722
249.00 15.5722
232.32 15.5722
215.64 15.5722
198.96 15.5722
248.94 15.619
232.26 15.619
215.57 15.619
198.89 15.619
215.54 15.6374
198.85 15.6374
182.17 15.6374
165.49 15.6374
215.47 15.6443
198.78 15.6443
215.43 15.6101
198.75 15.6101
182.04 15.6101
165.35 15.6101
182.00 15.6025
165.35 15.6025
248.66 15.6176
231.97 15.6176
315.29 15.5246
298.60 15.5246
281.92 15.5246
265.24 15.5246
248.55 15.5246
231.87 15.5246
315.19 15.6845
298.50 15.6845
281.82 15.6845
265.14 15.6845
248.45 15.6845
231.77 15.6845
315.08 15.5688
298.39 15.5688
281.71 15.5688
265.03 15.5688
248.34 15.5688
231.66 15.5688
314.97 15.4816
298.29 15.4816
281.61 15.4816
264.92 15.4816
248.24 15.4816
231.56 15.4816
381.53 15.3878
364.85 15.3878
348.16 15.3878
331.48 15.3878
414.79 15.3407
398.10 15.3407
448.08 15.3591
431.40 15.3591
581.38 15.2846
564.69 15.2846
548.01 15.2846
531.33 15.2846
514.64 15.2846
497.96 15.2846
581.27 15.4792
564.59 15.4792
547.90 15.4792
531.22 15.4792
514.54 15.4792
497.85 15.4792
514.50 15.4351
497.82 15.4351
581.13 15.3737
564.45 15.3737
614.46 15.3362
597.78 15.3362
647.75 15.379
631.06 15.379
647.71 15.3647
631.03 15.3647
647.67 15.3651
630.99 15.3651
647.59 15.3292
630.93 15.3292
647.58 15.2883
630.90 15.2883
647.55 15.3056
630.86 15.3056
680.84 15.296
664.16 15.296
680.81 15.2696
664.12 15.2696
680.77 15.2861
664.09 15.2861
680.74 15.4116
664.06 15.4116
714.06 15.3516
697.37 15.3516
714.03 15.4245
697.35 15.4245
747.32 15.4143
730.61 15.4143
747.29 15.3904
730.61 15.3904
713.91 15.3904
697.24 15.3904
713.85 15.3957
697.18 15.3957
713.85 15.3447
697.17 15.3447
747.12 15.3577
730.44 15.3577
813.75 15.3505
797.06 15.3505
780.35 15.3505
763.70 15.3505
847.03 15.3602
830.33 15.3602
813.64 15.3602
796.99 15.3602
780.30 15.3602
763.62 15.3602
846.93 15.4891
830.25 15.4891
813.56 15.4891
796.88 15.4891
780.20 15.4891
763.51 15.4891
846.80 15.4395
830.12 15.4395
813.43 15.4395
796.75 15.4395
780.04 15.4395
763.38 15.4395
813.39 15.3659
796.71 15.3659
780.02 15.3659
763.34 15.3659
746.65 15.3659
729.97 15.3659
746.61 15.3578
729.94 15.3578
713.23 15.3578
696.55 15.3578
679.89 15.3578
663.21 15.3578
646.50 15.3578
629.82 15.3578
713.12 15.3048
696.44 15.3048
679.76 15.3048
663.10 15.3048
746.37 15.2292
729.68 15.2292
713.00 15.2292
696.34 15.2292
679.63 15.2292
662.97 15.2292
679.59 15.3481
662.91 15.3481
646.23 15.3481
629.57 15.3481
612.86 15.3481
596.20 15.3481
612.85 15.3194
596.17 15.3194
579.49 15.3194
562.80 15.3194
579.48 15.285
562.77 15.285
546.09 15.285
529.40 15.285
512.74 15.285
496.06 15.285
546.01 15.3076
529.33 15.3076
612.67 15.2956
595.98 15.2956
579.28 15.2956
562.62 15.2956
545.94 15.2956
529.25 15.2956
545.88 15.3788
529.19 15.3788
512.51 15.3788
495.80 15.3788
479.14 15.3788
462.46 15.3788
479.11 15.3675
462.42 15.3675
545.76 15.3018
529.08 15.3018
512.39 15.3018
495.71 15.3018
479.03 15.3018
462.34 15.3018
445.66 15.3018
428.98 15.3018
512.26 15.3136
495.58 15.3136
478.87 15.3136
462.21 15.3136
445.53 15.3136
428.85 15.3136
478.83 15.3159
462.11 15.3159
512.12 15.2913
495.44 15.2913
478.75 15.2913
462.07 15.2913
478.72 15.302
462.01 15.302
478.71 15.1667
462.01 15.1667
511.98 15.2855
495.28 15.2855
545.28 15.2124
528.62 15.2124
511.94 15.2124
495.25 15.2124
478.57 15.2124
461.87 15.2124
511.81 15.2716
495.16 15.2716
511.78 15.2692
495.12 15.2692
478.44 15.2692
461.76 15.2692
511.74 15.2429
495.06 15.2429
511.71 15.2249
495.02 15.2249
478.34 15.2249
461.63 15.2249
511.64 15.2371
494.94 15.2371
511.63 15.1201
494.94 15.1201
478.26 15.1201
461.58 15.1201
478.20 15.2451
461.55 15.2451
444.86 15.2451
428.18 15.2451
411.47 15.2451
394.81 15.2451
411.44 15.3243
394.75 15.3243
378.09 15.3243
361.41 15.3243
378.03 15.3173
361.38 15.3173
344.69 15.3173
327.98 15.3173
411.29 15.3487
394.61 15.3487
477.92 15.3004
461.21 15.3004
444.48 15.3004
427.87 15.3004
411.19 15.3004
394.50 15.3004
477.82 15.3052
461.16 15.3052
444.45 15.3052
427.80 15.3052
411.09 15.3052
394.43 15.3052
477.74 15.2677
461.05 15.2677
444.37 15.2677
427.66 15.2677
411.00 15.2677
394.29 15.2677
410.97 15.344
394.29 15.344
377.61 15.344
360.92 15.344
344.24 15.344
327.56 15.344
377.51 15.3812
360.82 15.3812
377.47 15.2461
360.79 15.2461
344.10 15.2461
327.42 15.2461
310.71 15.2461
294.03 15.2461
277.35 15.2461
260.66 15.2461
310.69 15.2348
294.01 15.2348
277.33 15.2348
260.64 15.2348
277.26 15.1014
260.55 15.1014
243.90 15.1014
227.18 15.1014
277.20 15.2345
260.55 15.2345
343.85 15.1195
327.17 15.1195
310.46 15.1195
293.80 15.1195
277.09 15.1195
260.44 15.1195
310.37 14.9169
293.68 14.9169
277.02 14.9169
260.34 14.9169
276.99 14.754
260.34 14.754
243.63 14.754
226.94 14.754
310.27 14.8498
293.59 14.8498
343.57 14.738
326.86 14.738
310.20 14.738
293.52 14.738
276.84 14.738
260.16 14.738
276.75 14.7998
260.10 14.7998
243.39 14.7998
226.73 14.7998
243.35 14.9486
226.69 14.9486
276.67 14.9841
259.96 14.9841
343.28 14.9269
326.59 14.9269
309.93 14.9269
293.25 14.9269
376.56 14.9259
359.88 14.9259
343.19 14.9259
326.48 14.9259
309.80 14.9259
293.14 14.9259
343.12 14.856
326.44 14.856
309.79 14.856
293.10 14.856
276.39 14.856
259.71 14.856
276.37 14.9444
259.71 14.9444
243.00 14.9444
226.34 14.9444
242.98 14.9597
226.30 14.9597
276.25 14.8672
259.56 14.8672
276.19 14.9069
259.50 14.9069
242.85 14.9069
226.17 14.9069
276.15 14.8237
259.50 14.8237
276.14 14.828
259.43 14.828
309.44 14.8858
292.73 14.8858
276.05 14.8858
259.36 14.8858
275.98 14.8385
259.32 14.8385
242.62 14.8385
225.96 14.8385
242.61 14.8681
225.95 14.8681
242.57 14.8285
225.92 14.8285
275.89 14.8213
259.21 14.8213
275.86 14.8039
259.18 14.8039
275.80 14.7783
259.10 14.7783
275.79 14.751
259.08 14.751
275.70 14.8416
259.02 14.8416
342.36 15.0053
325.67 15.0053
342.30 14.9345
325.64 14.9345
342.26 14.9483
325.60 14.9483
342.25 15.0457
325.54 15.0457
342.19 14.9254
325.51 14.9254
708.80 15.0538
692.12 15.0538
808.81 15.2845
792.13 15.2845
775.42 15.2845
758.73 15.2845
742.05 15.2845
725.36 15.2845
708.68 15.2845
692.02 15.2845
675.34 15.2845
658.66 15.2845
641.98 15.2845
625.27 15.2845
941.87 15.1768
925.22 15.1768
941.86 15.2752
925.18 15.2752
941.85 15.1811
925.17 15.1811
941.82 15.2703
925.14 15.2703
941.78 15.2682
925.08 15.2682
1275.03 15.1667
1258.35 15.1667
1308.33 15.2839
1291.67 15.2839
1341.62 15.1732
1324.97 15.1732
1308.28 15.1732
1291.58 15.1732
1308.20 15.2305
1291.51 15.2305
1341.51 15.2621
1324.84 15.2621
1308.15 15.2621
1291.47 15.2621
1341.45 15.243
1324.77 15.243
1308.11 15.243
1291.43 15.243
1374.71 15.2562
1358.03 15.2562
1341.32 15.2562
1324.67 15.2562
1407.94 15.1613
1391.29 15.1613
1374.61 15.1613
1357.89 15.1613
1341.24 15.1613
1324.56 15.1613
1407.89 15.2757
1391.21 15.2757
1374.53 15.2757
1357.84 15.2757
1341.16 15.2757
1324.45 15.2757
1341.11 15.2651
1324.44 15.2651
1307.74 15.2651
1291.08 15.2651
1274.37 15.2651
1257.71 15.2651
1274.36 15.3623
1257.65 15.3623
1274.33 15.2843
1257.64 15.2843
1307.60 15.326
1290.94 15.326
1340.89 15.3058
1324.24 15.3058
1307.53 15.3058
1290.84 15.3058
1307.46 15.3198
1290.81 15.3198
1374.14 15.4237
1357.43 15.4237
1340.75 15.4237
1324.07 15.4237
1374.05 15.3346
1357.36 15.3346
1340.68 15.3346
1324.00 15.3346
1307.31 15.3346
1290.66 15.3346
1307.26 15.417
1290.57 15.417
1373.88 15.5172
1357.22 15.5172
1340.54 15.5172
1323.83 15.5172
1407.14 15.4923
1390.46 15.4923
1373.78 15.4923
1357.09 15.4923
1340.41 15.4923
1323.74 15.4923
1373.73 15.4521
1357.08 15.4521
1340.37 15.4521
1323.71 15.4521
1307.03 15.4521
1290.35 15.4521
1373.60 15.4284
1356.92 15.4284
1340.24 15.4284
1323.55 15.4284
1406.89 15.5465
1390.20 15.5465
1373.52 15.5465
1356.84 15.5465
1340.15 15.5465
1323.47 15.5465
1406.78 15.448
1390.07 15.448
1373.39 15.448
1356.71 15.448
1340.05 15.448
1323.37 15.448
1406.65 14.5006
1389.97 14.5006
1373.29 14.5006
1356.61 14.5006
1339.91 14.5006
1323.26 14.5006
1339.91 14.122
1323.26 14.122
1306.55 14.122
1289.89 14.122
1339.84 13.9602
1323.18 13.9602
1306.47 13.9602
1289.82 13.9602
1306.47 13.9178
1289.79 13.9178
1273.10 13.9178
1256.39 13.9178
1273.04 13.9604
1256.35 13.9604
1306.31 13.9664
1289.65 13.9664
1306.27 14.0567
1289.62 14.0567
1272.91 14.0567
1256.22 14.0567
1306.20 14.7362
1289.52 14.7362
1339.53 14.7314
1322.82 14.7314
1306.16 14.7314
1289.45 14.7314
1339.49 14.7985
1322.78 14.7985
1306.09 14.7985
1289.41 14.7985
1339.36 14.7453
1322.70 14.7453
1305.99 14.7453
1322.67 14.6749
1305.99 14.6749
1289.31 14.6749
1272.62 14.6749
1289.27 14.6952
1272.56 14.6952
1289.23 14.6724
1272.53 14.6724
1322.53 14.7754
1305.88 14.7754
1355.86 14.8421
1339.14 14.8421
1322.46 14.8421
1305.81 14.8421
1355.73 14.7716
1339.04 14.7716
1322.36 14.7716
1305.68 14.7716
1288.99 14.7716
1272.34 14.7716
1288.99 14.8436
1272.30 14.8436
1322.31 14.9454
1305.59 14.9454
1355.55 15.0645
1338.87 15.0645
1322.21 15.0645
1305.50 15.0645
1288.82 15.0645
1272.14 15.0645
1322.14 14.9667
1305.49 14.9667
1288.80 14.9667
1272.12 14.9667
1255.41 14.9667
1238.72 14.9667
1222.05 14.9667
1205.39 14.9667
1188.68 14.9667
1172.02 14.9667
1221.95 14.7869
1205.27 14.7869
1188.61 14.7869
1171.90 14.7869
1155.24 14.7869
1138.53 14.7869
1121.88 14.7869
1105.17 14.7869
1088.51 14.7869
1071.80 14.7869
1088.48 14.6514
1071.77 14.6514
1055.09 14.6514
1038.43 14.6514
1021.72 14.6514
1005.03 14.6514
988.38 14.6514
971.70 14.6514
1021.65 14.8467
1004.96 14.8467
988.28 14.8467
971.60 14.8467
954.91 14.8467
938.26 14.8467
921.58 14.8467
904.87 14.8467
888.21 14.8467
871.50 14.8467
921.53 14.7518
904.82 14.7518
888.17 14.7518
871.49 14.7518
854.80 14.7518
838.09 14.7518
821.44 14.7518
804.75 14.7518
788.04 14.7518
771.36 14.7518
754.71 14.7518
738.02 14.7518
787.94 14.734
771.26 14.734
754.61 14.734
737.92 14.734
721.24 14.734
704.55 14.734
754.52 14.755
737.86 14.755
721.18 14.755
704.49 14.755
687.81 14.755
671.11 14.755
687.77 14.2793
671.06 14.2793
654.41 14.2793
637.69 14.2793
654.34 14.1599
637.69 14.1599
654.36 14.0717
637.67 14.0717
687.63 14.0867
670.95 14.0867
720.93 13.9765
704.24 13.9765
687.53 13.9765
670.88 13.9765
654.17 13.9765
637.51 13.9765
687.53 13.8354
670.84 13.8354
654.16 13.8354
637.48 13.8354
654.09 13.9392
637.38 13.9392
687.38 13.9465
670.68 13.9465
653.99 13.9465
637.34 13.9465
687.32 13.9276
670.63 13.9276
653.92 13.9276
637.27 13.9276
687.22 13.9047
670.56 13.9047
653.85 13.9047
637.20 13.9047
687.18 13.8492
670.47 13.8492
653.78 13.8492
637.13 13.8492
653.78 13.8417
637.09 13.8417
687.08 13.8534
670.37 13.8534
653.71 13.8534
637.03 13.8534
687.02 13.868
670.34 13.868
653.65 13.868
636.97 13.868
686.93 13.9354
670.25 13.9354
653.53 13.9354
636.88 13.9354
686.83 13.8821
670.18 13.8821
653.47 13.8821
636.81 13.8821
653.43 13.8369
636.77 13.8369
686.72 13.822
670.04 13.822
653.39 13.822
636.68 13.822
653.38 13.8621
636.70 13.8621
619.99 13.8621
603.30 13.8621
619.98 13.8449
603.30 13.8449
653.27 13.8466
636.59 13.8466
619.88 13.8466
603.23 13.8466
653.19 13.8972
636.50 13.8972
653.13 13.8797
636.47 13.8797
686.47 13.9717
669.78 13.9717
653.10 13.9717
636.42 13.9717
686.40 14.1909
669.69 14.1909
653.03 14.1909
636.32 14.1909
686.30 14.265
669.59 14.265
652.93 14.265
636.23 14.265
652.88 14.0884
636.20 14.0884
686.17 14.0773
669.51 14.0773
652.83 14.0773
636.15 14.0773
686.13 14.0067
669.44 14.0067
652.76 14.0067
636.08 14.0067
686.09 13.9719
669.40 13.9719
652.72 13.9719
636.04 13.9719
685.99 13.8298
669.30 13.8298
652.62 13.8298
635.91 13.8298
619.25 13.8298
602.57 13.8298
652.58 13.9286
635.87 13.9286
652.54 13.9269
635.83 13.9269
685.84 13.9746
669.15 13.9746
652.45 13.9746
635.78 13.9746
685.71 14.0084
669.06 14.0084
652.38 14.0084
635.69 14.0084
685.64 14.0424
668.96 14.0424
652.28 14.0424
635.62 14.0424
652.30 14.0637
635.61 14.0637
618.90 14.0637
602.25 14.0637
618.84 14.0431
602.19 14.0431
618.86 14.0843
602.18 14.0843
618.80 14.0678
602.09 14.0678
618.74 14.0457
602.06 14.0457
618.70 14.118
602.05 14.118
685.36 14.1961
668.67 14.1961
651.99 14.1961
635.31 14.1961
685.26 14.201
668.58 14.201
651.92 14.201
635.24 14.201
651.89 14.201
635.21 14.201
618.52 14.201
601.84 14.201
651.81 14.1525
635.11 14.1525
618.45 14.1525
601.76 14.1525
618.42 14.0946
601.74 14.0946
618.38 14.0761
601.67 14.0761
651.65 14.0871
634.99 14.0871
684.97 14.0498
668.28 14.0498
651.58 14.0498
634.92 14.0498
651.55 14.0263
634.86 14.0263
618.18 14.0263
601.53 14.0263
618.17 14.0819
601.49 14.0819
618.13 14.0856
601.48 14.0856
618.08 14.1358
601.39 14.1358
618.04 14.1306
601.35 14.1306
651.37 14.0894
634.68 14.0894
684.63 14.0245
667.97 14.0245
651.27 14.0245
634.58 14.0245
651.26 13.9851
634.58 13.9851
617.89 13.9851
601.24 13.9851
651.19 13.9536
634.48 13.9536
617.80 13.9536
601.12 13.9536
617.79 13.9696
601.10 13.9696
617.75 13.9766
601.07 13.9766
651.05 14.0088
634.37 14.0088
684.37 14.1417
667.66 14.1417
650.98 14.1417
634.30 14.1417
650.94 14.2449
634.28 14.2449
617.60 14.2449
600.89 14.2449
617.54 14.2187
600.86 14.2187
617.48 14.264
600.82 14.264
617.50 14.2882
600.82 14.2882
617.44 14.2403
600.78 14.2403
650.73 14.2218
634.05 14.2218
684.03 14.2631
667.35 14.2631
650.66 14.2631
633.98 14.2631
650.63 14.2696
633.95 14.2696
617.27 14.2696
600.61 14.2696
617.26 14.2584
600.57 14.2584
650.55 14.2718
633.84 14.2718
650.49 14.1707
633.80 14.1707
617.12 14.1707
600.44 14.1707
650.45 14.2982
633.75 14.2982
650.41 14.3247
633.73 14.3247
617.04 14.3247
600.36 14.3247
617.01 14.3039
600.32 14.3039
616.95 14.3331
600.26 14.3331
650.23 14.3951
633.54 14.3951
616.85 14.3951
600.17 14.3951
616.82 14.4096
600.13 14.4096
616.78 14.4145
600.10 14.4145
650.08 14.4106
633.42 14.4106
683.38 14.4204
666.69 14.4204
650.04 14.4204
633.36 14.4204
683.36 14.4005
666.68 14.4005
650.00 14.4005
633.31 14.4005
683.28 14.3922
666.58 14.3922
683.23 14.4719
666.55 14.4719
716.52 14.5489
699.84 14.5489
716.48 14.5592
699.80 14.5592
716.48 14.5168
699.76 14.5168
749.72 14.5827
733.07 14.5827
783.04 14.5262
766.36 14.5262
816.34 14.5559
799.62 14.5559
849.63 14.5418
832.95 14.5418
849.63 14.5731
832.92 14.5731
882.89 14.5508
866.24 14.5508
849.56 14.5508
832.87 14.5508
916.18 14.5523
899.51 14.5523
982.81 14.5636
966.13 14.5636
1049.41 14.6318
1032.73 14.6318
1016.04 14.6318
999.36 14.6318
1382.65 14.6976
1365.97 14.6976
1415.94 14.708
1399.26 14.708
1449.27 14.6686
1432.59 14.6686
1415.90 14.6686
1399.19 14.6686
1415.84 14.6451
1399.13 14.6451
1449.14 14.3949
1432.42 14.3949
1415.77 14.3949
1399.06 14.3949
1382.41 14.3949
1365.70 14.3949
1349.04 14.3949
1332.36 14.3949
1382.34 14.1848
1365.68 14.1848
1349.00 14.1848
1332.32 14.1848
1315.64 14.1848
1298.93 14.1848
1282.27 14.1848
1265.59 14.1848
1315.51 14.1413
1298.83 14.1413
1348.84 14.1207
1332.15 14.1207
1315.50 14.1207
1298.81 14.1207
1282.13 14.1207
1265.45 14.1207
1248.77 14.1207
1232.08 14.1207
1248.73 13.9325
1232.04 13.9325
1215.36 13.9325
1198.65 13.9325
1181.96 13.9325
1165.29 13.9325
1148.63 13.9325
1131.91 13.9325
1148.57 13.9072
1131.88 13.9072
1115.20 13.9072
1098.54 13.9072
1081.86 13.9072
1065.14 13.9072
1081.77 13.908
1065.11 13.908
1048.40 13.908
1031.74 13.908
1015.06 13.908
998.38 13.908
1048.36 13.8911
1031.68 13.8911
1015.00 13.8911
998.28 13.8911
981.61 13.8911
964.92 13.8911
948.26 13.8911
931.58 13.8911
948.20 13.8924
931.55 13.8924
914.84 13.8924
898.15 13.8924
881.50 13.8924
864.78 13.8924
881.47 13.8913
864.75 13.8913
914.73 13.8964
898.07 13.8964
914.72 13.844
898.04 13.844
881.36 13.844
864.64 13.844
847.99 13.844
831.31 13.844
814.63 13.844
797.94 13.844
847.92 13.8135
831.24 13.8135
814.52 13.8135
797.87 13.8135
781.19 13.8135
764.51 13.8135
781.15 13.7643
764.47 13.7643
781.12 13.8251
764.41 13.8251
814.42 13.8282
797.73 13.8282
847.74 13.7976
831.03 13.7976
814.37 13.7976
797.66 13.7976
814.31 13.7891
797.60 13.7891
780.92 13.7891
764.26 13.7891
814.21 13.7725
797.56 13.7725
780.85 13.7725
764.19 13.7725
780.84 13.7386
764.16 13.7386
847.47 13.7085
830.81 13.7085
814.10 13.7085
797.42 13.7085
847.38 13.7572
830.69 13.7572
814.03 13.7572
797.32 13.7572
814.02 13.7394
797.31 13.7394
780.65 13.7394
763.97 13.7394
780.57 13.7875
763.91 13.7875
780.56 13.7778
763.88 13.7778
780.55 13.7701
763.87 13.7701
780.49 13.7622
763.81 13.7622
813.79 13.7618
797.10 13.7618
847.11 13.7385
830.43 13.7385
813.75 13.7385
797.06 13.7385
813.68 13.7694
797.00 13.7694
780.32 13.7694
763.63 13.7694
780.31 13.7772
763.62 13.7772
780.25 13.7317
763.56 13.7317
780.21 13.7513
763.53 13.7513
813.51 13.8526
796.83 13.8526
780.14 13.8526
763.46 13.8526
780.13 13.7895
763.42 13.7895
813.40 13.4533
796.72 13.4533
813.37 13.8584
796.68 13.8584
780.00 13.8584
763.32 13.8584
779.96 13.1024
763.28 13.1024
779.93 13.0702
763.22 13.0702
779.90 12.4875
763.24 12.4875
779.87 11.9098
763.18 11.9098
813.13 12.478
796.48 12.478
846.45 11.9314
829.77 11.9314
813.09 11.9314
796.40 11.9314
846.38 11.8033
829.70 11.8033
812.99 11.8033
796.33 11.8033
812.96 11.8885
796.30 11.8885
779.62 11.8885
762.90 11.8885
779.58 11.8461
762.90 11.8461
779.55 11.8675
762.86 11.8675
779.51 11.8243
762.83 11.8243
779.45 11.7766
762.79 11.7766
779.44 11.7613
762.76 11.7613
779.41 11.7189
762.72 11.7189
812.67 11.6658
796.02 11.6658
812.67 11.7269
795.98 11.7269
779.27 11.7269
762.62 11.7269
779.26 11.6401
762.58 11.6401
779.23 11.6263
762.51 11.6263
812.53 11.6671
795.84 11.6671
779.16 11.6671
762.48 11.6671
812.46 11.8007
795.77 11.8007
779.09 11.8007
762.41 11.8007
745.72 11.8007
729.04 11.8007
745.69 11.8248
729.01 11.8248
778.99 11.8243
762.30 11.8243
812.28 11.7745
795.60 11.7745
778.92 11.7745
762.23 11.7745
812.24 11.7863
795.56 11.7863
778.88 11.7863
762.19 11.7863
812.14 11.7978
795.46 11.7978
778.78 11.7978
762.09 11.7978
778.77 11.7442
762.09 11.7442
745.40 11.7442
728.72 11.7442
778.70 11.7556
762.01 11.7556
812.00 11.7443
795.32 11.7443
778.64 11.7443
761.96 11.7443
811.90 11.8418
795.21 11.8418
778.50 11.8418
761.85 11.8418
811.83 11.8919
795.14 11.8919
778.46 11.8919
761.75 11.8919
778.42 11.8654
761.74 11.8654
745.06 11.8654
728.38 11.8654
778.39 11.9119
761.70 11.9119
811.65 11.9096
794.97 11.9096
778.29 11.9096
761.61 11.9096
811.59 11.9763
794.90 11.9763
778.22 11.9763
761.53 11.9763
811.54 11.8765
794.86 11.8765
778.18 11.8765
761.49 11.8765
778.11 11.9305
761.43 11.9305
744.75 11.9305
728.06 11.9305
778.04 11.9755
761.36 11.9755
811.34 12.0799
794.65 12.0799
777.97 12.0799
761.26 12.0799
811.26 12.1504
794.61 12.1504
777.93 12.1504
761.25 12.1504
811.17 12.0968
794.51 12.0968
777.80 12.0968
761.12 12.0968
777.79 12.0817
761.11 12.0817
744.45 12.0817
727.77 12.0817
777.75 12.0615
761.07 12.0615
811.05 12.075
794.36 12.075
777.68 12.075
761.00 12.075
810.96 12.0866
794.27 12.0866
777.59 12.0866
760.91 12.0866
810.88 12.1266
794.17 12.1266
777.52 12.1266
760.84 12.1266
777.48 12.1419
760.77 12.1419
744.12 12.1419
727.43 12.1419
777.41 12.0791
760.73 12.0791
810.68 12.1569
794.00 12.1569
777.34 12.1569
760.66 12.1569
810.61 12.0991
793.93 12.0991
777.24 12.0991
760.57 12.0991
810.57 12.1957
793.89 12.1957
777.21 12.1957
760.52 12.1957
743.84 12.1957
727.15 12.1957
710.47 12.1957
693.79 12.1957
677.11 12.1957
660.42 12.1957
643.74 12.1957
627.06 12.1957
643.71 12.0229
627.02 12.0229
610.34 12.0229
593.66 12.0229
576.95 12.0229
560.29 12.0229
543.61 12.0229
526.89 12.0229
510.22 12.0229
493.53 12.0229
510.20 12.0925
493.52 12.0925
476.83 12.0925
460.18 12.0925
443.50 12.0925
426.79 12.0925
443.44 12.2788
426.75 12.2788
410.05 12.2788
393.39 12.2788
376.71 12.2788
360.02 12.2788
376.67 12.3241
359.99 12.3241
376.64 12.179
359.95 12.179
343.27 12.179
326.59 12.179
309.90 12.179
293.22 12.179
276.54 12.179
259.86 12.179
309.86 12.1323
293.18 12.1323
276.49 12.1323
259.81 12.1323
243.13 12.1323
226.45 12.1323
276.40 12.0899
259.72 12.0899
243.03 12.0899
226.35 12.0899
209.67 12.0899
192.99 12.0899
209.63 12.2602
192.92 12.2602
242.93 12.2948
226.24 12.2948
242.89 12.2994
226.21 12.2994
209.53 12.2994
192.84 12.2994
209.46 12.2541
192.78 12.2541
242.79 12.208
226.10 12.208
276.05 12.307
259.38 12.307
242.69 12.307
226.03 12.307
242.68 12.2852
226.00 12.2852
275.98 12.3475
259.30 12.3475
242.62 12.3475
225.91 12.3475
275.88 12.382
259.21 12.382
242.54 12.382
225.86 12.382
275.87 12.2753
259.19 12.2753
242.48 12.2753
225.79 12.2753
275.77 12.3355
259.09 12.3355
242.38 12.3355
225.72 12.3355
242.35 12.3409
225.69 12.3409
208.98 12.3409
192.32 12.3409
242.30 12.2944
225.59 12.2944
275.59 12.3232
258.89 12.3232
242.23 12.3232
225.53 12.3232
275.55 12.3585
258.87 12.3585
242.16 12.3585
225.48 12.3585
275.45 12.2133
258.77 12.2133
242.09 12.2133
225.41 12.2133
242.05 11.9471
225.37 11.9471
275.35 12.2931
258.67 12.2931
241.99 12.2931
225.30 12.2931
275.28 12.1128
258.60 12.1128
241.91 12.1128
225.23 12.1128
275.21 11.8188
258.53 11.8188
241.85 11.8188
225.16 11.8188
275.14 11.8198
258.45 11.8198
241.77 11.8198
225.09 11.8198
241.77 11.796
225.06 11.796
275.03 11.3465
258.32 11.3465
241.67 11.3465
224.98 11.3465
274.94 10.249
258.28 10.249
241.57 10.249
224.91 10.249
274.90 11.1582
258.21 11.1582
241.53 11.1582
224.82 11.1582
274.83 10.1674
258.14 10.1674
241.46 10.1674
224.78 10.1674
241.45 10.3524
224.77 10.3524
274.72 10.3084
258.04 10.3084
241.36 10.3084
224.67 10.3084
207.99 10.3084
191.31 10.3084
241.31 10.26
224.63 10.26
274.61 10.4383
257.92 10.4383
241.24 10.4383
224.56 10.4383
274.51 10.1317
257.83 10.1317
241.15 10.1317
224.44 10.1317
241.09 10.4825
224.43 10.4825
274.41 10.5104
257.75 10.5104
241.07 10.5104
224.36 10.5104
274.34 10.5779
257.63 10.5779
240.95 10.5779
224.29 10.5779
274.27 10.4913
257.59 10.4913
240.91 10.4913
224.22 10.4913
274.20 10.606
257.51 10.606
240.83 10.606
224.12 10.606
240.80 10.5923
224.14 10.5923
207.46 10.5923
190.77 10.5923
240.72 10.5895
224.04 10.5895
274.02 10.6012
257.34 10.6012
240.66 10.6012
223.94 10.6012
273.95 10.7562
257.27 10.7562
240.56 10.7562
223.87 10.7562
307.18 10.7174
290.50 10.7174
273.82 10.7174
257.16 10.7174
240.45 10.7174
223.77 10.7174
273.77 10.71
257.06 10.71
240.41 10.71
223.73 10.71
273.71 10.6892
257.00 10.6892
240.34 10.6892
223.63 10.6892
273.67 10.6573
256.98 10.6573
240.27 10.6573
223.62 10.6573
273.54 10.6969
256.85 10.6969
240.20 10.6969
223.52 10.6969
240.13 10.7449
223.49 10.7449
273.44 10.7565
256.78 10.7565
240.10 10.7565
223.41 10.7565
273.38 10.7006
256.71 10.7006
240.03 10.7006
223.35 10.7006
273.30 10.7772
256.64 10.7772
239.96 10.7772
223.24 10.7772
206.59 10.7772
189.88 10.7772
239.85 10.7469
223.18 10.7469
239.85 10.7592
223.17 10.7592
273.12 10.7573
256.46 10.7573
239.78 10.7573
223.10 10.7573
273.08 10.6968
256.40 10.6968
239.71 10.6968
223.03 10.6968
272.98 10.7512
256.30 10.7512
239.62 10.7512
222.96 10.7512
272.92 10.7156
256.23 10.7156
239.57 10.7156
222.87 10.7156
239.53 10.692
222.85 10.692
272.81 10.744
256.15 10.744
239.47 10.744
222.78 10.744
272.76 10.6787
256.08 10.6787
239.40 10.6787
222.71 10.6787
206.03 10.6787
189.35 10.6787
239.35 10.8921
222.66 10.8921
272.62 10.8468
255.94 10.8468
239.26 10.8468
222.57 10.8468
239.22 10.5673
222.54 10.5673
272.52 10.619
255.84 10.619
239.15 10.619
222.47 10.619
272.45 10.5754
255.76 10.5754
239.08 10.5754
222.40 10.5754
272.38 10.5268
255.67 10.5268
238.99 10.5268
222.32 10.5268
272.29 10.4416
255.62 10.4416
238.94 10.4416
222.26 10.4416
238.91 10.616
288.88 10.5786
272.17 10.5786
255.49 10.5786
238.84 10.5786
222.15 10.5786
205.47 10.5786
188.79 10.5786
238.77 10.6406
222.08 10.6406
272.07 10.6518
255.38 10.6518
238.70 10.6518
222.02 10.6518
272.00 10.6531
255.31 10.6531
238.63 10.6531
221.95 10.6531
238.59 10.6285
221.91 10.6285
271.92 10.6655
255.21 10.6655
238.55 10.6655
221.87 10.6655
271.82 10.5968
255.14 10.5968
238.46 10.5968
221.77 10.5968
271.75 10.7367
255.07 10.7367
238.38 10.7367
221.70 10.7367
238.35 10.6374
221.66 10.6374
204.98 10.6374
254.96 10.6676
238.28 10.6676
221.60 10.6676
204.91 10.6676
254.89 10.6516
238.21 10.6516
288.19 10.7164
271.50 10.7164
254.82 10.7164
238.14 10.7164
288.12 10.6749
271.43 10.6749
254.75 10.6749
238.04 10.6749
321.40 11.8821
304.72 11.8821
288.00 11.8821
271.33 11.8821
254.67 11.8821
237.96 11.8821
287.95 11.7324
271.26 11.7324
254.58 11.7324
237.90 11.7324
287.87 11.666
271.19 11.666
254.50 11.666
237.82 11.666
287.83 11.6734
271.15 11.6734
254.47 11.6734
237.78 11.6734
287.73 11.7773
271.05 11.7773
254.37 11.7773
237.68 11.7773
221.00 11.7773
204.32 11.7773
220.97 11.7676
204.26 11.7676
254.28 11.7753
237.59 11.7753
287.56 11.852
270.87 11.852
254.19 11.852
237.49 11.852
287.49 11.842
270.78 11.842
254.12 11.842
237.41 11.842
220.73 11.842
204.07 11.842
254.06 11.8753
237.37 11.8753
254.02 12.0046
237.34 12.0046
220.63 12.0046
203.97 12.0046
253.94 11.9327
237.26 11.9327
287.25 11.9107
270.56 11.9107
253.88 11.9107
237.20 11.9107
287.20 12.0217
270.52 12.0217
253.84 12.0217
237.13 12.0217
287.10 12.1208
270.42 12.1208
253.74 12.1208
237.05 12.1208
253.70 12.0885
236.99 12.0885
220.34 12.0885
203.62 12.0885
253.60 12.1055
236.95 12.1055
220.27 12.1055
203.58 12.1055
253.56 12.1332
236.88 12.1332
220.19 12.1332
203.54 12.1332
220.14 12.2122
203.45 12.2122
286.79 12.1882
270.11 12.1882
253.45 12.1882
236.77 12.1882
253.39 12.16
236.71 12.16
219.99 12.16
203.34 12.16
253.32 12.1986
236.66 12.1986
219.94 12.1986
203.30 12.1986
219.91 12.1874
203.26 12.1874
219.91 12.15
203.23 12.15
219.85 12.1511
203.19 12.1511
286.47 12.1884
269.77 12.1884
253.11 12.1884
236.39 12.1884
253.10 12.1717
236.42 12.1717
219.73 12.1717
203.02 12.1717
253.00 12.2678
236.32 12.2678
219.63 12.2678
202.92 12.2678
252.92 12.2619
236.26 12.2619
219.58 12.2619
202.90 12.2619
219.50 12.4136
202.81 12.4136
286.16 12.2294
269.47 12.2294
252.79 12.2294
236.11 12.2294
252.78 12.509
236.10 12.509
219.39 12.509
202.74 12.509
252.69 12.5381
236.01 12.5381
219.32 12.5381
202.64 12.5381
252.63 12.5579
235.97 12.5579
219.26 12.5579
202.57 12.5579
219.24 12.5695
202.56 12.5695
219.18 12.5438
202.50 12.5438
219.14 12.5383
202.49 12.5383
219.12 12.5949
202.43 12.5949
219.05 12.6133
202.40 12.6133
219.04 12.6107
202.36 12.6107
219.01 12.5998
202.32 12.5998
252.28 12.6011
235.59 12.6011
218.91 12.6011
202.23 12.6011
218.90 12.6007
202.25 12.6007
218.87 12.6239
202.18 12.6239
185.51 12.6239
168.82 12.6239
218.83 12.6171
202.12 12.6171
218.73 12.6231
202.08 12.6231
218.76 12.6311
202.07 12.6311
218.66 12.6493
201.98 12.6493
218.66 13.1594
201.93 13.1594
218.62 13.0352
201.91 13.0352
251.91 13.1259
235.20 13.1259
285.21 13.1847
268.56 13.1847
251.88 13.1847
235.16 13.1847
251.81 13.2121
235.16 13.2121
218.45 13.2121
201.76 13.2121
251.74 13.1741
235.06 13.1741
285.04 13.2222
268.35 13.2222
251.67 13.2222
234.99 13.2222
284.97 13.2528
268.29 13.2528
251.60 13.2528
234.92 13.2528
284.90 13.3027
268.22 13.3027
251.51 13.3027
234.85 13.3027
218.14 13.3027
201.45 13.3027
218.13 13.3145
201.43 13.3145
251.43 13.3035
234.78 13.3035
284.76 13.4131
268.05 13.4131
251.39 13.4131
234.71 13.4131
284.66 13.3957
267.97 13.3957
251.26 13.3957
234.61 13.3957
284.59 13.3685
267.90 13.3685
251.22 13.3685
234.51 13.3685
251.22 13.3268
234.53 13.3268
284.48 13.3142
267.80 13.3142
251.09 13.3142
234.41 13.3142
284.41 13.2838
267.73 13.2838
251.05 13.2838
234.36 13.2838
284.34 13.2504
267.66 13.2504
250.98 13.2504
234.29 13.2504
284.27 13.1943
267.59 13.1943
250.90 13.1943
234.22 13.1943
250.90 13.2441
234.19 13.2441
284.14 13.3642
267.48 13.3642
250.80 13.3642
234.12 13.3642
284.07 13.3682
267.38 13.3682
250.73 13.3682
234.01 13.3682
284.03 13.3406
267.34 13.3406
250.66 13.3406
233.97 13.3406
283.95 13.4018
267.27 13.4018
250.59 13.4018
233.91 13.4018
250.56 13.3363
233.88 13.3363
317.21 13.3975
300.53 13.3975
350.49 13.3642
333.83 13.3642
317.14 13.3642
300.44 13.3642
317.08 13.3779
300.39 13.3779
350.38 13.4138
333.70 13.4138
350.35 13.44
333.67 13.44
350.27 13.3989
333.62 13.3989
350.27 13.4609
333.59 13.4609
350.24 13.4648
333.53 13.4648
350.23 13.4877
333.52 13.4877
383.51 13.4964
366.82 13.4964
416.82 13.5066
400.11 13.5066
383.45 13.5066
366.74 13.5066
383.39 13.5052
366.68 13.5052
350.00 13.5052
333.34 13.5052
350.02 13.5277
333.30 13.5277
349.93 13.4956
333.24 13.4956
349.92 13.4959
333.24 13.4959
383.23 13.5156
366.56 13.5156
383.21 13.5858
366.52 13.5858
349.84 13.5858
333.16 13.5858
349.78 13.629
333.07 13.629
383.08 13.6362
366.40 13.6362
383.04 13.609
366.33 13.609
383.00 13.612
366.30 13.612
382.97 13.5737
366.26 13.5737
382.91 13.5976
366.25 13.5976
382.90 13.5708
366.19 13.5708
416.18 13.5823
399.51 13.5823
449.49 13.5611
432.81 13.5611
449.45 13.5834
432.76 13.5834
416.09 13.5834
399.40 13.5834
416.03 13.5756
399.35 13.5756
449.34 13.5139
432.69 13.5139
449.32 13.4936
432.61 13.4936
449.25 13.5311
432.57 13.5311
449.25 13.5739
432.56 13.5739
449.24 13.5067
432.55 13.5067
449.20 13.5213
432.52 13.5213
449.21 13.4265
432.52 13.4265
482.44 13.3798
465.76 13.3798
482.43 13.2911
465.75 13.2911
449.07 13.2911
432.38 13.2911
482.30 13.2738
465.65 13.2738
482.30 13.2614
465.62 13.2614
515.62 13.2495
498.92 13.2495
482.26 13.2495
465.57 13.2495
515.55 13.2572
498.84 13.2572
482.16 13.2572
465.47 13.2572
515.48 13.2424
498.80 13.2424
482.12 13.2424
465.43 13.2424
515.42 13.2651
498.73 13.2651
482.03 13.2651
465.34 13.2651
481.98 13.2504
465.30 13.2504
481.95 13.227
465.26 13.227
481.89 13.2312
465.23 13.2312
515.24 13.2043
498.55 13.2043
481.87 13.2043
465.15 13.2043
481.81 13.256
465.10 13.256
448.44 13.256
431.76 13.256
481.77 13.2561
465.08 13.2561
481.73 13.2247
465.05 13.2247
481.67 13.2344
464.96 13.2344
481.61 13.2
464.92 13.2
481.57 13.1781
464.89 13.1781
514.87 13.2112
498.21 13.2112
481.51 13.2112
464.82 13.2112
514.80 13.1013
498.12 13.1013
481.46 13.1013
464.75 13.1013
448.07 13.1013
431.39 13.1013
481.38 12.9801
464.70 12.9801
448.02 12.9801
431.37 12.9801
414.66 12.9801
397.97 12.9801
381.29 12.9801
364.61 12.9801
414.59 12.8387
397.93 12.8387
381.25 12.8387
364.56 12.8387
347.88 12.8387
331.17 12.8387
414.48 12.6947
397.77 12.6947
381.09 12.6947
364.43 12.6947
347.75 12.6947
331.07 12.6947
314.38 12.6947
297.70 12.6947
314.35 12.6979
297.67 12.6979
280.99 12.6979
264.30 12.6979
247.59 12.6979
230.94 12.6979
314.25 12.7338
297.56 12.7338
380.90 12.6479
364.20 12.6479
347.54 12.6479
330.83 12.6479
314.14 12.6479
297.47 12.6479
380.74 12.584
364.06 12.584
347.40 12.584
330.72 12.584
314.04 12.584
297.36 12.584
380.69 12.5405
364.00 12.5405
347.32 12.5405
330.64 12.5405
313.95 12.5405
297.27 12.5405
380.60 12.585
363.92 12.585
347.23 12.585
330.55 12.585
313.87 12.585
297.19 12.585
347.12 12.6406
330.46 12.6406
313.78 12.6406
297.07 12.6406
280.42 12.6406
263.73 12.6406
280.38 12.7029
263.69 12.7029
246.98 12.7029
230.31 12.7029
246.98 12.7153
230.30 12.7153
280.28 12.7213
263.59 12.7213
346.88 12.828
330.19 12.828
313.51 12.828
296.83 12.828
380.14 12.9149
363.45 12.9149
346.77 12.9149
330.09 12.9149
313.40 12.9149
296.69 12.9149
380.01 13.0577
363.35 13.0577
346.67 13.0577
329.98 13.0577
313.27 13.0577
296.59 13.0577
379.96 13.1008
363.27 13.1008
346.59 13.1008
329.90 13.1008
313.22 13.1008
296.54 13.1008
379.82 13.1248
363.14 13.1248
346.42 13.1248
329.77 13.1248
313.09 13.1248
296.41 13.1248
379.72 13.1258
363.04 13.1258
346.35 13.1258
329.67 13.1258
312.99 13.1258
296.28 13.1258
379.61 13.1034
362.93 13.1034
346.25 13.1034
329.56 13.1034
312.88 13.1034
296.20 13.1034
379.51 13.2197
362.83 13.2197
346.14 13.2197
329.43 13.2197
312.78 13.2197
296.09 13.2197
379.40 13.209
362.69 13.209
346.01 13.209
329.35 13.209
312.64 13.209
295.96 13.209
345.97 13.1616
329.29 13.1616
312.60 13.1616
295.92 13.1616
279.26 13.1616
262.58 13.1616
279.23 13.2137
262.55 13.2137
245.87 13.2137
229.18 13.2137
312.49 13.1491
295.81 13.1491
379.12 13.1438
362.43 13.1438
345.75 13.1438
329.07 13.1438
312.38 13.1438
295.70 13.1438
378.98 13.1969
362.30 13.1969
345.62 13.1969
328.94 13.1969
312.25 13.1969
295.54 13.1969
378.88 13.192
362.17 13.192
345.51 13.192
328.80 13.192
312.12 13.192
295.46 13.192
345.44 13.1578
328.76 13.1578
312.05 13.1578
295.39 13.1578
278.71 13.1578
262.02 13.1578
278.65 13.0815
261.99 13.0815
245.31 13.0815
228.63 13.0815
311.91 13.0635
295.25 13.0635
278.57 13.0635
261.89 13.0635
345.20 12.999
328.52 12.999
311.81 12.999
295.12 12.999
278.44 12.999
261.76 12.999
278.46 13.1246
261.77 13.1246
245.06 13.1246
228.41 13.1246
245.00 13.1124
228.32 13.1124
245.00 13.1406
228.28 13.1406
244.93 13.0803
228.24 13.0803
244.95 13.063
228.27 13.063
311.55 12.985
294.87 12.985
278.16 12.985
261.48 12.985
278.18 12.8907
261.49 12.8907
244.79 12.8907
228.10 12.8907
211.44 12.8907
194.76 12.8907
278.05 12.8305
261.36 12.8305
278.01 12.8387
261.31 12.8387
244.62 12.8387
227.96 12.8387
277.97 12.8948
261.26 12.8948
344.57 12.8852
327.88 12.8852
311.20 12.8852
294.52 12.8852
277.84 12.8852
261.15 12.8852
277.77 12.8782
261.09 12.8782
244.44 12.8782
227.73 12.8782
277.73 12.8633
261.02 12.8633
344.36 12.8761
327.68 12.8761
310.99 12.8761
294.34 12.8761
277.63 12.8761
260.97 12.8761
277.59 12.8361
260.91 12.8361
244.22 12.8361
227.57 12.8361
277.54 12.8494
260.83 12.8494
344.18 12.8584
327.49 12.8584
310.81 12.8584
294.13 12.8584
277.44 12.8584
260.76 12.8584
277.41 12.8867
260.70 12.8867
244.02 12.8867
227.36 12.8867
243.95 12.8556
227.30 12.8556
277.31 12.8623
260.62 12.8623
343.94 12.787
327.23 12.787
310.55 12.787
293.86 12.787
277.20 12.787
260.52 12.787
277.18 12.8171
260.50 12.8171
243.82 12.8171
227.13 12.8171
277.04 12.7409
260.38 12.7409
277.06 12.8383
260.36 12.8383
243.70 12.8383
227.01 12.8383
310.30 12.8954
293.58 12.8954
276.90 12.8954
260.22 12.8954
343.58 12.9542
326.88 12.9542
310.22 12.9542
293.51 12.9542
276.85 12.9542
260.14 12.9542
276.79 13.1333
260.10 13.1333
243.42 13.1333
226.74 13.1333
310.07 13.0335
293.39 13.0335
276.71 13.0335
260.02 13.0335
276.64 13.1687
259.97 13.1687
243.25 13.1687
226.60 13.1687
209.91 13.1687
193.23 13.1687
243.21 13.0866
226.53 13.0866
243.15 13.1159
226.49 13.1159
309.81 13.1077
293.12 13.1077
276.47 13.1077
259.78 13.1077
309.76 13.2457
293.08 13.2457
276.39 13.2457
259.69 13.2457
243.03 13.2457
226.35 13.2457
309.63 13.2497
292.95 13.2497
276.26 13.2497
259.58 13.2497
342.86 13.2943
326.18 13.2943
309.52 13.2943
292.84 13.2943
276.16 13.2943
259.44 13.2943
276.12 13.3047
259.44 13.3047
242.76 13.3047
226.05 13.3047
276.05 13.3124
259.34 13.3124
309.32 13.3057
292.64 13.3057
275.97 13.3057
259.26 13.3057
242.59 13.3057
225.90 13.3057
275.91 13.3248
259.26 13.3248
342.54 13.3752
325.88 13.3752
309.18 13.3752
292.49 13.3752
275.81 13.3752
259.15 13.3752
342.40 13.3388
325.73 13.3388
309.04 13.3388
292.36 13.3388
275.70 13.3388
259.02 13.3388
342.36 13.3751
325.65 13.3751
308.96 13.3751
292.31 13.3751
275.60 13.3751
258.92 13.3751
342.23 13.2918
325.54 13.2918
308.88 13.2918
292.18 13.2918
275.49 13.2918
258.81 13.2918
342.09 13.342
325.44 13.342
308.75 13.342
292.07 13.342
275.39 13.342
258.71 13.342
342.01 13.3068
325.33 13.3068
308.65 13.3068
291.94 13.3068
275.26 13.3068
258.57 13.3068
341.88 13.2819
325.20 13.2819
308.55 13.2819
291.84 13.2819
275.15 13.2819
258.50 13.2819
341.81 13.1911
325.09 13.1911
308.41 13.1911
291.76 13.1911
275.08 13.1911
258.39 13.1911
275.04 13.1219
258.35 13.1219
241.68 13.1219
224.99 13.1219
274.97 13.1416
258.29 13.1416
274.93 12.9881
258.25 12.9881
241.57 12.9881
224.89 12.9881
241.54 12.9983
224.85 12.9983
308.16 12.9697
291.48 12.9697
274.80 12.9697
258.11 12.9697
274.76 12.9776
258.08 12.9776
241.40 12.9776
224.71 12.9776
274.69 13.0679
258.01 13.0679
341.32 13.1139
324.64 13.1139
307.95 13.1139
291.27 13.1139
274.59 13.1139
257.90 13.1139
274.55 13.1278
257.87 13.1278
241.19 13.1278
224.50 13.1278
274.51 13.1165
257.83 13.1165
341.14 13.179
324.45 13.179
307.77 13.179
291.09 13.179
274.38 13.179
257.72 13.179
341.04 13.2248
324.32 13.2248
307.67 13.2248
290.99 13.2248
274.27 13.2248
257.62 13.2248
274.24 13.3095
257.53 13.3095
240.87 13.3095
224.19 13.3095
274.17 13.373
257.51 13.373
340.77 13.4063
324.08 13.4063
307.43 13.4063
290.72 13.4063
274.06 13.4063
257.38 13.4063
340.69 13.4412
324.00 13.4412
307.35 13.4412
290.66 13.4412
273.95 13.4412
257.30 13.4412
340.56 13.4171
323.87 13.4171
307.19 13.4171
290.51 13.4171
273.82 13.4171
257.17 13.4171
340.45 13.3918
323.77 13.3918
307.11 13.3918
290.41 13.3918
273.72 13.3918
257.04 13.3918
273.68 13.469
257.00 13.469
240.32 13.469
223.66 13.469
273.61 13.4442
256.96 13.4442
340.25 13.4282
323.59 13.4282
306.88 13.4282
290.22 13.4282
273.51 13.4282
256.83 13.4282
273.50 13.4251
256.82 13.4251
240.11 13.4251
223.43 13.4251
