511.18 11.5995
544.57 11.7132
527.89 11.7132
544.60 11.6208
527.91 11.6208
544.60 11.6198
527.91 11.6198
561.22 11.6654
544.57 11.6654
561.25 11.5506
544.57 11.5506
561.26 11.6251
544.60 11.6251
561.25 11.6627
544.57 11.6627
561.25 11.5475
544.57 11.5475
577.96 11.6717
561.28 11.6717
577.96 11.642
561.28 11.642
577.96 11.6496
561.28 11.6496
577.96 11.6848
561.28 11.6848
594.61 11.5223
577.93 11.5223
594.64 11.6137
577.94 11.6137
594.61 11.5225
577.96 11.5225
611.29 11.4289
594.61 11.4289
611.29 11.5877
594.61 11.5877
611.32 11.4911
594.64 11.4911
628.00 11.5825
611.32 11.5825
628.00 11.4492
611.30 11.4492
627.98 11.436
611.29 11.436
627.98 11.5671
611.27 11.5671
628.00 11.5092
611.30 11.5092
644.63 11.5925
627.95 11.5925
644.66 11.4059
628.00 11.4059
661.34 11.5387
644.65 11.5387
661.37 11.492
644.66 11.492
661.31 11.4964
644.62 11.4964
661.33 11.2998
644.66 11.2998
678.02 11.3315
661.34 11.3315
678.02 11.3383
661.34 11.3383
678.01 11.2792
661.33 11.2792
677.99 11.1386
661.31 11.1386
694.70 11.2585
677.99 11.2585
694.70 11.3661
678.02 11.3661
694.70 11.3944
677.99 11.3944
711.36 11.3093
694.70 11.3093
711.38 11.2196
694.70 11.2196
711.35 11.3403
694.67 11.3403
728.04 11.3164
711.38 11.3164
728.04 11.2035
711.38 11.2035
728.09 11.2731
711.41 11.2731
728.06 11.291
711.41 11.291
744.75 11.2651
728.04 11.2651
728.09 11.1235
711.39 11.1235
744.72 11.2743
728.07 11.2743
761.45 11.2676
744.77 11.2676
744.77 11.2156
728.09 11.2156
761.43 11.3083
744.77 11.3083
761.43 11.1556
744.75 11.1556
778.12 11.3831
761.43 11.3831
778.09 11.3475
761.40 11.3475
778.11 11.2048
761.40 11.2048
778.09 11.292
761.41 11.292
794.79 11.3005
778.11 11.3005
794.82 11.2005
778.14 11.2005
794.79 11.1754
778.08 11.1754
794.79 11.0693
778.14 11.0693
794.79 11.1507
778.13 11.1507
811.50 11.2608
794.82 11.2608
811.50 10.99
794.82 10.99
811.47 11.0806
794.82 11.0806
828.18 10.9765
811.50 10.9765
828.15 11.1266
811.45 11.1266
828.15 11.0176
811.50 11.0176
844.86 10.9223
828.18 10.9223
844.84 11.1627
828.15 11.1627
844.83 11.0322
828.17 11.0322
844.81 10.9044
828.12 10.9044
844.81 10.9298
828.13 10.9298
861.52 11.0571
844.83 11.0571
894.86 10.871
878.17 10.871
861.52 10.871
844.81 10.871
878.20 10.9625
861.51 10.9625
878.17 10.9553
861.51 10.9553
878.20 11.0181
861.51 11.0181
894.91 10.8597
878.23 10.8597
894.88 10.9897
878.19 10.9897
894.88 10.9516
878.20 10.9516
894.88 10.9944
878.20 10.9944
911.56 10.9356
894.85 10.9356
911.56 11.0999
894.88 11.0999
928.27 11.0906
911.57 11.0906
911.56 11.1636
894.88 11.1636
928.24 11.1122
911.56 11.1122
928.27 11.2006
911.57 11.2006
928.22 11.1341
911.56 11.1341
944.90 11.2353
928.24 11.2353
944.94 11.2035
928.26 11.2035
944.95 11.2249
928.24 11.2249
944.92 11.272
928.24 11.272
961.61 11.3174
944.95 11.3174
978.29 11.0499
961.63 11.0499
944.95 11.0499
928.24 11.0499
911.55 11.0499
894.90 11.0499
878.22 11.0499
861.54 11.0499
844.86 11.0499
828.18 11.0499
811.50 11.0499
794.82 11.0499
778.13 11.0499
761.45 11.0499
744.77 11.0499
728.09 11.0499
711.41 11.0499
694.72 11.0499
678.05 11.0499
661.36 11.0499
644.68 11.0499
628.00 11.0499
611.32 11.0499
594.64 11.0499
577.93 11.0499
561.27 11.0499
544.59 11.0499
527.91 11.0499
511.23 11.0499
494.55 11.0499
477.87 11.0499
461.18 11.0499
444.48 11.0499
427.82 11.0499
411.14 11.0499
394.46 11.0499
377.75 11.0499
361.10 11.0499
344.41 11.0499
327.73 11.0499
311.05 11.0499
294.37 11.0499
277.69 11.0499
261.00 11.0499
294.37 11.1085
277.69 11.1085
294.34 11.0086
277.66 11.0086
311.03 10.9848
294.32 10.9848
294.32 10.9963
277.67 10.9963
311.03 10.9117
294.32 10.9117
311.03 10.8299
294.33 10.8299
311.00 10.9678
294.35 10.9678
327.71 10.9128
311.02 10.9128
327.68 11.0102
311.03 11.0102
327.69 11.0025
311.03 11.0025
344.34 10.9492
327.69 10.9492
344.39 11.037
327.71 11.037
344.37 10.9611
327.71 10.9611
344.42 11.0215
327.74 11.0215
361.07 10.9005
344.39 10.9005
361.07 11.0698
344.39 11.0698
361.04 10.9723
377.75 10.9677
361.07 10.9677
394.43 10.8697
377.73 10.8697
394.43 11.0854
377.75 11.0854
394.46 10.9499
377.78 10.9499
394.43 11.0236
377.75 11.0236
411.12 11.0272
394.43 11.0272
411.11 11.046
394.43 11.046
411.12 11.0544
394.43 11.0544
427.80 11.1113
411.11 11.1113
427.77 11.1128
411.12 11.1128
427.77 11.1516
411.11 11.1516
427.80 11.1267
411.12 11.1267
444.48 11.1542
427.80 11.1542
444.48 11.0292
427.80 11.0292
444.48 11.0478
427.79 11.0478
461.16 11.2101
444.48 11.2101
461.14 11.2123
444.46 11.2123
461.16 11.2188
444.48 11.2188
461.16 11.2085
444.48 11.2085
477.87 11.2793
461.19 11.2793
477.84 11.2512
461.16 11.2512
477.87 11.2544
461.19 11.2544
477.84 11.2924
461.16 11.2924
477.82 11.2317
461.16 11.2317
494.52 11.3116
477.84 11.3116
494.52 11.3158
477.84 11.3158
511.20 11.3918
494.52 11.3918
511.20 11.3691
494.52 11.3691
511.20 11.3836
494.52 11.3836
511.24 11.39
494.55 11.39
527.89 11.3462
511.20 11.3462
527.86 11.441
511.21 11.441
527.92 11.3789
511.23 11.3789
527.88 11.3851
511.18 11.3851
544.60 11.3733
527.91 11.3733
544.60 11.3603
527.89 11.3603
544.57 11.4508
527.89 11.4508
561.22 11.3918
544.54 11.3918
561.25 11.5181
544.57 11.5181
561.28 11.4252
544.60 11.4252
577.96 11.3956
561.28 11.3956
577.96 11.4302
561.28 11.4302
594.64 11.3566
577.96 11.3566
594.64 11.2674
577.96 11.2674
594.64 11.3433
577.96 11.3433
611.32 11.1673
594.64 11.1673
611.32 11.2564
594.62 11.2564
611.32 11.2494
594.63 11.2494
627.97 11.3007
611.29 11.3007
627.97 11.1997
611.27 11.1997
644.69 11.2516
628.01 11.2516
644.66 11.2386
627.98 11.2386
644.66 11.3184
627.97 11.3184
694.73 12.2645
678.05 12.2645
728.09 12.8998
711.41 12.8998
694.73 12.8998
678.02 12.8998
728.07 13.3139
711.36 13.3139
694.70 13.3139
678.00 13.3139
728.07 12.9826
711.38 12.9826
694.71 12.9826
678.05 12.9826
744.72 13.015
728.06 13.015
711.36 13.015
694.70 13.015
761.40 12.984
744.72 12.984
728.03 12.984
711.38 12.984
778.11 12.8865
761.43 12.8865
744.77 12.8865
728.07 12.8865
794.82 12.8742
778.11 12.8742
761.46 12.8742
744.75 12.8742
794.79 12.9132
778.11 12.9132
761.43 12.9132
744.75 12.9132
794.79 12.9946
778.13 12.9946
761.43 12.9946
744.77 12.9946
794.77 13.0914
778.11 13.0914
761.40 13.0914
744.72 13.0914
794.79 13.1658
778.11 13.1658
761.46 13.1658
744.77 13.1658
811.49 13.1592
794.78 13.1592
778.13 13.1592
761.42 13.1592
811.50 13.2035
794.79 13.2035
778.11 13.2035
761.43 13.2035
828.16 13.1232
811.47 13.1232
794.79 13.1232
778.11 13.1232
828.13 13.1426
811.47 13.1426
794.77 13.1426
778.11 13.1426
828.15 13.1682
811.50 13.1682
794.78 13.1682
778.10 13.1682
844.84 13.2419
828.18 13.2419
811.50 13.2419
794.80 13.2419
794.82 13.1856
778.13 13.1856
811.47 13.3212
794.76 13.3212
811.44 13.3265
794.79 13.3265
811.45 13.3857
794.79 13.3857
811.47 13.2475
794.80 13.2475
828.15 13.2413
811.46 13.2413
828.12 13.2544
811.45 13.2544
828.16 13.1988
811.46 13.1988
828.18 13.3013
811.47 13.3013
828.13 13.2848
811.44 13.2848
828.15 13.2158
811.44 13.2158
828.15 13.2885
811.47 13.2885
844.86 13.2632
828.15 13.2632
844.83 13.3234
828.18 13.3234
844.86 13.3602
828.16 13.3602
861.50 13.2402
844.84 13.2402
844.86 13.2419
828.15 13.2419
844.84 13.2405
828.16 13.2405
861.51 13.3707
844.87 13.3707
861.52 13.2986
844.83 13.2986
861.54 13.3515
844.86 13.3515
861.49 13.3273
844.81 13.3273
878.17 13.2898
861.49 13.2898
878.22 13.4327
861.51 13.4327
878.20 13.3865
861.55 13.3865
878.23 13.367
861.52 13.367
878.20 13.4399
861.54 13.4399
878.20 13.5212
861.54 13.5212
878.17 13.3396
861.49 13.3396
894.86 13.2783
878.17 13.2783
894.91 13.3548
878.23 13.3548
911.59 13.3909
894.87 13.3909
894.92 13.2457
878.21 13.2457
911.59 13.2281
894.88 13.2281
894.87 13.2075
878.22 13.2075
911.59 13.3536
894.91 13.3536
911.59 13.1629
894.90 13.1629
911.59 13.3015
894.91 13.3015
928.22 13.2029
911.53 13.2029
928.24 13.2403
911.56 13.2403
928.25 12.8713
911.57 12.8713
928.24 13.079
911.56 13.079
944.95 13.2112
928.24 13.2112
944.95 13.0088
928.25 13.0088
928.24 13.1869
911.56 13.1869
944.95 13.1213
928.24 13.1213
944.90 13.1675
928.24 13.1675
944.92 13.202
928.25 13.202
944.93 13.06
928.27 13.06
961.61 13.2109
944.90 13.2109
961.61 13.1264
944.93 13.1264
961.63 13.2146
944.93 13.2146
961.63 13.1158
944.93 13.1158
978.26 13.1778
961.58 13.1778
978.25 13.163
961.58 13.163
978.29 13.2551
961.63 13.2551
978.26 13.0929
961.61 13.0929
1028.33 12.8199
1011.65 12.8199
994.97 12.8199
978.32 12.8199
961.60 12.8199
944.93 12.8199
928.24 12.8199
911.56 12.8199
894.88 12.8199
878.20 12.8199
861.52 12.8199
844.84 12.8199
828.16 12.8199
811.47 12.8199
794.79 12.8199
778.11 12.8199
761.46 12.8199
744.77 12.8199
728.09 12.8199
711.38 12.8199
694.73 12.8199
678.05 12.8199
661.37 12.8199
644.69 12.8199
628.00 12.8199
611.32 12.8199
594.64 12.8199
577.93 12.8199
561.28 12.8199
544.57 12.8199
527.89 12.8199
511.23 12.8199
494.52 12.8199
477.87 12.8199
461.16 12.8199
444.48 12.8199
427.80 12.8199
411.12 12.8199
394.43 12.8199
377.78 12.8199
361.10 12.8199
344.39 12.8199
327.74 12.8199
311.02 12.8199
294.37 12.8199
277.69 12.8199
261.01 12.8199
244.30 12.8199
260.99 12.8146
244.30 12.8146
260.95 12.9588
244.28 12.9588
261.01 13.0481
244.30 13.0481
261.01 12.8882
244.33 12.8882
277.69 13.1226
260.98 13.1226
277.67 12.9524
260.95 12.9524
277.66 13.1571
260.99 13.1571
277.67 12.947
261.01 12.947
294.34 12.9759
277.67 12.9759
294.32 13.0319
277.64 13.0319
294.32 13.0208
277.64 13.0208
294.32 13.0023
277.63 13.0023
311.03 13.1059
294.32 13.1059
311.02 12.9262
294.32 12.9262
311.03 13.018
294.35 13.018
311.00 12.8793
294.35 12.8793
327.68 12.9407
311.00 12.9407
327.71 12.8354
311.02 12.8354
327.71 13.0557
311.02 13.0557
327.68 12.8791
311.03 12.8791
344.39 13.0796
327.71 13.0796
344.39 12.7739
327.71 12.7739
361.10 13.1038
344.42 13.1038
344.39 12.9885
327.71 12.9885
361.05 13.1765
344.36 13.1765
361.07 13.0296
344.39 13.0296
377.75 13.0753
361.05 13.0753
377.72 12.9589
361.07 12.9589
377.75 13.0112
361.07 13.0112
377.75 13.0459
361.07 13.0459
394.43 13.126
377.75 13.126
377.75 13.0318
361.07 13.0318
394.44 13.0837
377.75 13.0837
394.41 13.1822
377.73 13.1822
394.43 13.0926
377.75 13.0926
411.12 13.185
394.44 13.185
411.12 13.152
394.43 13.152
411.12 13.1746
394.44 13.1746
411.12 13.208
394.44 13.208
411.12 13.1715
394.43 13.1715
411.12 13.1362
394.43 13.1362
427.80 12.99
411.12 12.99
444.48 13.1233
427.80 13.1233
444.48 12.9767
427.80 12.9767
444.48 12.9845
427.80 12.9845
444.48 12.9949
427.80 12.9949
444.48 13.1164
427.80 13.1164
444.48 12.9008
427.80 12.9008
461.19 12.9795
444.50 12.9795
461.16 12.9985
444.48 12.9985
477.87 13.032
461.19 13.032
477.84 13.1829
461.16 13.1829
477.84 13.0868
461.16 13.0868
477.84 13.1657
461.16 13.1657
494.52 13.0772
477.84 13.0772
494.52 12.8994
477.84 12.8994
494.52 12.8445
477.84 12.8445
494.52 12.9542
477.84 12.9542
511.21 12.9014
494.52 12.9014
494.52 13.0122
477.84 13.0122
511.20 13.055
494.52 13.055
527.88 12.9008
511.20 12.9008
527.88 13.1559
511.20 13.1559
527.89 12.9988
511.20 12.9988
527.86 12.9562
511.21 12.9562
544.57 13.1087
527.89 13.1087
544.57 13.201
527.89 13.201
544.57 13.0037
527.89 13.0037
561.25 12.9912
544.57 12.9912
561.25 12.947
544.57 12.947
561.25 13.0097
544.57 13.0097
561.25 12.9295
544.57 12.9295
561.25 12.9414
544.57 12.9414
561.25 13.0456
544.57 13.0456
577.96 13.0714
561.27 13.0714
577.93 13.1207
561.25 13.1207
594.61 12.9694
577.93 12.9694
594.61 12.9614
577.93 12.9614
594.61 13.1258
577.93 13.1258
594.61 12.8723
577.93 12.8723
594.61 12.9276
577.93 12.9276
611.29 13.0944
594.61 13.0944
611.32 13.0921
594.64 13.0921
611.32 12.9428
594.64 12.9428
611.29 12.9165
594.61 12.9165
627.98 13.0178
611.29 13.0178
627.98 13.0184
611.29 13.0184
627.97 12.8963
611.29 12.8963
644.66 12.9031
627.98 12.9031
644.66 12.9736
627.98 12.9736
644.66 13.0168
627.98 13.0168
644.66 13.0167
627.98 13.0167
661.34 13.1116
644.66 13.1116
661.34 13.1399
644.66 13.1399
661.34 13.1469
644.66 13.1469
661.34 12.9204
644.66 12.9204
678.02 13.0632
661.34 13.0632
678.02 13.05
661.34 13.05
678.02 13.0768
661.34 13.0768
678.02 12.9403
661.34 12.9403
694.70 12.8639
678.02 12.8639
694.70 12.9979
678.02 12.9979
711.36 13.0149
694.67 13.0149
694.67 12.9664
678.02 12.9664
711.36 12.9143
694.70 12.9143
711.36 12.9731
694.68 12.9731
711.38 12.9508
694.70 12.9508
711.38 13.0953
694.70 13.0953
711.38 12.9272
694.70 12.9272
728.06 13.0092
711.38 13.0092
728.07 13.0895
711.38 13.0895
728.06 13.114
711.38 13.114
728.06 13.021
711.38 13.021
744.75 13.0652
728.07 13.0652
744.75 13.0797
728.06 13.0797
761.43 12.9902
744.74 12.9902
761.43 12.8866
744.75 12.8866
761.43 13.0416
744.75 13.0416
778.11 13.1812
761.43 13.1812
761.43 13.0824
744.75 13.0824
778.11 13.1413
761.43 13.1413
778.11 13.1244
761.43 13.1244
794.79 13.1918
778.11 13.1918
778.11 13.1457
761.43 13.1457
794.79 13.2648
778.11 13.2648
794.79 13.1978
778.11 13.1978
811.47 13.433
794.79 13.433
794.79 13.3996
778.11 13.3996
811.47 13.3008
794.79 13.3008
811.47 13.294
794.79 13.294
811.47 13.2593
794.79 13.2593
811.47 13.2558
794.79 13.2558
811.47 13.1957
794.79 13.1957
828.15 13.1948
811.47 13.1948
828.15 13.1936
811.47 13.1936
828.15 13.208
811.47 13.208
844.84 13.1375
828.15 13.1375
844.84 13.051
828.15 13.051
844.84 13.1419
828.15 13.1419
844.84 13.2105
828.15 13.2105
861.52 13.1709
844.84 13.1709
861.51 13.164
844.84 13.164
861.54 13.216
844.86 13.216
861.54 12.8443
844.86 12.8443
861.55 13.0368
844.86 13.0368
878.22 13.0448
861.54 13.0448
928.24 13.0715
911.56 13.0715
894.88 13.0715
878.20 13.0715
861.51 13.0715
844.83 13.0715
828.15 13.0715
811.47 13.0715
794.79 13.0715
778.11 13.0715
761.42 13.0715
744.74 13.0715
728.06 13.0715
711.38 13.0715
694.70 13.0715
678.02 13.0715
661.34 13.0715
644.65 13.0715
627.97 13.0715
611.29 13.0715
594.61 13.0715
577.93 13.0715
561.25 13.0715
544.57 13.0715
527.89 13.0715
511.20 13.0715
494.52 13.0715
477.84 13.0715
461.16 13.0715
444.48 13.0715
427.80 13.0715
411.11 13.0715
394.43 13.0715
377.75 13.0715
361.07 13.0715
344.39 13.0715
327.71 13.0715
311.02 13.0715
294.34 13.0715
277.66 13.0715
260.98 13.0715
244.30 13.0715
227.62 13.0715
210.94 13.0715
227.62 12.817
210.94 12.817
227.62 13.0583
210.90 13.0583
244.30 13.017
227.62 13.017
227.62 12.9862
210.94 12.9862
244.30 13.0104
227.59 13.0104
244.33 13.0406
227.62 13.0406
260.98 12.8505
244.30 12.8505
260.98 13.0025
244.30 13.0025
260.95 12.8852
244.27 12.8852
277.66 12.985
261.01 12.985
277.68 12.9592
261.00 12.9592
277.64 12.8462
260.98 12.8462
277.63 12.8951
260.95 12.8951
294.37 12.8362
277.66 12.8362
294.35 12.8099
277.67 12.8099
294.34 12.7242
277.64 12.7242
294.37 13.0132
277.67 13.0132
294.38 12.8875
277.70 12.8875
310.99 12.9961
294.32 12.9961
311.00 12.8285
294.34 12.8285
327.72 12.8218
311.06 12.8218
327.69 12.9161
311.03 12.9161
327.70 12.9872
311.03 12.9872
327.71 12.9588
311.04 12.9588
344.39 13.1347
327.71 13.1347
344.42 13.2043
327.71 13.2043
344.39 13.0728
327.71 13.0728
344.42 13.2484
327.73 13.2484
361.08 13.1426
344.42 13.1426
361.10 13.2108
344.42 13.2108
361.09 13.1338
344.41 13.1338
361.09 13.2911
344.41 13.2911
377.73 13.075
361.07 13.075
377.76 13.1527
361.07 13.1527
377.75 13.1328
361.07 13.1328
377.78 12.9268
361.07 12.9268
377.75 12.921
361.07 12.921
394.46 13.0073
377.76 13.0073
394.46 13.1761
377.78 13.1761
394.44 13.0366
377.76 13.0366
394.46 13.0667
377.78 13.0667
411.09 13.1196
394.40 13.1196
411.11 13.16
394.44 13.16
411.12 12.9687
394.43 12.9687
427.77 13.0265
411.08 13.0265
427.79 13.0599
411.12 13.0599
427.80 13.0981
411.09 13.0981
427.80 12.9657
411.09 12.9657
444.48 13.0358
427.77 13.0358
444.45 13.1332
427.77 13.1332
444.45 12.9779
427.77 12.9779
444.45 12.8768
427.80 12.8768
461.13 12.9627
444.48 12.9627
461.13 13.0961
444.48 13.0961
461.13 12.9985
444.45 12.9985
461.13 13.0769
444.45 13.0769
477.81 12.9471
461.14 12.9471
477.81 13.1701
461.13 13.1701
477.81 13.1454
461.13 13.1454
477.84 13.0052
461.16 13.0052
477.81 13.0079
461.16 13.0079
494.49 13.0829
477.81 13.0829
494.52 13.138
477.82 13.138
494.50 12.9524
477.84 12.9524
511.20 12.9387
494.52 12.9387
511.20 13.0445
494.52 13.0445
527.89 13.1204
511.21 13.1204
511.20 12.9891
494.52 12.9891
527.89 13.0654
511.21 13.0654
527.89 13.0298
511.20 13.0298
527.89 13.1625
511.20 13.1625
527.88 13.0946
511.20 13.0946
544.57 13.0514
527.88 13.0514
544.60 13.0616
527.91 13.0616
544.57 13.2136
527.89 13.2136
544.57 12.9081
527.89 12.9081
544.60 13.0794
527.91 13.0794
561.25 13.1217
544.54 13.1217
561.25 13.2765
544.57 13.2765
577.93 13.0278
561.25 13.0278
577.93 12.9955
561.25 12.9955
577.93 12.9893
561.25 12.9893
577.93 13.1889
561.25 13.1889
577.93 12.9896
561.25 12.9896
594.61 12.9269
577.93 12.9269
594.61 13.0393
577.93 13.0393
611.29 13.0027
594.61 13.0027
611.29 13.1224
594.61 13.1224
611.29 12.9118
594.61 12.9118
611.29 13.043
594.61 13.043
628.00 13.004
611.32 13.004
611.32 12.8643
594.64 12.8643
628.00 12.8852
611.32 12.8852
627.98 12.9528
611.29 12.9528
628.00 13.0221
611.32 13.0221
644.66 12.8467
627.98 12.8467
644.66 12.8911
627.97 12.8911
644.66 12.7524
627.98 12.7524
661.34 12.9503
644.66 12.9503
661.34 12.8343
644.66 12.8343
661.34 12.8499
644.66 12.8499
678.02 12.9913
661.34 12.9913
678.02 12.9061
661.34 12.9061
661.34 13.0196
644.66 13.0196
678.02 12.9196
661.34 12.9196
678.02 13.1414
661.34 13.1414
694.70 12.9677
678.02 12.9677
694.70 13.0298
678.02 13.0298
694.70 13.0276
678.02 13.0276
694.70 13.0744
678.02 13.0744
711.36 13.0138
694.70 13.0138
711.35 13.0736
694.67 13.0736
711.38 12.9666
694.67 12.9666
711.38 12.9242
694.70 12.9242
728.07 13.1199
711.36 13.1199
728.04 13.0474
711.38 13.0474
728.06 13.0853
711.38 13.0853
744.75 13.0921
728.07 13.0921
744.75 13.1037
728.06 13.1037
744.78 12.9676
728.10 12.9676
744.78 12.9143
728.10 12.9143
761.43 12.9955
744.75 12.9955
761.43 13.106
744.75 13.106
761.43 12.9563
744.75 12.9563
761.43 12.8761
744.75 12.8761
761.43 13.0247
744.75 13.0247
778.14 13.1157
761.46 13.1157
778.11 13.0552
761.43 13.0552
778.11 13.1227
761.43 13.1227
778.11 13.0085
761.43 13.0085
794.79 12.9754
778.11 12.9754
794.79 12.9462
778.11 12.9462
794.79 12.922
778.11 12.922
794.79 12.9678
778.11 12.9678
794.79 13.0158
778.11 13.0158
811.47 12.8673
794.79 12.8673
828.15 12.9678
811.47 12.9678
811.47 13.1822
794.79 13.1822
828.15 13.1309
811.47 13.1309
828.15 13.1193
811.47 13.1193
844.84 13.0171
828.15 13.0171
828.15 13.1978
811.47 13.1978
844.83 13.1377
828.15 13.1377
844.81 13.1523
828.13 13.1523
861.49 13.1911
844.81 13.1911
861.52 13.0824
844.81 13.0824
861.52 13.2077
844.84 13.2077
861.52 13.0426
844.83 13.0426
911.59 13.1749
894.91 13.1749
878.23 13.1749
861.54 13.1749
844.86 13.1749
828.18 13.1749
811.50 13.1749
794.79 13.1749
778.14 13.1749
761.46 13.1749
744.77 13.1749
728.09 13.1749
711.41 13.1749
694.73 13.1749
678.05 13.1749
661.37 13.1749
644.68 13.1749
628.00 13.1749
611.32 13.1749
594.64 13.1749
577.96 13.1749
561.27 13.1749
544.59 13.1749
527.91 13.1749
511.23 13.1749
494.55 13.1749
477.87 13.1749
461.19 13.1749
444.51 13.1749
427.83 13.1749
411.14 13.1749
394.46 13.1749
377.78 13.1749
361.10 13.1749
344.42 13.1749
327.74 13.1749
311.05 13.1749
294.37 13.1749
277.69 13.1749
261.01 13.1749
244.33 13.1749
227.65 13.1749
210.96 13.1749
194.28 13.1749
227.62 13.3156
210.94 13.3156
227.62 13.2255
210.94 13.2255
244.30 13.2197
227.62 13.2197
244.33 13.1525
227.65 13.1525
244.33 13.2016
227.65 13.2016
244.30 13.0198
227.62 13.0198
244.30 12.9629
227.61 12.9629
277.66 12.8523
260.99 12.8523
244.30 12.8523
227.64 12.8523
260.98 12.9003
244.32 12.9003
277.67 13.1454
260.98 13.1454
277.66 12.9182
260.98 12.9182
277.64 13.0329
260.95 13.0329
277.68 13.0537
260.98 13.0537
277.69 13.1076
261.01 13.1076
294.32 13.0884
277.63 13.0884
294.32 12.9903
277.64 12.9903
294.32 12.9067
277.64 12.9067
311.05 12.8868
294.37 12.8868
311.02 12.9337
294.37 12.9337
327.71 12.9785
311.03 12.9785
327.68 12.9594
311.03 12.9594
344.39 12.8816
327.71 12.8816
361.07 12.9721
344.39 12.9721
377.76 13.0715
361.07 13.0715
361.07 13.0022
344.36 13.0022
377.75 13.1252
361.04 13.1252
377.75 13.2084
361.04 13.2084
377.78 13.2899
361.08 13.2899
377.73 13.2647
361.05 13.2647
377.79 13.2982
361.07 13.2982
394.40 13.2298
377.75 13.2298
394.41 13.2709
377.75 13.2709
394.44 13.2529
377.78 13.2529
394.41 13.1491
377.73 13.1491
394.47 13.2183
377.78 13.2183
411.14 13.239
394.43 13.239
411.14 13.1013
394.42 13.1013
411.12 13.0842
394.41 13.0842
427.80 13.0311
411.12 13.0311
427.83 13.0544
411.14 13.0544
411.11 12.9966
394.44 12.9966
427.80 12.8305
461.16 13.063
444.48 13.063
444.45 13.1864
427.76 13.1864
461.19 13.229
444.50 13.229
461.16 12.9591
444.48 12.9591
477.87 13.0392
461.16 13.0392
477.84 13.2618
461.16 13.2618
477.81 12.8801
461.13 12.8801
494.52 13.0877
477.87 13.0877
494.54 12.9808
477.87 12.9808
494.54 13.2188
477.83 13.2188
494.52 12.9511
477.85 12.9511
511.20 13.2142
494.52 13.2142
511.23 13.0683
494.53 13.0683
511.23 13.2303
494.55 13.2303
511.23 13.2712
494.55 13.2712
527.89 13.1113
511.17 13.1113
527.86 13.1852
511.20 13.1852
527.91 13.1719
511.23 13.1719
527.89 13.4068
511.23 13.4068
544.57 13.3868
527.89 13.3868
544.57 13.2643
527.86 13.2643
544.57 13.4183
527.86 13.4183
544.54 13.0642
527.86 13.0642
561.25 13.2059
544.58 13.2059
561.25 13.1221
544.59 13.1221
561.25 13.0694
544.57 13.0694
561.25 12.9644
544.56 12.9644
577.90 13.1432
561.23 13.1432
577.93 12.9777
561.25 12.9777
594.61 13.1649
577.93 13.1649
594.61 12.9884
577.93 12.9884
594.64 13.0285
577.93 13.0285
611.32 12.9771
594.61 12.9771
611.32 13.0554
594.61 13.0554
628.00 12.9826
611.30 12.9826
628.00 13.2484
611.32 13.2484
644.69 13.1799
628.01 13.1799
644.66 13.2011
627.98 13.2011
644.69 12.9387
628.01 12.9387
661.36 13.0651
644.68 13.0651
661.37 13.0607
644.68 13.0607
678.04 13.1513
661.37 13.1513
678.04 13.0868
661.37 13.0868
694.70 13.1348
677.99 13.1348
694.70 13.1595
678.00 13.1595
711.38 13.2454
694.70 13.2454
711.35 12.9782
694.70 12.9782
711.41 13.1819
694.70 13.1819
728.04 13.1436
711.36 13.1436
744.75 13.0558
728.06 13.0558
744.77 12.8433
728.04 12.8433
744.78 12.9976
728.07 12.9976
761.42 12.9377
744.73 12.9377
778.13 12.9132
761.43 12.9132
778.08 12.696
761.40 12.696
794.79 12.9533
778.10 12.9533
794.79 12.7703
778.14 12.7703
811.43 12.9854
794.76 12.9854
811.47 12.8316
794.76 12.8316
828.12 13.1581
811.44 13.1581
894.88 13.3096
878.23 13.3096
861.51 13.3096
844.87 13.3096
911.53 13.0592
894.85 13.0592
878.17 13.0592
861.49 13.0592
944.90 13.3832
928.22 13.3832
911.54 13.3832
894.88 13.3832
961.58 13.1674
944.90 13.1674
928.24 13.1674
911.53 13.1674
1028.33 13.1182
1011.67 13.1182
994.96 13.1182
978.31 13.1182
1028.36 13.1989
1011.68 13.1989
994.97 13.1989
978.32 13.1989
1061.72 13.3725
1045.04 13.3725
1028.36 13.3725
1011.65 13.3725
1078.40 13.0972
1061.72 13.0972
1045.04 13.0972
1028.33 13.0972
1095.09 12.9948
1078.40 12.9948
1061.72 12.9948
1045.02 12.9948
1111.72 13.1398
1095.03 13.1398
1078.35 13.1398
1061.70 13.1398
1145.10 13.1084
1128.43 13.1084
1111.74 13.1084
1095.06 13.1084
1245.20 13.0956
1228.52 13.0956
1211.86 13.0956
1195.17 13.0956
1178.49 13.0956
1161.81 13.0956
1145.13 13.0956
1128.45 13.0956
1295.24 13.2063
1278.56 13.2063
1261.85 13.2063
1245.16 13.2063
1228.51 13.2063
1211.80 13.2063
1195.15 13.2063
1178.47 13.2063
1328.60 13.1796
1311.92 13.1796
1295.24 13.1796
1278.56 13.1796
1261.85 13.1796
1245.17 13.1796
1228.51 13.1796
1211.80 13.1796
1361.96 13.1831
1345.28 13.1831
1328.60 13.1831
1311.92 13.1831
1295.24 13.1831
1278.53 13.1831
1261.87 13.1831
1245.19 13.1831
1378.64 13.0671
1361.99 13.0671
1345.28 13.0671
1328.62 13.0671
1311.92 13.0671
1295.27 13.0671
1278.56 13.0671
1261.90 13.0671
1328.60 12.7264
1311.95 12.7264
1295.24 12.7264
1278.56 12.7264
1311.89 10.3885
1295.21 10.3885
1278.56 10.3885
1261.85 10.3885
1295.27 10.3966
1278.56 10.3966
1261.91 10.3966
1245.20 10.3966
1295.26 10.2324
1278.55 10.2324
1261.87 10.2324
1245.21 10.2324
1295.24 10.4401
1278.58 10.4401
1261.88 10.4401
1245.22 10.4401
1295.24 10.5889
1278.59 10.5889
1261.91 10.5889
1245.22 10.5889
1261.87 10.5793
1245.19 10.5793
1261.87 10.583
1245.19 10.583
1261.87 10.7032
1245.19 10.7032
1261.87 10.7125
1245.16 10.7125
1278.56 10.7051
1261.85 10.7051
1278.55 10.694
1261.87 10.694
1295.21 10.6693
1278.53 10.6693
1295.24 10.8629
1278.58 10.8629
1295.24 10.7762
1278.58 10.7762
1295.21 10.7798
1278.56 10.7798
1295.24 10.7647
1278.56 10.7647
1295.20 10.9666
1278.56 10.9666
1295.24 10.8787
1278.56 10.8787
1295.24 10.8462
1278.56 10.8462
1295.24 10.8157
1278.56 10.8157
1278.55 10.8038
1261.87 10.8038
1295.24 10.7554
1278.56 10.7554
1278.56 10.6987
1261.87 10.6987
1295.24 10.7341
1278.53 10.7341
1278.53 10.7074
1261.88 10.7074
1295.24 10.6261
1278.55 10.6261
1295.24 10.7428
1278.56 10.7428
1278.56 10.7153
1261.88 10.7153
1278.56 10.8497
1261.85 10.8497
1278.55 10.722
1261.87 10.722
1278.56 10.7109
1261.85 10.7109
1295.24 10.7453
1278.53 10.7453
1295.21 10.6464
1278.53 10.6464
1295.21 10.7035
1278.56 10.7035
1295.24 10.6427
1278.56 10.6427
1295.21 10.8305
1278.56 10.8305
1295.21 10.6955
1278.53 10.6955
1295.20 10.7146
1278.53 10.7146
1311.89 10.6733
1295.21 10.6733
1311.89 10.7661
1295.21 10.7661
1328.57 10.8319
1311.89 10.8319
1311.89 10.8007
1295.21 10.8007
1311.89 10.7783
1295.21 10.7783
1328.57 10.8069
1311.89 10.8069
1311.89 10.7743
1295.21 10.7743
1328.60 10.7678
1311.89 10.7678
1328.58 10.7958
1311.92 10.7958
1328.57 10.8145
1311.92 10.8145
1345.25 10.8518
1328.57 10.8518
1328.57 10.8581
1311.92 10.8581
1328.60 10.8519
1311.89 10.8519
1345.25 10.9382
1328.60 10.9382
1328.60 11.0531
1311.89 11.0531
1345.25 10.9518
1328.57 10.9518
1345.26 10.9563
1328.57 10.9563
1345.26 11.0304
1328.57 11.0304
1345.26 11.0959
1328.60 11.0959
1361.96 11.1266
1345.28 11.1266
1345.28 11.0741
1328.60 11.0741
1361.96 11.0406
1345.28 11.0406
1361.96 11.1705
1345.28 11.1705
1361.96 11.2127
1345.28 11.2127
1361.96 11.1715
1345.28 11.1715
1361.99 11.1653
1345.31 11.1653
1361.96 11.2377
1345.28 11.2377
1361.96 11.3226
1345.28 11.3226
1378.67 11.2273
1361.99 11.2273
1361.96 11.2355
1345.28 11.2355
1378.64 11.2711
1361.96 11.2711
1378.65 11.2466
1361.96 11.2466
1378.64 11.3218
1361.96 11.3218
1378.64 11.3712
1361.96 11.3712
1395.33 11.4715
1378.64 11.4715
1395.33 11.4111
1378.64 11.4111
1395.33 11.3069
1378.64 11.3069
1395.32 11.4011
1378.64 11.4011
1395.32 11.3548
1378.64 11.3548
1395.32 11.4044
1378.64 11.4044
1412.01 11.3847
1395.33 11.3847
1395.33 11.3778
1378.64 11.3778
1395.33 11.3536
1378.64 11.3536
1412.01 11.3382
1395.33 11.3382
1412.01 11.287
1395.33 11.287
1412.01 11.3817
1395.33 11.3817
1412.01 11.3346
1395.33 11.3346
1412.01 11.4269
1395.33 11.4269
1428.68 11.393
1412.01 11.393
1428.69 11.3852
1412.01 11.3852
1428.69 11.4954
1412.01 11.4954
1428.68 11.3646
1412.01 11.3646
1428.69 11.3691
1412.01 11.3691
1428.69 11.3068
1412.01 11.3068
1445.37 11.3004
1428.69 11.3004
1445.37 11.2969
1428.69 11.2969
1445.40 11.4343
1428.72 11.4343
1445.40 11.2342
1428.72 11.2342
1445.40 11.2246
1428.72 11.2246
1445.40 11.2018
1428.72 11.2018
1445.40 11.374
1428.71 11.374
1445.37 11.2416
1428.69 11.2416
1462.05 11.1893
1445.37 11.1893
1462.05 11.299
1445.37 11.299
1478.76 11.1292
1462.08 11.1292
1495.44 11.2768
1478.76 11.2768
1495.44 11.268
1478.76 11.268
1512.12 11.2394
1495.44 11.2394
1512.12 11.12
1495.44 11.12
1562.17 10.9372
1545.49 10.9372
1528.81 10.9372
1512.13 10.9372
1528.81 11.1596
1512.12 11.1596
1512.12 11.0323
1495.44 11.0323
1528.80 11.0494
1512.12 11.0494
1528.80 11.0839
1512.12 11.0839
1528.80 10.8889
1512.12 10.8889
1545.49 10.8605
1528.80 10.8605
1545.49 10.9759
1528.81 10.9759
1562.17 11.0693
1545.49 11.0693
1562.16 11.2017
1545.48 11.2017
1578.82 10.9998
1562.14 10.9998
1595.50 11.0656
1578.82 11.0656
1595.50 11.0013
1578.82 11.0013
1612.21 11.0455
1595.53 11.0455
1578.85 11.0455
1562.17 11.0455
1545.48 11.0455
1528.80 11.0455
1512.12 11.0455
1495.44 11.0455
1478.76 11.0455
1462.08 11.0455
1445.40 11.0455
1428.72 11.0455
1412.04 11.0455
1395.35 11.0455
1378.67 11.0455
1361.99 11.0455
1345.31 11.0455
1328.63 11.0455
1311.94 11.0455
1295.26 11.0455
1278.58 11.0455
1261.90 11.0455
1245.22 11.0455
1228.54 11.0455
1211.86 11.0455
1195.17 11.0455
1178.49 11.0455
1161.81 11.0455
1145.13 11.0455
1128.45 11.0455
1111.77 11.0455
1095.09 11.0455
1078.40 11.0455
1061.72 11.0455
1045.04 11.0455
1028.36 11.0455
1011.65 11.0455
994.97 11.0455
978.29 11.0455
961.61 11.0455
944.92 11.0455
928.27 11.0455
911.56 11.0455
894.91 11.0455
878.20 11.0455
861.54 11.0455
844.84 11.0455
828.18 11.0455
811.48 11.0455
794.82 11.0455
778.11 11.0455
761.43 11.0455
744.75 11.0455
728.06 11.0455
761.42 10.8586
744.77 10.8586
761.42 11.0247
744.73 11.0247
728.05 11.0247
711.37 11.0247
744.72 10.9859
728.04 10.9859
744.72 11.0588
728.04 11.0588
711.35 11.0588
694.67 11.0588
677.99 11.0588
661.31 11.0588
644.62 11.0588
627.94 11.0588
644.68 10.9878
627.97 10.9878
644.63 11.0504
627.95 11.0504
644.63 11.0544
627.95 11.0544
611.27 11.0544
594.58 11.0544
594.59 11.0604
577.90 11.0604
594.59 11.0905
577.90 11.0905
577.90 11.055
561.22 11.055
594.59 11.144
577.90 11.144
577.90 10.9406
561.22 10.9406
594.59 11.1385
577.91 11.1385
594.59 10.927
577.90 10.927
594.59 10.9359
577.91 10.9359
594.62 11.106
577.91 11.106
594.61 10.916
577.90 10.916
594.59 10.911
577.90 10.911
611.27 10.9556
594.59 10.9556
594.59 11.2193
577.93 11.2193
611.27 11.0588
594.59 11.0588
611.29 11.2523
594.61 11.2523
644.66 11.1016
627.95 11.1016
611.30 11.1016
594.62 11.1016
644.66 11.1935
627.98 11.1935
611.29 11.1935
594.59 11.1935
661.34 11.1431
644.66 11.1431
627.98 11.1431
611.29 11.1431
661.34 11.1338
644.66 11.1338
627.98 11.1338
611.29 11.1338
678.02 11.2687
661.34 11.2687
644.66 11.2687
627.98 11.2687
661.34 11.1774
644.66 11.1774
627.98 11.1774
611.29 11.1774
678.02 11.2743
661.34 11.2743
644.66 11.2743
627.97 11.2743
678.02 11.368
661.34 11.368
644.65 11.368
627.98 11.368
678.02 11.3007
661.34 11.3007
644.66 11.3007
627.98 11.3007
694.70 11.3672
678.02 11.3672
661.34 11.3672
644.66 11.3672
694.70 11.3908
678.02 11.3908
661.34 11.3908
644.66 11.3908
694.70 11.2841
678.02 11.2841
661.34 11.2841
644.66 11.2841
711.38 11.4187
694.70 11.4187
678.02 11.4187
661.34 11.4187
711.38 11.2682
694.70 11.2682
678.02 11.2682
661.34 11.2682
728.07 11.4059
711.38 11.4059
694.70 11.4059
678.02 11.4059
728.06 11.3243
711.38 11.3243
694.70 11.3243
678.02 11.3243
728.07 11.535
711.38 11.535
694.70 11.535
678.02 11.535
744.78 11.5029
728.10 11.5029
711.41 11.5029
694.73 11.5029
744.75 11.5329
728.07 11.5329
711.38 11.5329
694.70 11.5329
744.75 11.6015
728.06 11.6015
711.38 11.6015
694.70 11.6015
761.43 11.5751
744.75 11.5751
728.06 11.5751
711.38 11.5751
778.11 11.5077
761.43 11.5077
744.75 11.5077
728.07 11.5077
778.11 11.4688
761.43 11.4688
744.75 11.4688
728.06 11.4688
778.11 11.5158
761.43 11.5158
744.75 11.5158
728.06 11.5158
794.79 11.5441
778.11 11.5441
761.43 11.5441
744.75 11.5441
811.47 11.4756
794.79 11.4756
778.11 11.4756
761.43 11.4756
828.15 11.5027
811.47 11.5027
794.79 11.5027
778.11 11.5027
844.84 11.5532
828.16 11.5532
811.47 11.5532
794.79 11.5532
828.16 11.5549
811.47 11.5549
794.79 11.5549
778.11 11.5549
828.15 11.5825
811.47 11.5825
794.77 11.5825
778.11 11.5825
844.81 11.6885
828.13 11.6885
811.45 11.6885
794.79 11.6885
861.52 11.5585
844.84 11.5585
828.15 11.5585
811.47 11.5585
861.52 11.6103
844.84 11.6103
828.15 11.6103
811.47 11.6103
878.20 11.5429
861.52 11.5429
844.84 11.5429
828.15 11.5429
894.88 11.5362
878.20 11.5362
861.52 11.5362
844.84 11.5362
911.56 11.4313
894.88 11.4313
878.20 11.4313
861.52 11.4313
928.24 11.4479
911.56 11.4479
894.88 11.4479
878.20 11.4479
944.92 11.4528
928.24 11.4528
911.56 11.4528
894.88 11.4528
944.92 11.6284
928.24 11.6284
911.56 11.6284
894.88 11.6284
961.60 11.5794
944.92 11.5794
928.24 11.5794
911.56 11.5794
978.31 11.5953
961.63 11.5953
944.95 11.5953
928.27 11.5953
1061.70 11.5583
1045.02 11.5583
1028.33 11.5583
1011.65 11.5583
994.97 11.5583
978.26 11.5583
961.61 11.5583
944.93 11.5583
1095.08 11.5914
1078.39 11.5914
1061.72 11.5914
1045.04 11.5914
1028.35 11.5914
1011.67 11.5914
994.99 11.5914
978.31 11.5914
1111.77 11.5989
1095.09 11.5989
1078.40 11.5989
1061.72 11.5989
1045.04 11.5989
1028.36 11.5989
1011.68 11.5989
995.00 11.5989
1128.44 11.643
1111.76 11.643
1095.08 11.643
1078.40 11.643
1061.72 11.643
1045.04 11.643
1028.35 11.643
1011.67 11.643
1161.78 11.6102
1145.10 11.6102
1128.42 11.6102
1111.74 11.6102
1095.06 11.6102
1078.38 11.6102
1061.69 11.6102
1045.01 11.6102
1178.46 11.633
1161.78 11.633
1145.10 11.633
1128.42 11.633
1111.74 11.633
1095.06 11.633
1078.38 11.633
1061.69 11.633
1195.17 11.568
1178.49 11.568
1161.81 11.568
1145.13 11.568
1128.45 11.568
1111.77 11.568
1095.09 11.568
1078.37 11.568
1211.83 11.6122
1195.11 11.6122
1178.43 11.6122
1161.76 11.6122
1145.10 11.6122
1128.42 11.6122
1111.73 11.6122
1095.06 11.6122
1245.21 11.5491
1228.54 11.5491
1211.85 11.5491
1195.17 11.5491
1178.49 11.5491
1161.81 11.5491
1145.13 11.5491
1128.42 11.5491
1261.91 11.6943
1245.22 11.6943
1228.54 11.6943
1211.86 11.6943
1195.18 11.6943
1178.50 11.6943
1161.79 11.6943
1145.11 11.6943
1278.53 11.6708
1261.85 11.6708
1245.19 11.6708
1228.51 11.6708
1211.83 11.6708
1195.15 11.6708
1178.46 11.6708
1161.78 11.6708
1278.58 11.694
1261.90 11.694
1245.22 11.694
1228.54 11.694
1211.86 11.694
1195.17 11.694
1178.49 11.694
1161.81 11.694
1295.27 11.7086
1278.58 11.7086
1261.90 11.7086
1245.22 11.7086
1228.54 11.7086
1211.86 11.7086
1195.18 11.7086
1178.49 11.7086
1311.91 11.7557
1295.22 11.7557
1278.55 11.7557
1261.87 11.7557
1245.19 11.7557
1228.48 11.7557
1211.83 11.7557
1195.15 11.7557
1311.91 11.7533
1295.26 11.7533
1278.58 11.7533
1261.89 11.7533
1245.18 11.7533
1228.50 11.7533
1211.85 11.7533
1195.17 11.7533
1328.63 11.7697
1311.94 11.7697
1295.24 11.7697
1278.56 11.7697
1261.90 11.7697
1245.22 11.7697
1228.51 11.7697
1211.83 11.7697
1328.60 11.6559
1311.92 11.6559
1295.26 11.6559
1278.56 11.6559
1261.90 11.6559
1245.22 11.6559
1228.54 11.6559
1211.86 11.6559
1311.95 11.8024
1295.24 11.8024
1278.59 11.8024
1261.90 11.8024
1245.19 11.8024
1228.52 11.8024
1211.84 11.8024
1195.18 11.8024
1311.89 11.6897
1295.23 11.6897
1278.55 11.6897
1261.84 11.6897
1245.19 11.6897
1228.48 11.6897
1211.80 11.6897
1195.14 11.6897
1278.55 11.5918
1261.87 11.5918
1245.19 11.5918
1228.54 11.5918
1211.86 11.5918
1195.14 11.5918
1178.49 11.5918
1161.81 11.5918
1278.56 11.5859
1261.90 11.5859
1245.22 11.5859
1228.54 11.5859
1211.83 11.5859
1195.15 11.5859
1178.47 11.5859
1161.81 11.5859
1295.24 11.5946
1278.55 11.5946
1261.87 11.5946
1245.19 11.5946
1228.51 11.5946
1211.83 11.5946
1195.15 11.5946
1178.49 11.5946
1311.93 11.635
1295.25 11.635
1278.55 11.635
1261.86 11.635
1245.18 11.635
1228.50 11.635
1211.82 11.635
1195.13 11.635
1295.21 11.5377
1278.53 11.5377
1261.85 11.5377
1245.16 11.5377
1228.51 11.5377
1211.80 11.5377
1195.12 11.5377
1178.44 11.5377
1195.17 10.4117
1178.49 10.4117
1161.81 10.4117
1145.11 10.4117
1195.15 8.12674
1178.47 8.12674
1161.79 8.12674
1145.11 8.12674
1178.45 8.04622
1161.78 8.04622
1145.08 8.04622
1128.40 8.04622
1195.12 8.15105
1178.47 8.15105
1161.76 8.15105
1145.07 8.15105
1178.47 8.17888
1161.79 8.17888
1145.10 8.17888
1128.42 8.17888
1195.17 8.03005
1178.46 8.03005
1161.81 8.03005
1145.10 8.03005
1161.81 8.14635
1145.10 8.14635
1178.44 8.15515
1161.76 8.15515
1161.79 8.14187
1145.10 8.14187
1161.78 8.30896
1145.13 8.30896
1161.76 8.25636
1145.10 8.25636
1161.76 8.29712
1145.10 8.29712
1178.46 8.30345
1161.78 8.30345
1178.47 8.34956
1161.79 8.34956
1161.79 8.30848
1145.10 8.30848
1161.78 8.29283
1145.08 8.29283
1178.49 8.25856
1161.78 8.25856
1178.47 8.3349
1161.75 8.3349
1178.46 8.25116
1161.78 8.25116
1195.12 8.28378
1178.44 8.28378
1178.44 8.23365
1161.78 8.23365
1195.12 8.31411
1178.47 8.31411
1195.12 8.26996
1178.44 8.26996
1195.12 8.26917
1178.44 8.26917
1195.12 8.25375
1178.44 8.25375
1195.12 8.30199
1178.44 8.30199
1195.15 8.31671
1178.45 8.31671
1211.83 8.31849
1195.12 8.31849
1195.12 8.3375
1178.43 8.3375
1211.80 8.41025
1195.12 8.41025
1211.83 8.34955
1195.15 8.34955
1211.80 8.35799
1195.15 8.35799
1228.49 8.32394
1211.81 8.32394
1245.19 8.63354
1228.51 8.63354
1211.83 8.63354
1195.12 8.63354
1178.46 8.63354
1161.78 8.63354
1145.10 8.63354
1128.39 8.63354
1111.71 8.63354
1095.03 8.63354
1078.35 8.63354
1061.67 8.63354
1044.99 8.63354
1028.31 8.63354
1011.62 8.63354
994.97 8.63354
978.26 8.63354
961.61 8.63354
944.90 8.63354
928.22 8.63354
911.53 8.63354
894.85 8.63354
878.17 8.63354
861.49 8.63354
844.81 8.63354
828.12 8.63354
811.47 8.63354
794.76 8.63354
778.08 8.63354
761.40 8.63354
744.72 8.63354
728.07 8.63354
711.38 8.63354
694.67 8.63354
677.99 8.63354
661.34 8.63354
644.63 8.63354
627.95 8.63354
611.26 8.63354
594.59 8.63354
577.90 8.63354
561.25 8.63354
544.54 8.63354
527.89 8.63354
511.20 8.63354
494.50 8.63354
477.84 8.63354
461.16 8.63354
444.48 8.63354
427.80 8.63354
411.12 8.63354
394.43 8.63354
377.75 8.63354
361.07 8.63354
344.39 8.63354
327.71 8.63354
311.02 8.63354
294.34 8.63354
277.66 8.63354
260.98 8.63354
277.66 8.65508
260.98 8.65508
277.66 8.62464
260.98 8.62464
294.37 8.66735
277.69 8.66735
294.34 8.62521
277.66 8.62521
294.32 8.61441
277.64 8.61441
294.34 8.68329
277.66 8.68329
311.03 8.59697
294.35 8.59697
311.03 8.64462
294.35 8.64462
311.03 8.6759
294.35 8.6759
327.71 8.65623
311.03 8.65623
327.71 8.72964
311.01 8.72964
327.71 8.67697
311.03 8.67697
327.68 8.67185
311.03 8.67185
344.41 8.64913
327.73 8.64913
344.42 8.70603
327.74 8.70603
344.41 8.67812
327.73 8.67812
361.07 8.6886
344.39 8.6886
361.07 8.68108
344.39 8.68108
361.07 8.80046
344.39 8.80046
361.07 8.73937
377.73 8.73882
361.05 8.73882
394.46 8.7341
377.78 8.7341
394.43 8.8342
377.75 8.8342
394.43 8.84769
377.75 8.84769
394.43 8.83085
377.73 8.83085
411.09 8.85302
394.43 8.85302
411.08 8.78376
394.43 8.78376
411.08 8.85471
394.40 8.85471
377.73 8.85471
394.43 8.83882
427.79 8.86369
411.09 8.86369
427.77 8.84965
411.11 8.84965
427.80 8.77085
411.11 8.77085
427.80 8.81172
411.11 8.81172
427.80 8.85515
411.11 8.85515
444.48 8.9048
427.77 8.9048
444.45 8.83113
427.77 8.83113
444.48 8.84723
427.80 8.84723
461.16 8.79829
444.48 8.79829
461.16 8.91585
444.48 8.91585
461.16 8.88828
444.48 8.88828
461.16 8.85603
444.48 8.85603
477.84 8.83837
461.16 8.83837
461.17 8.88553
444.49 8.88553
477.84 8.86721
461.16 8.86721
477.84 8.92113
461.16 8.92113
477.84 8.85241
461.16 8.85241
477.87 8.96974
461.19 8.96974
494.52 8.91556
477.84 8.91556
494.55 8.85228
477.87 8.85228
494.55 8.83651
477.87 8.83651
511.23 8.84528
494.55 8.84528
511.23 8.86602
494.55 8.86602
511.24 8.88554
494.55 8.88554
511.23 8.82098
494.55 8.82098
527.91 8.88897
511.23 8.88897
527.91 8.73857
511.23 8.73857
527.89 8.8499
511.21 8.8499
527.91 8.7019
511.20 8.7019
527.91 8.75662
511.23 8.75662
544.59 8.62268
527.91 8.62268
527.91 8.6836
511.20 8.6836
544.56 8.63179
527.88 8.63179
544.59 8.68983
527.88 8.68983
561.25 8.63523
544.57 8.63523
561.27 8.61618
544.57 8.61618
561.25 8.64865
544.57 8.64865
561.27 8.63194
544.57 8.63194
561.28 8.5664
544.57 8.5664
577.96 8.48373
561.25 8.48373
577.90 8.37078
561.22 8.37078
594.59 8.5036
577.90 8.5036
577.90 8.39924
561.22 8.39924
594.62 8.47845
577.95 8.47845
594.61 8.42708
577.93 8.42708
594.61 8.43286
577.93 8.43286
594.61 8.38394
577.93 8.38394
594.61 8.32915
577.93 8.32915
611.30 8.37254
594.62 8.37254
611.26 8.43695
594.59 8.43695
611.28 8.38061
594.59 8.38061
611.29 8.36826
594.61 8.36826
611.29 8.41281
594.64 8.41281
627.97 8.34457
611.29 8.34457
627.97 8.33658
611.29 8.33658
627.97 8.32751
611.27 8.32751
644.63 8.33229
627.98 8.33229
644.68 8.2896
627.97 8.2896
644.68 8.27158
627.98 8.27158
644.68 8.25248
628.00 8.25248
661.30 8.27507
644.63 8.27507
661.36 8.35961
644.68 8.35961
677.98 8.38854
661.34 8.38854
677.99 8.34097
661.34 8.34097
678.01 8.33743
661.36 8.33743
677.99 8.26051
661.31 8.26051
678.02 8.2122
661.36 8.2122
678.04 8.2514
661.36 8.2514
694.70 8.20237
678.00 8.20237
694.73 8.2906
678.05 8.2906
694.73 8.27062
678.05 8.27062
744.72 8.21442
728.07 8.21442
711.36 8.21442
694.70 8.21442
711.38 8.22687
694.70 8.22687
711.36 8.23254
694.70 8.23254
711.38 8.22943
694.73 8.22943
761.46 8.17147
744.74 8.17147
728.09 8.17147
711.39 8.17147
728.09 8.18633
711.38 8.18633
728.09 8.14689
711.41 8.14689
744.78 8.18921
728.07 8.18921
744.72 8.21485
728.04 8.21485
744.75 8.20633
728.09 8.20633
778.09 8.21553
761.43 8.21553
744.75 8.21553
728.07 8.21553
761.43 8.24599
744.75 8.24599
761.43 8.21982
744.75 8.21982
761.43 8.21112
744.75 8.21112
778.13 8.19867
761.46 8.19867
778.08 8.24946
761.40 8.24946
778.14 8.27523
761.43 8.27523
794.79 8.24832
778.11 8.24832
794.76 8.24398
778.09 8.24398
794.79 8.33624
778.11 8.33624
794.79 8.31526
778.11 8.31526
794.79 8.32712
778.11 8.32712
844.84 8.29652
828.15 8.29652
811.47 8.29652
794.79 8.29652
811.50 8.28693
794.82 8.28693
811.48 8.33024
794.82 8.33024
811.47 8.31364
794.76 8.31364
828.16 8.41388
811.47 8.41388
828.15 8.36551
811.45 8.36551
828.18 8.34217
811.50 8.34217
861.54 8.37973
844.83 8.37973
828.18 8.37973
811.50 8.37973
844.81 8.28597
828.15 8.28597
878.20 8.213
861.55 8.213
844.86 8.213
828.18 8.213
844.86 8.19877
828.18 8.19877
861.54 8.1558
844.86 8.1558
861.54 8.11392
844.86 8.11392
861.52 8.15167
844.84 8.15167
878.20 8.12366
861.51 8.12366
878.20 8.14101
861.54 8.14101
878.19 8.15328
861.54 8.15328
878.20 8.18852
861.51 8.18852
878.22 8.10769
861.54 8.10769
894.89 8.09051
878.21 8.09051
894.88 8.09254
878.20 8.09254
928.24 8.07423
911.56 8.07423
894.88 8.07423
878.17 8.07423
894.89 8.04497
878.21 8.04497
894.88 8.11831
878.20 8.11831
911.59 8.08741
894.88 8.08741
911.53 8.1261
894.88 8.1261
911.56 8.09636
894.88 8.09636
961.61 8.0793
944.90 8.0793
928.22 8.0793
911.56 8.0793
928.24 8.12198
911.53 8.12198
928.22 8.14214
911.53 8.14214
928.24 8.14411
911.53 8.14411
978.29 8.17208
961.63 8.17208
944.93 8.17208
928.27 8.17208
944.90 8.17888
928.22 8.17888
944.89 8.29543
928.24 8.29543
911.53 8.29543
894.88 8.29543
878.17 8.29543
861.49 8.29543
844.80 8.29543
828.13 8.29543
811.45 8.29543
794.77 8.29543
778.08 8.29543
761.40 8.29543
744.72 8.29543
728.03 8.29543
711.36 8.29543
694.68 8.29543
677.99 8.29543
661.31 8.29543
644.63 8.29543
627.97 8.29543
611.27 8.29543
594.59 8.29543
577.90 8.29543
561.25 8.29543
544.57 8.29543
527.88 8.29543
511.20 8.29543
494.52 8.29543
477.84 8.29543
461.16 8.29543
444.48 8.29543
427.77 8.29543
411.09 8.29543
394.43 8.29543
377.72 8.29543
361.04 8.29543
344.36 8.29543
327.68 8.29543
311.02 8.29543
294.35 8.29543
277.66 8.29543
260.98 8.29543
311.06 8.31823
294.37 8.31823
277.69 8.31823
261.01 8.31823
277.66 8.29118
260.98 8.29118
294.35 8.33357
277.66 8.33357
294.35 8.35206
277.66 8.35206
294.35 8.38017
277.64 8.38017
294.35 8.41002
277.67 8.41002
311.00 8.3485
294.34 8.3485
311.06 8.35998
294.38 8.35998
311.03 8.3627
294.35 8.3627
311.03 8.34583
294.32 8.34583
311.00 8.32658
294.35 8.32658
327.68 8.35041
311.00 8.35041
327.71 8.33556
311.02 8.33556
327.71 8.31217
311.05 8.31217
327.74 8.33741
311.05 8.33741
344.42 8.4478
327.74 8.4478
344.39 8.30851
327.71 8.30851
344.39 8.43509
327.71 8.43509
344.42 8.43861
327.74 8.43861
344.36 8.46145
327.71 8.46145
361.10 8.60978
344.42 8.60978
361.08 8.58609
344.42 8.58609
377.75 8.55939
361.07 8.55939
377.78 8.56231
361.10 8.56231
377.75 8.56014
361.07 8.56014
377.77 8.54745
361.07 8.54745
377.78 8.53401
361.10 8.53401
377.76 8.54119
361.07 8.54119
394.46 8.57841
377.78 8.57841
394.46 8.55301
377.78 8.55301
394.41 8.53919
377.72 8.53919
411.11 8.75214
394.43 8.75214
411.14 8.54751
394.46 8.54751
411.08 8.75917
394.40 8.75917
411.11 8.73412
394.43 8.73412
411.11 8.72806
394.44 8.72806
411.12 8.70071
394.46 8.70071
427.80 8.68707
411.14 8.68707
427.82 8.68276
411.12 8.68276
427.80 8.6842
411.11 8.6842
427.78 8.79713
411.09 8.79713
427.80 8.74019
411.09 8.74019
444.48 8.71503
427.79 8.71503
444.50 8.82195
427.82 8.82195
444.51 8.68319
427.82 8.68319
444.48 8.75732
427.82 8.75732
461.16 8.71306
444.48 8.71306
461.19 8.73373
444.50 8.73373
461.16 8.78502
444.48 8.78502
461.13 8.73394
444.45 8.73394
461.13 8.70744
444.45 8.70744
477.84 8.67384
461.14 8.67384
477.84 8.64356
461.13 8.64356
477.82 8.71487
461.13 8.71487
477.84 8.67813
461.18 8.67813
494.52 8.66361
477.84 8.66361
494.55 8.77774
477.84 8.77774
494.52 8.74598
477.84 8.74598
494.52 8.75836
477.84 8.75836
494.55 8.74588
477.87 8.74588
511.18 8.80307
494.52 8.80307
511.20 8.76662
494.52 8.76662
511.20 8.74929
494.52 8.74929
527.89 8.78876
511.21 8.78876
527.88 8.80464
511.20 8.80464
527.89 8.77394
511.20 8.77394
527.88 8.75606
511.20 8.75606
527.89 8.7713
511.20 8.7713
527.89 8.84448
511.20 8.84448
544.54 8.74947
527.86 8.74947
544.54 8.79869
527.86 8.79869
544.57 8.79523
527.86 8.79523
544.54 8.7481
527.86 8.7481
561.22 8.75496
544.57 8.75496
561.22 8.72945
544.54 8.72945
561.22 8.74937
544.54 8.74937
577.96 8.76739
561.25 8.76739
561.25 8.69674
544.57 8.69674
577.96 8.74154
561.28 8.74154
577.90 8.69686
561.22 8.69686
577.91 8.75785
561.22 8.75785
577.93 8.67092
561.25 8.67092
594.64 8.60448
577.93 8.60448
594.64 8.60934
577.93 8.60934
594.64 8.64098
577.96 8.64098
594.61 8.57054
577.93 8.57054
594.61 8.71719
577.93 8.71719
611.32 8.6472
594.63 8.6472
611.32 8.57005
594.64 8.57005
611.29 8.55274
594.60 8.55274
628.00 8.46941
611.32 8.46941
627.98 8.47494
611.30 8.47494
628.00 8.57663
611.31 8.57663
628.00 8.54359
611.29 8.54359
627.98 8.49477
611.27 8.49477
644.68 8.47711
628.00 8.47711
644.66 8.46712
628.00 8.46712
644.66 8.50275
628.01 8.50275
644.66 8.37463
628.00 8.37463
644.63 8.40184
627.98 8.40184
661.32 8.46489
644.63 8.46489
661.34 8.39591
644.63 8.39591
661.34 8.43258
644.63 8.43258
678.02 8.4074
661.31 8.4074
661.33 8.52365
644.63 8.52365
678.02 8.4936
661.32 8.4936
678.02 8.47022
661.31 8.47022
677.99 8.50334
661.30 8.50334
694.72 8.48974
678.07 8.48974
694.70 8.46915
678.02 8.46915
694.70 8.47998
678.02 8.47998
694.73 8.42171
678.02 8.42171
711.36 8.44648
694.67 8.44648
711.38 8.48249
694.70 8.48249
711.38 8.44314
694.67 8.44314
711.38 8.44762
694.67 8.44762
711.35 8.54551
694.67 8.54551
711.41 8.51354
694.73 8.51354
728.06 8.5083
711.38 8.5083
728.09 8.49217
711.41 8.49217
728.09 8.48686
711.41 8.48686
728.09 8.47822
711.40 8.47822
728.09 8.51748
711.41 8.51748
744.74 8.53494
728.06 8.53494
744.75 8.57617
728.06 8.57617
744.75 8.55473
728.07 8.55473
744.75 8.52045
728.06 8.52045
761.43 8.50006
744.75 8.50006
761.43 8.60066
744.75 8.60066
761.43 8.54752
744.72 8.54752
778.08 8.52313
761.43 8.52313
761.40 8.55347
744.75 8.55347
778.08 8.64536
761.42 8.64536
778.09 8.56053
761.40 8.56053
778.12 8.59903
761.43 8.59903
778.08 8.55745
761.43 8.55745
794.79 8.60882
778.11 8.60882
794.79 8.58624
778.11 8.58624
794.76 8.53882
778.11 8.53882
794.82 8.612
778.14 8.612
794.79 8.5482
778.09 8.5482
811.45 8.53693
794.79 8.53693
811.48 8.50054
794.76 8.50054
811.45 8.51885
794.76 8.51885
811.45 8.60678
794.77 8.60678
828.15 8.52281
811.44 8.52281
828.16 8.4841
811.48 8.4841
828.15 8.46262
811.47 8.46262
828.15 8.48455
811.47 8.48455
844.84 8.53617
828.16 8.53617
844.84 8.53912
828.15 8.53912
844.84 8.41147
828.15 8.41147
844.84 8.43132
828.15 8.43132
844.84 8.50655
828.15 8.50655
861.52 8.45584
844.84 8.45584
861.52 8.44865
844.84 8.44865
861.52 8.43658
844.84 8.43658
861.52 8.48386
844.84 8.48386
878.20 8.37008
861.52 8.37008
844.84 8.37008
828.13 8.37008
811.47 8.37008
794.79 8.37008
778.11 8.37008
761.43 8.37008
744.75 8.37008
728.06 8.37008
711.38 8.37008
694.70 8.37008
678.02 8.37008
661.34 8.37008
644.66 8.37008
627.98 8.37008
611.29 8.37008
594.61 8.37008
577.93 8.37008
561.25 8.37008
544.57 8.37008
527.89 8.37008
511.20 8.37008
494.52 8.37008
477.84 8.37008
461.16 8.37008
444.48 8.37008
427.80 8.37008
411.12 8.37008
394.43 8.37008
377.75 8.37008
361.07 8.37008
344.39 8.37008
327.71 8.37008
311.03 8.37008
294.35 8.37008
277.66 8.37008
260.98 8.37008
260.98 8.34952
244.30 8.34952
260.98 8.33078
244.30 8.33078
277.66 8.30188
260.98 8.30188
277.67 8.3611
260.98 8.3611
277.66 8.31228
260.98 8.31228
294.34 8.32521
277.66 8.32521
294.34 8.21742
277.66 8.21742
294.35 8.29403
277.66 8.29403
294.35 8.27689
277.67 8.27689
311.03 8.22406
294.34 8.22406
344.39 8.2152
327.71 8.2152
311.03 8.2152
294.35 8.2152
311.02 8.21295
294.34 8.21295
361.07 8.18807
344.39 8.18807
327.71 8.18807
311.03 8.18807
327.71 8.19972
311.03 8.19972
344.39 8.15365
327.71 8.15365
344.39 8.18887
327.71 8.18887
377.75 8.16819
361.07 8.16819
344.39 8.16819
327.71 8.16819
344.42 8.17385
327.74 8.17385
394.43 8.16313
377.75 8.16313
361.07 8.16313
344.39 8.16313
361.07 8.15243
344.39 8.15243
361.07 8.13581
344.39 8.13581
377.75 8.13279
361.07 8.13279
394.44 8.19502
377.75 8.19502
361.07 8.19502
344.39 8.19502
377.75 8.19107
361.07 8.19107
411.12 8.19938
394.44 8.19938
377.75 8.19938
361.07 8.19938
394.43 8.16293
377.75 8.16293
377.75 8.20863
361.04 8.20863
394.43 8.18518
377.75 8.18518
394.44 8.19465
377.75 8.19465
394.43 8.27426
377.75 8.27426
394.43 8.43458
377.75 8.43458
411.08 8.31431
394.41 8.31431
411.12 8.30755
394.43 8.30755
411.12 8.30126
394.43 8.30126
411.12 8.43605
394.43 8.43605
411.12 8.40811
394.44 8.40811
411.12 8.41313
394.43 8.41313
427.80 8.38473
411.11 8.38473
427.80 8.37988
411.11 8.37988
427.80 8.38021
411.12 8.38021
427.80 8.38249
411.11 8.38249
427.80 8.33935
411.12 8.33935
444.51 8.3529
427.82 8.3529
444.50 8.29246
427.82 8.29246
444.51 8.32688
427.82 8.32688
461.19 8.36813
444.51 8.36813
461.19 8.29309
444.50 8.29309
461.18 8.33146
444.50 8.33146
477.84 8.24326
461.16 8.24326
477.84 8.28319
461.16 8.28319
477.87 8.25514
461.19 8.25514
494.52 8.22643
477.84 8.22643
494.55 8.24314
477.87 8.24314
494.53 8.24775
477.84 8.24775
494.55 8.25171
477.87 8.25171
494.56 8.25089
477.87 8.25089
494.54 8.22177
477.83 8.22177
511.21 8.24839
494.50 8.24839
511.20 8.22386
494.52 8.22386
511.20 8.2361
494.52 8.2361
511.20 8.22859
494.53 8.22859
527.86 8.19544
511.18 8.19544
527.89 8.213
511.24 8.213
527.86 8.17034
511.18 8.17034
544.59 8.17501
527.88 8.17501
527.89 8.18498
511.21 8.18498
544.57 8.20744
527.89 8.20744
544.57 8.30712
527.86 8.30712
544.59 8.18595
527.89 8.18595
544.57 8.20492
527.91 8.20492
561.25 8.2691
544.57 8.2691
561.22 8.26838
544.54 8.26838
561.23 8.2665
544.55 8.2665
561.23 8.29542
544.57 8.29542
561.24 8.32352
544.57 8.32352
577.94 8.28317
561.25 8.28317
577.90 8.29794
561.22 8.29794
577.90 8.29946
561.25 8.29946
577.93 8.33185
561.23 8.33185
594.64 8.28744
577.96 8.28744
594.61 8.32805
577.93 8.32805
594.61 8.28567
577.93 8.28567
594.61 8.33871
577.93 8.33871
611.33 8.26872
594.65 8.26872
611.32 8.23602
594.61 8.23602
611.32 8.22365
594.64 8.22365
611.30 8.19851
594.62 8.19851
611.29 8.18053
594.61 8.18053
627.98 8.17009
611.29 8.17009
628.00 8.21186
611.32 8.21186
628.01 8.20355
611.33 8.20355
644.68 8.20003
627.97 8.20003
644.66 8.19312
627.95 8.19312
644.65 8.25194
628.00 8.25194
661.31 8.23734
644.65 8.23734
644.63 8.20007
627.97 8.20007
694.70 8.18454
678.05 8.18454
661.34 8.18454
644.66 8.18454
661.31 8.12696
644.63 8.12696
661.37 8.16098
644.66 8.16098
678.05 8.18177
661.34 8.18177
678.05 8.1702
661.34 8.1702
678.02 8.11249
661.34 8.11249
678.02 8.14755
661.31 8.14755
677.99 8.15943
661.31 8.15943
678.01 8.20351
661.33 8.20351
711.40 8.16898
694.70 8.16898
694.70 8.1834
678.05 8.1834
728.07 8.17199
711.41 8.17199
694.70 8.17199
678.05 8.17199
711.39 8.16632
694.70 8.16632
711.38 8.17279
694.70 8.17279
711.38 8.15725
694.70 8.15725
711.39 8.24817
694.73 8.24817
711.38 8.23254
694.70 8.23254
728.04 8.20288
711.36 8.20288
728.07 8.22249
711.38 8.22249
728.10 8.2609
711.39 8.2609
728.06 8.24415
711.41 8.24415
728.07 8.23877
711.41 8.23877
744.76 8.27185
728.05 8.27185
744.74 8.30255
728.04 8.30255
744.74 8.31331
728.04 8.31331
744.74 8.28459
728.03 8.28459
744.75 8.45791
728.06 8.45791
761.40 8.29208
744.74 8.29208
744.75 8.43585
728.04 8.43585
761.43 8.41574
744.77 8.41574
761.46 8.42221
744.75 8.42221
778.11 8.51922
761.43 8.51922
761.42 8.49116
744.74 8.49116
778.13 8.45199
761.45 8.45199
778.14 8.46293
761.43 8.46293
778.14 8.48385
761.43 8.48385
778.11 8.46001
761.40 8.46001
794.76 8.44628
778.08 8.44628
794.76 8.44196
778.11 8.44196
794.76 8.50107
778.11 8.50107
794.79 8.46325
778.14 8.46325
811.50 8.45511
794.82 8.45511
811.47 8.44049
794.79 8.44049
811.47 8.57948
794.79 8.57948
811.47 8.55406
794.81 8.55406
811.48 8.49808
794.79 8.49808
811.50 8.52681
794.80 8.52681
828.18 8.56815
811.50 8.56815
828.18 8.52157
811.50 8.52157
828.18 8.54682
811.50 8.54682
828.12 8.63476
811.44 8.63476
828.15 8.48305
811.50 8.48305
844.84 8.59914
828.12 8.59914
844.84 8.48497
828.12 8.48497
811.45 8.48497
794.79 8.48497
778.07 8.48497
761.43 8.48497
744.75 8.48497
728.06 8.48497
711.38 8.48497
694.67 8.48497
678.02 8.48497
661.31 8.48497
644.66 8.48497
627.95 8.48497
611.27 8.48497
594.61 8.48497
577.93 8.48497
561.25 8.48497
544.57 8.48497
527.89 8.48497
511.20 8.48497
494.52 8.48497
477.84 8.48497
461.16 8.48497
444.46 8.48497
427.80 8.48497
411.09 8.48497
394.43 8.48497
377.73 8.48497
361.05 8.48497
344.36 8.48497
327.68 8.48497
311.00 8.48497
294.32 8.48497
277.64 8.48497
260.96 8.48497
260.95 8.53341
244.28 8.53341
260.95 8.46571
244.27 8.46571
260.96 8.38823
244.28 8.38823
260.95 8.40797
244.27 8.40797
260.95 8.53457
244.27 8.53457
277.64 8.45394
260.98 8.45394
277.66 8.44985
260.95 8.44985
277.69 8.52201
261.01 8.52201
277.66 8.46857
260.98 8.46857
294.35 8.4646
277.66 8.4646
294.34 8.43043
277.66 8.43043
294.34 8.45936
277.66 8.45936
294.35 8.49363
277.66 8.49363
294.35 8.4113
277.66 8.4113
311.02 8.37466
294.35 8.37466
311.05 8.35643
294.37 8.35643
311.03 8.37823
294.34 8.37823
311.02 8.34853
294.34 8.34853
327.74 8.29579
311.05 8.29579
311.05 8.30181
294.37 8.30181
327.74 8.27389
311.06 8.27389
327.73 8.30724
311.05 8.30724
327.70 8.26762
311.02 8.26762
327.73 8.31946
311.02 8.31946
344.41 8.36468
327.73 8.36468
344.42 8.34692
327.73 8.34692
344.39 8.34544
327.69 8.34544
361.07 8.35595
344.37 8.35595
361.05 8.37465
344.36 8.37465
361.04 8.34027
344.39 8.34027
361.04 8.38264
344.36 8.38264
361.05 8.33806
344.37 8.33806
377.75 8.38398
394.41 8.41661
377.75 8.41661
394.41 8.39852
377.73 8.39852
394.43 8.4222
377.73 8.4222
411.12 8.413
394.42 8.413
411.09 8.46517
394.41 8.46517
411.09 8.48726
394.44 8.48726
411.12 8.41799
394.43 8.41799
411.12 8.40272
394.41 8.40272
427.77 8.41726
411.09 8.41726
427.77 8.38576
411.09 8.38576
427.77 8.40423
411.09 8.40423
444.48 8.40769
427.80 8.40769
444.48 8.37833
427.80 8.37833
444.48 8.34023
427.80 8.34023
444.48 8.32229
427.80 8.32229
444.48 8.41483
427.80 8.41483
444.48 8.38143
427.80 8.38143
