145.54 15.6023
178.89 17.2539
162.22 17.2539
145.54 17.2539
178.90 16.0756
162.23 16.0756
145.54 16.0756
128.85 16.0756
195.55 16.5389
178.87 16.5389
162.19 16.5389
278.99 16.1393
262.31 16.1393
245.63 16.1393
228.94 16.1393
228.95 17.1844
212.27 17.1844
195.59 17.1844
178.91 17.1844
162.22 17.1844
145.57 17.1844
212.25 18.3163
195.56 18.3163
178.88 18.3163
195.58 16.0245
178.88 16.0245
162.22 16.0245
145.52 16.0245
195.56 15.6483
178.88 15.6483
162.20 15.6483
178.88 16.1336
162.22 16.1336
145.52 16.1336
128.86 16.1336
178.90 16.9059
162.22 16.9059
145.54 16.9059
195.58 16.4594
178.90 16.4594
162.22 16.4594
145.54 16.4594
178.92 15.817
162.24 15.817
145.56 15.817
245.66 16.3642
228.98 16.3642
212.29 16.3642
195.61 16.3642
195.58 16.1237
178.90 16.1237
162.22 16.1237
178.92 15.9968
162.22 15.9968
145.56 15.9968
195.60 15.2414
178.92 15.2414
162.22 15.2414
145.56 15.2414
178.92 15.5473
162.22 15.5473
145.54 15.5473
162.22 15.5061
145.54 15.5061
128.88 15.5061
112.18 15.5061
162.22 15.5225
145.55 15.5225
128.86 15.5225
195.56 16.3787
178.88 16.3787
162.20 16.3787
162.20 16.8741
145.52 16.8741
128.83 16.8741
178.90 15.7869
162.22 15.7869
145.54 15.7869
178.90 15.8274
162.20 15.8274
145.52 15.8274
128.86 15.8274
178.92 16.1758
162.24 16.1758
145.56 16.1758
245.63 15.6609
228.93 15.6609
212.24 15.6609
195.56 15.6609
228.92 15.6236
212.24 15.6236
195.56 15.6236
178.88 15.6236
162.22 15.6236
145.54 15.6236
212.29 17.4398
195.61 17.4398
178.91 17.4398
195.56 15.6778
178.92 15.6778
162.24 15.6778
145.56 15.6778
195.60 17.2637
178.92 17.2637
162.24 17.2637
162.22 15.28
145.56 15.28
128.88 15.28
112.19 15.28
162.22 16.6391
145.56 16.6391
128.88 16.6391
212.26 15.8178
195.58 15.8178
178.90 15.8178
178.90 16.4613
162.22 16.4613
145.54 16.4613
212.24 15.8965
195.56 15.8965
178.90 15.8965
178.92 15.2312
162.22 15.2312
145.54 15.2312
128.86 15.2312
178.90 15.7602
162.24 15.7602
145.56 15.7602
162.22 16.3357
145.56 16.3357
128.85 16.3357
162.22 15.9824
145.56 15.9824
128.86 15.9824
145.54 18.2487
128.88 18.2487
112.18 18.2487
162.22 15.8763
145.56 15.8763
128.86 15.8763
195.58 14.6446
178.90 14.6446
162.22 14.6446
162.22 15.7903
145.56 15.7903
128.86 15.7903
178.91 16.0033
162.22 16.0033
145.54 16.0033
278.97 17.2466
262.31 17.2466
245.61 17.2466
228.95 17.2466
228.95 15.491
212.27 15.491
195.58 15.491
178.90 15.491
162.22 15.491
145.54 15.491
178.88 14.7981
162.22 14.7981
145.51 14.7981
145.52 15.7149
128.84 15.7149
112.18 15.7149
162.21 17.0043
145.56 17.0043
128.86 17.0043
162.20 15.2028
145.52 15.2028
128.86 15.2028
178.90 16.6085
162.24 16.6085
145.56 16.6085
245.65 16.0869
228.95 16.0869
212.27 16.0869
195.58 16.0869
195.58 18.1023
178.90 18.1023
162.22 18.1023
195.58 16.1675
178.88 16.1675
162.19 16.1675
178.90 15.6689
162.24 15.6689
145.54 15.6689
128.86 15.6689
195.60 16.3419
178.90 16.3419
162.22 16.3419
178.90 17.8542
162.22 17.8542
145.54 17.8542
128.86 17.8542
195.60 16.7217
178.92 16.7217
162.24 16.7217
262.31 15.9688
245.63 15.9688
228.97 15.9688
212.27 15.9688
212.26 15.5935
195.58 15.5935
178.92 15.5935
162.22 15.5935
195.58 15.9852
178.90 15.9852
162.22 15.9852
178.90 16.0686
162.22 16.0686
145.54 16.0686
212.27 15.4407
195.58 15.4407
178.90 15.4407
195.58 14.6016
178.90 14.6016
162.22 14.6016
145.54 14.6016
128.86 14.6016
195.58 14.6556
178.90 14.6556
162.22 14.6556
162.20 15.3226
145.54 15.3226
128.84 15.3226
112.16 15.3226
162.22 15.9991
145.53 15.9991
128.88 15.9991
195.59 15.5685
178.91 15.5685
162.22 15.5685
162.22 15.7525
145.55 15.7525
128.87 15.7525
195.59 17.5555
178.91 17.5555
162.23 17.5555
178.89 14.8193
162.23 14.8193
145.55 14.8193
128.86 14.8193
178.93 16.5635
162.22 16.5635
145.54 16.5635
228.94 15.9025
212.27 15.9025
195.59 15.9025
178.91 15.9025
178.90 15.7081
162.25 15.7081
145.54 15.7081
195.57 15.634
178.88 15.634
162.19 15.634
162.19 19.1767
145.51 19.1767
128.83 19.1767
112.15 19.1767
162.23 17.1597
145.54 17.1597
128.88 17.1597
162.23 16.095
145.54 16.095
128.88 16.095
162.25 16.7545
145.57 16.7545
128.89 16.7545
228.97 15.4951
212.29 15.4951
195.61 15.4951
178.91 15.4951
329.03 15.421
312.35 15.421
295.67 15.421
362.41 16.0923
345.72 16.0923
329.04 16.0923
312.36 16.0923
295.67 16.0923
279.02 16.0923
262.34 16.0923
245.64 16.0923
228.95 16.0923
212.26 16.0923
195.59 16.0923
178.91 16.0923
162.22 16.0923
228.94 17.3789
212.26 17.3789
195.58 17.3789
178.90 17.3789
178.90 16.7335
162.21 16.7335
145.54 16.7335
128.88 16.7335
162.21 15.8845
145.53 15.8845
128.85 15.8845
162.18 15.8968
145.53 15.8968
128.88 15.8968
112.17 15.8968
145.54 15.5628
128.86 15.5628
112.18 15.5628
162.22 17.2422
145.54 17.2422
128.86 17.2422
178.88 16.2031
162.20 16.2031
145.52 16.2031
195.58 16.1492
178.88 16.1492
162.20 16.1492
145.52 16.1492
162.23 15.8741
145.55 15.8741
128.88 15.8741
178.91 16.5265
162.25 16.5265
145.55 16.5265
278.99 17.5542
262.31 17.5542
245.63 17.5542
228.94 17.5542
312.35 17.3935
295.67 17.3935
278.99 17.3935
262.31 17.3935
245.62 17.3935
228.94 17.3935
212.28 17.3935
212.29 19.0399
195.58 19.0399
178.90 19.0399
162.22 19.0399
195.57 16.0937
178.88 16.0937
162.20 16.0937
145.54 16.0937
262.31 16.2945
245.62 16.2945
228.95 16.2945
212.26 16.2945
212.26 16.541
195.58 16.541
178.92 16.541
195.60 15.9645
178.92 15.9645
162.23 15.9645
145.54 15.9645
145.56 19.0588
128.88 19.0588
112.20 19.0588
162.22 16.3731
145.54 16.3731
128.86 16.3731
245.61 17.5318
228.93 17.5318
212.23 17.5318
245.61 19.1085
228.93 19.1085
212.24 19.1085
195.56 19.1085
178.88 19.1085
162.20 19.1085
145.52 19.1085
195.59 19.1767
178.88 19.1767
162.20 19.1767
178.90 15.8793
162.22 15.8793
145.52 15.8793
128.86 15.8793
162.24 19.2677
145.54 19.2677
128.88 19.2677
245.65 15.6599
228.94 15.6599
212.29 15.6599
195.58 15.6599
228.97 16.7239
212.26 16.7239
195.60 16.7239
195.56 17.3868
178.91 17.3868
162.22 17.3868
195.60 16.5886
178.90 16.5886
162.22 16.5886
262.33 16.3299
245.63 16.3299
228.92 16.3299
212.24 16.3299
212.28 17.4581
195.60 17.4581
178.90 17.4581
228.95 19.0064
212.28 19.0064
195.58 19.0064
178.90 19.0064
195.58 15.9731
178.90 15.9731
162.22 15.9731
145.56 15.9731
128.88 15.9731
178.92 15.9346
162.22 15.9346
145.54 15.9346
278.99 16.5412
262.30 16.5412
245.65 16.5412
228.92 16.5412
228.95 15.6785
212.26 15.6785
195.58 15.6785
195.58 19.0298
178.90 19.0298
162.22 19.0298
145.56 19.0298
145.52 15.8603
128.86 15.8603
112.18 15.8603
162.22 17.4705
145.54 17.4705
128.86 17.4705
162.22 18.7733
145.56 18.7733
128.86 18.7733
178.92 19.071
162.22 19.071
145.54 19.071
295.67 16.2979
278.99 16.2979
262.31 16.2979
245.63 16.2979
245.65 15.5905
228.95 15.5905
212.27 15.5905
195.59 15.5905
178.91 15.5905
162.22 15.5905
145.54 15.5905
145.54 16.0237
128.86 16.0237
112.18 16.0237
162.22 16.0526
145.54 16.0526
128.88 16.0526
112.20 16.0526
178.88 18.3819
162.20 18.3819
145.52 18.3819
162.23 16.6435
145.55 16.6435
128.87 16.6435
195.58 15.7054
178.90 15.7054
162.22 15.7054
278.99 15.6463
262.31 15.6463
245.63 15.6463
228.96 15.6463
228.95 16.3738
212.29 16.3738
195.61 16.3738
178.90 16.3738
162.22 16.3738
145.54 16.3738
178.90 16.5344
162.22 16.5344
145.54 16.5344
145.54 16.1294
128.86 16.1294
112.18 16.1294
162.22 15.4429
145.54 15.4429
128.85 15.4429
128.84 18.1765
112.16 18.1765
95.48 18.1765
145.54 17.0515
128.86 17.0515
112.18 17.0515
228.95 16.0138
212.26 16.0138
195.58 16.0138
212.26 15.9942
195.58 15.9942
178.90 15.9942
162.24 15.9942
145.54 15.9942
128.86 15.9942
178.90 17.2017
162.22 17.2017
145.54 17.2017
162.22 15.8212
145.54 15.8212
128.86 15.8212
112.18 15.8212
162.22 16.3552
145.54 16.3552
128.86 16.3552
262.31 17.5254
245.63 17.5254
228.95 17.5254
245.63 16.5573
228.95 16.5573
212.26 16.5573
195.58 16.5573
178.90 16.5573
162.22 16.5573
145.54 16.5573
212.27 15.8129
195.59 15.8129
178.89 15.8129
178.90 15.728
162.22 15.728
145.54 15.728
128.88 15.728
162.22 19.0826
145.54 19.0826
128.86 19.0826
145.54 15.7203
128.86 15.7203
112.18 15.7203
178.90 18.5454
162.22 18.5454
145.54 18.5454
245.63 19.0949
228.95 19.0949
212.25 19.0949
195.58 19.0949
245.63 16.0966
228.95 16.0966
212.27 16.0966
212.27 16.1493
195.59 16.1493
178.91 16.1493
262.34 17.3354
245.66 17.3354
228.98 17.3354
212.29 17.3354
195.61 17.3354
178.93 17.3354
162.27 17.3354
145.59 17.3354
262.31 19.2465
245.63 19.2465
228.94 19.2465
228.95 16.16
212.26 16.16
195.60 16.16
228.95 15.7976
212.27 15.7976
195.59 15.7976
178.91 15.7976
178.92 17.3353
162.22 17.3353
145.54 17.3353
128.85 17.3353
178.90 18.4596
162.22 18.4596
145.54 18.4596
178.90 16.6157
162.22 16.6157
145.53 16.6157
128.86 16.6157
162.22 19.2821
145.56 19.2821
128.85 19.2821
262.31 15.5507
245.63 15.5507
228.95 15.5507
212.27 15.5507
295.67 15.9718
278.99 15.9718
262.31 15.9718
262.31 16.1477
245.63 16.1477
228.96 16.1477
212.26 16.1477
195.58 16.1477
178.90 16.1477
162.22 16.1477
145.54 16.1477
195.56 15.5757
178.90 15.5757
162.22 15.5757
162.20 16.6108
145.53 16.6108
128.85 16.6108
112.17 16.6108
162.22 15.9934
145.53 15.9934
128.86 15.9934
128.86 16.0374
112.18 16.0374
95.49 16.0374
145.54 15.4204
128.85 15.4204
112.17 15.4204
162.23 19.1044
145.54 19.1044
128.86 19.1044
162.22 17.3206
145.54 17.3206
128.86 17.3206
195.58 15.7346
178.92 15.7346
162.22 15.7346
145.56 15.7346
278.99 17.5262
262.31 17.5262
245.63 17.5262
245.63 16.1498
228.95 16.1498
212.26 16.1498
228.93 15.3229
212.24 15.3229
195.56 15.3229
178.88 15.3229
195.58 16.6104
178.90 16.6104
162.24 16.6104
145.56 16.6104
178.88 16.5776
162.19 16.5776
145.51 16.5776
178.92 15.8822
162.24 15.8822
145.53 15.8822
128.85 15.8822
162.22 17.3638
145.54 17.3638
128.88 17.3638
162.22 15.5177
145.51 15.5177
128.86 15.5177
112.20 15.5177
145.54 17.3101
128.83 17.3101
112.15 17.3101
178.88 15.8852
162.22 15.8852
145.51 15.8852
145.54 15.8059
128.86 15.8059
112.17 15.8059
145.54 18.2167
128.86 18.2167
112.17 18.2167
145.54 15.4376
128.84 15.4376
112.18 15.4376
162.20 16.0627
145.54 16.0627
128.84 16.0627
278.99 17.094
262.33 17.094
245.65 17.094
245.65 15.6173
228.95 15.6173
212.26 15.6173
195.60 15.6173
178.92 15.6173
162.22 15.6173
145.54 15.6173
178.90 16.6054
162.22 16.6054
145.54 16.6054
178.91 19.1659
162.24 19.1659
145.54 19.1659
128.88 19.1659
162.22 15.5134
145.54 15.5134
128.86 15.5134
262.31 16.4552
245.65 16.4552
228.97 16.4552
212.29 16.4552
212.29 15.1157
195.60 15.1157
178.92 15.1157
178.92 15.2792
162.22 15.2792
145.56 15.2792
145.54 15.1932
128.86 15.1932
112.18 15.1932
162.22 16.0871
145.56 16.0871
128.86 16.0871
162.22 17.4293
145.56 17.4293
128.86 17.4293
162.22 16.1466
145.53 16.1466
128.86 16.1466
262.29 16.4745
245.60 16.4745
228.93 16.4745
212.26 16.4745
212.26 16.2549
195.56 16.2549
178.90 16.2549
195.61 15.7332
178.90 15.7332
162.22 15.7332
162.24 18.9215
145.54 18.9215
128.88 18.9215
162.22 16.5603
145.54 16.5603
128.86 16.5603
262.30 17.4844
245.63 17.4844
228.93 17.4844
262.31 19.0752
245.65 19.0752
228.95 19.0752
212.28 19.0752
195.58 19.0752
178.92 19.0752
162.24 19.0752
212.26 15.7453
195.58 15.7453
178.92 15.7453
162.24 15.7453
379.10 15.869
362.42 15.869
345.72 15.869
329.04 15.869
312.37 15.869
295.67 15.869
278.99 15.869
312.38 19.0077
295.67 19.0077
278.99 19.0077
262.31 19.0077
245.63 19.0077
228.95 19.0077
212.29 19.0077
195.58 19.0077
178.90 19.0077
162.22 19.0077
145.54 19.0077
212.26 16.6258
195.58 16.6258
178.92 16.6258
162.24 16.6258
178.92 16.0705
162.24 16.0705
145.54 16.0705
128.86 16.0705
162.22 16.2029
145.54 16.2029
128.86 16.2029
178.90 15.4763
162.24 15.4763
145.54 15.4763
128.86 15.4763
162.22 17.3424
145.54 17.3424
128.86 17.3424
262.31 18.7632
245.61 18.7632
228.95 18.7632
212.26 18.7632
212.26 15.9212
195.60 15.9212
178.90 15.9212
162.24 15.9212
145.56 15.9212
128.88 15.9212
178.90 16.3183
162.22 16.3183
145.54 16.3183
145.54 17.1502
128.86 17.1502
112.18 17.1502
162.22 15.6032
145.52 15.6032
128.86 15.6032
145.52 16.1747
128.86 16.1747
112.16 16.1747
162.22 18.6214
145.54 18.6214
128.88 18.6214
245.61 19.4836
228.95 19.4836
212.26 19.4836
195.56 19.4836
262.31 16.1514
245.65 16.1514
228.97 16.1514
245.65 15.9606
228.95 15.9606
212.26 15.9606
195.58 15.9606
178.90 15.9606
162.22 15.9606
145.54 15.9606
128.88 15.9606
195.60 16.5082
178.92 16.5082
162.24 16.5082
145.56 16.5082
145.56 17.6211
128.86 17.6211
112.20 17.6211
162.22 16.8498
145.56 16.8498
128.86 16.8498
145.54 16.0101
128.86 16.0101
112.20 16.0101
145.56 15.5311
128.85 15.5311
112.18 15.5311
128.86 16.8214
112.18 16.8214
95.50 16.8214
145.54 15.7254
128.86 15.7254
112.18 15.7254
162.22 17.3797
145.54 17.3797
128.86 17.3797
145.52 16.6968
128.84 16.6968
112.16 16.6968
162.22 16.1967
145.54 16.1967
128.86 16.1967
262.31 15.5299
245.61 15.5299
228.95 15.5299
245.63 16.0351
228.95 16.0351
212.27 16.0351
195.59 16.0351
178.93 16.0351
162.24 16.0351
145.56 16.0351
162.22 19.3366
145.54 19.3366
128.86 19.3366
112.18 19.3366
162.22 15.8126
145.54 15.8126
128.88 15.8126
112.20 15.8126
145.56 15.8522
128.88 15.8522
112.17 15.8522
145.53 16.8812
128.85 16.8812
112.17 16.8812
178.90 18.9501
162.22 18.9501
145.56 18.9501
245.63 16.4461
228.97 16.4461
212.26 16.4461
195.55 16.4461
245.63 17.7264
228.97 17.7264
212.26 17.7264
195.58 17.7264
178.90 17.7264
162.24 17.7264
145.53 17.7264
212.24 16.0142
195.58 16.0142
178.90 16.0142
195.60 16.0573
178.90 16.0573
162.22 16.0573
145.54 16.0573
128.85 16.0573
162.22 16.8818
145.54 16.8818
128.86 16.8818
162.22 16.2382
145.54 16.2382
128.86 16.2382
112.17 16.2382
162.24 18.4749
145.53 18.4749
128.88 18.4749
245.62 17.2156
228.94 17.2156
212.27 17.2156
195.56 17.2156
195.58 16.5907
178.90 16.5907
162.22 16.5907
178.90 16.5868
162.22 16.5868
145.53 16.5868
245.61 15.6134
228.94 15.6134
212.25 15.6134
195.58 15.6134
178.90 15.6134
162.22 15.6134
178.90 15.8018
162.22 15.8018
145.54 15.8018
128.85 15.8018
145.53 16.2187
128.85 16.2187
112.17 16.2187
95.50 16.2187
162.22 18.1295
145.54 18.1295
128.86 18.1295
212.26 16.4481
195.59 16.4481
178.90 16.4481
178.90 16.2712
162.22 16.2712
145.54 16.2712
145.54 17.0617
128.86 17.0617
112.18 17.0617
145.54 16.8144
128.86 16.8144
112.18 16.8144
162.22 15.6525
145.54 15.6525
128.86 15.6525
245.63 17.0499
228.95 17.0499
212.26 17.0499
195.58 17.0499
195.58 16.5932
178.90 16.5932
162.22 16.5932
162.22 16.4254
145.54 16.4254
128.86 16.4254
128.85 16.6897
112.18 16.6897
95.49 16.6897
145.54 17.6854
128.86 17.6854
112.18 17.6854
278.97 19.2923
262.29 19.2923
245.61 19.2923
245.61 16.7731
228.93 16.7731
212.24 16.7731
245.61 17.5014
228.93 17.5014
212.25 17.5014
195.56 17.5014
195.56 16.5519
178.88 16.5519
162.20 16.5519
178.90 18.7696
162.20 18.7696
145.52 18.7696
145.54 16.6968
128.86 16.6968
112.18 16.6968
95.50 16.6968
162.25 16.2472
145.57 16.2472
128.88 16.2472
245.63 15.9507
228.95 15.9507
212.27 15.9507
212.29 19.4112
195.60 19.4112
178.92 19.4112
162.24 19.4112
145.56 19.4112
128.88 19.4112
178.92 15.7377
162.24 15.7377
145.54 15.7377
145.54 16.5012
128.88 16.5012
112.18 16.5012
162.24 17.3983
145.56 17.3983
128.88 17.3983
145.54 16.068
128.86 16.068
112.18 16.068
162.24 16.3025
145.56 16.3025
128.86 16.3025
262.33 16.4943
245.63 16.4943
228.97 16.4943
212.28 16.4943
212.26 18.6362
195.58 18.6362
178.92 18.6362
178.90 15.9657
162.24 15.9657
145.54 15.9657
145.54 15.4127
128.86 15.4127
112.20 15.4127
128.86 15.263
112.20 15.263
95.51 15.263
128.88 15.5138
112.18 15.5138
95.50 15.5138
145.56 16.1544
128.86 16.1544
112.18 16.1544
212.26 16.688
195.58 16.688
178.90 16.688
178.90 18.0323
162.22 18.0323
145.54 18.0323
195.58 16.7191
178.90 16.7191
162.22 16.7191
145.54 16.7191
145.54 16.2455
128.88 16.2455
112.17 16.2455
145.56 16.3054
128.88 16.3054
112.18 16.3054
128.88 15.9237
112.18 15.9237
95.50 15.9237
145.54 17.2471
128.86 17.2471
112.17 17.2471
212.27 17.8643
195.58 17.8643
178.90 17.8643
178.88 15.5943
162.19 15.5943
145.54 15.5943
145.52 16.5457
128.86 16.5457
112.16 16.5457
145.54 15.848
128.86 15.848
112.18 15.848
145.56 16.3635
128.88 16.3635
112.20 16.3635
145.54 15.8532
128.86 15.8532
112.18 15.8532
162.24 17.652
145.56 17.652
128.88 17.652
228.95 16.025
212.26 16.025
195.60 16.025
178.90 16.025
178.90 15.7152
162.22 15.7152
145.56 15.7152
178.90 16.0522
162.22 16.0522
145.56 16.0522
162.22 15.2511
145.56 15.2511
128.86 15.2511
162.22 17.5615
145.57 17.5615
128.87 17.5615
145.54 15.6911
128.88 15.6911
112.18 15.6911
162.22 16.7245
145.54 16.7245
128.86 16.7245
228.95 15.9483
212.26 15.9483
195.58 15.9483
195.58 16.3233
178.89 16.3233
162.20 16.3233
162.22 15.0481
145.54 15.0481
128.86 15.0481
162.27 18.7266
145.58 18.7266
128.91 18.7266
178.93 14.9614
162.25 14.9614
145.54 14.9614
278.99 17.3315
262.31 17.3315
245.63 17.3315
329.03 15.6256
312.35 15.6256
295.67 15.6256
278.99 15.6256
262.33 15.6256
245.63 15.6256
228.97 15.6256
212.29 15.6256
195.58 15.6256
178.90 15.6256
278.99 16.1279
262.31 16.1279
245.61 16.1279
228.93 16.1279
228.97 16.0931
212.27 16.0931
195.61 16.0931
178.91 16.0931
162.25 16.0931
195.56 15.5453
178.90 15.5453
162.19 15.5453
195.59 15.9314
178.91 15.9314
162.22 15.9314
145.54 15.9314
195.59 15.5778
178.91 15.5778
162.23 15.5778
178.93 15.3395
162.23 15.3395
145.57 15.3395
128.86 15.3395
178.92 15.2739
162.24 15.2739
145.56 15.2739
162.21 16.5129
145.54 16.5129
128.88 16.5129
112.15 16.5129
162.24 15.6513
145.53 15.6513
128.84 15.6513
178.88 16.3751
162.19 16.3751
145.51 16.3751
145.54 14.869
128.86 14.869
112.18 14.869
195.58 15.9062
178.92 15.9062
162.22 15.9062
162.25 15.4381
145.57 15.4381
128.88 15.4381
162.22 15.2056
145.56 15.2056
128.88 15.2056
195.59 16.9131
178.91 16.9131
162.22 16.9131
162.23 15.9424
145.54 15.9424
128.86 15.9424
195.58 15.4374
178.90 15.4374
162.22 15.4374
162.22 16.3453
145.54 16.3453
128.86 16.3453
178.88 15.6272
162.20 15.6272
145.54 15.6272
162.22 15.6628
145.54 15.6628
128.84 15.6628
112.18 15.6628
178.90 15.3734
162.22 15.3734
145.54 15.3734
412.44 15.741
395.76 15.741
379.10 15.741
379.10 16.9434
362.42 16.9434
345.71 16.9434
345.74 14.9665
329.04 14.9665
312.35 14.9665
329.03 15.9093
312.35 15.9093
295.67 15.9093
278.99 15.9093
262.31 15.9093
245.63 15.9093
228.95 15.9093
212.26 15.9093
195.58 15.9093
178.90 15.9093
162.22 15.9093
145.56 15.9093
195.60 16.4462
178.90 16.4462
162.22 16.4462
162.24 15.9251
145.53 15.9251
128.88 15.9251
112.18 15.9251
162.22 15.7093
145.54 15.7093
128.86 15.7093
228.96 15.2056
212.28 15.2056
195.60 15.2056
195.59 16.7443
178.91 16.7443
162.23 16.7443
195.56 14.8673
178.87 14.8673
162.20 14.8673
178.90 16.2019
162.22 16.2019
145.54 16.2019
195.56 15.4817
178.88 15.4817
162.20 15.4817
178.90 15.6839
162.22 15.6839
145.54 15.6839
128.86 15.6839
178.92 16.4977
162.24 16.4977
145.56 16.4977
212.28 15.2602
195.58 15.2602
178.90 15.2602
178.90 15.2846
162.22 15.2846
145.53 15.2846
212.28 15.327
195.58 15.327
178.90 15.327
178.90 15.8265
162.20 15.8265
145.52 15.8265
128.86 15.8265
195.60 15.1995
178.90 15.1995
162.24 15.1995
178.90 15.6933
162.22 15.6933
145.54 15.6933
128.88 15.6933
162.22 14.9507
145.56 14.9507
128.86 14.9507
145.57 15.9098
128.86 15.9098
112.18 15.9098
145.54 15.0163
128.86 15.0163
112.18 15.0163
178.88 15.1479
162.20 15.1479
145.52 15.1479
145.52 16.0628
128.84 16.0628
112.16 16.0628
162.20 15.9035
145.52 15.9035
128.84 15.9035
245.61 15.9557
228.93 15.9557
212.25 15.9557
212.25 16.8661
195.58 16.8661
178.90 16.8661
178.88 16.9602
162.22 16.9602
145.54 16.9602
178.92 15.3204
162.24 15.3204
145.54 15.3204
128.88 15.3204
195.60 15.2091
178.92 15.2091
162.24 15.2091
162.22 15.8174
145.54 15.8174
128.86 15.8174
195.58 15.2654
178.90 15.2654
162.22 15.2654
145.54 15.2654
278.99 15.6265
262.31 15.6265
245.63 15.6265
245.63 15.5132
228.95 15.5132
212.26 15.5132
212.26 15.2614
195.58 15.2614
178.90 15.2614
178.90 15.3419
162.22 15.3419
145.54 15.3419
128.86 15.3419
145.54 15.0023
128.86 15.0023
112.18 15.0023
162.22 14.7665
145.54 14.7665
128.86 14.7665
178.90 15.4132
162.22 15.4132
145.54 15.4132
162.22 15.6737
145.54 15.6737
128.86 15.6737
162.22 15.1233
145.54 15.1233
128.86 15.1233
212.26 16.245
195.58 16.245
178.90 16.245
178.90 15.2168
162.22 15.2168
195.58 15.1902
178.90 15.1902
162.22 15.1902
162.21 15.5923
145.54 15.5923
128.86 15.5923
112.18 15.5923
162.22 15.8337
145.52 15.8337
128.86 15.8337
245.63 15.2714
228.95 15.2714
212.27 15.2714
212.27 15.8404
195.58 15.8404
178.90 15.8404
178.90 15.7625
162.22 15.7625
145.54 15.7625
178.90 15.3855
162.22 15.3855
145.54 15.3855
128.86 15.3855
178.90 16.458
162.22 16.458
145.54 16.458
145.54 15.1404
128.86 15.1404
112.18 15.1404
145.54 15.2528
128.86 15.2528
112.18 15.2528
162.22 15.6562
145.54 15.6562
128.86 15.6562
345.72 15.1777
329.03 15.1777
312.35 15.1777
412.44 15.5039
395.76 15.5039
379.08 15.5039
379.12 15.887
362.44 15.887
345.76 15.887
345.72 13.2745
329.03 13.2745
312.35 13.2745
312.35 14.8484
295.67 14.8484
278.99 14.8484
262.31 14.8484
262.31 13.5974
245.63 13.5974
228.95 13.5974
212.26 13.5974
195.58 13.5974
178.90 13.5974
162.22 13.5974
145.54 13.5974
128.86 13.5974
112.18 13.5974
195.58 14.0665
178.90 14.0665
162.22 14.0665
145.54 14.0665
128.86 14.0665
178.90 14.4697
162.22 14.4697
145.53 14.4697
178.90 13.3287
162.22 13.3287
145.54 13.3287
212.24 14.4147
195.58 14.4147
178.90 14.4147
178.90 14.3105
162.22 14.3105
145.54 14.3105
178.90 14.5645
162.22 14.5645
145.54 14.5645
145.54 14.251
128.86 14.251
112.18 14.251
162.22 14.707
145.54 14.707
178.90 14.7786
162.22 14.7786
145.54 14.7786
145.54 15.0897
128.86 15.0897
112.18 15.0897
128.86 14.8528
112.18 14.8528
95.50 14.8528
162.22 14.7149
145.54 14.7149
128.86 14.7149
128.86 14.4111
112.18 14.4111
178.90 15.3584
162.22 15.3584
145.54 15.3584
145.54 15.0732
128.86 15.0732
112.18 15.0732
162.22 14.7118
145.54 14.7118
128.86 14.7118
145.54 15.3513
128.86 15.3513
112.18 15.3513
162.22 14.9355
145.54 14.9355
128.86 14.9355
195.58 14.9249
178.90 14.9249
162.22 14.9249
162.22 14.7229
145.54 14.7229
128.86 14.7229
178.90 14.7073
162.22 14.7073
145.54 14.7073
145.54 15.1983
128.86 15.1983
112.18 15.1983
162.22 14.9565
145.54 14.9565
128.86 14.9565
212.26 14.3199
195.58 14.3199
178.90 14.3199
178.90 15.2226
162.22 15.2226
145.54 15.2226
178.90 14.6818
162.22 14.6818
145.54 14.6818
162.22 15.0945
145.54 15.0945
128.86 15.0945
162.22 14.6274
145.54 14.6274
128.86 14.6274
162.22 14.8481
145.54 14.8481
128.86 14.8481
178.90 15.4204
162.22 15.4204
145.54 15.4204
212.26 15.4397
195.58 15.4397
178.90 15.4397
178.90 14.6786
162.22 14.6786
145.54 14.6786
162.22 14.6814
145.54 14.6814
128.86 14.6814
195.59 13.8187
178.90 13.8187
162.22 13.8187
195.58 13.9086
178.90 13.9086
162.22 13.9086
145.54 13.9086
162.22 12.8715
145.54 12.8715
128.86 12.8715
145.54 13.9241
128.86 13.9241
112.17 13.9241
162.22 14.9262
145.54 14.9262
128.86 14.9262
178.90 14.1743
162.22 14.1743
145.54 14.1743
228.95 14.6449
212.26 14.6449
195.58 14.6449
195.59 13.0943
178.90 13.0943
162.22 13.0943
162.22 14.4356
145.54 14.4356
128.86 14.4356
562.58 13.9345
545.89 13.9345
529.21 13.9345
512.53 13.9345
495.85 13.9345
479.17 13.9345
462.49 13.9345
445.81 13.9345
429.12 13.9345
495.85 15.6062
479.17 15.6062
462.49 15.6062
445.81 15.6062
429.12 15.6062
412.44 15.6062
395.76 15.6062
379.08 15.6062
362.40 15.6062
345.72 15.6062
329.04 15.6062
312.35 15.6062
295.67 15.6062
329.04 12.1575
312.35 12.1575
295.67 12.1575
278.99 12.1575
262.31 12.1575
245.63 12.1575
228.95 12.1575
212.26 12.1575
195.58 12.1575
178.90 12.1575
162.22 12.1575
145.54 12.1575
145.54 11.5997
128.86 11.5997
112.18 11.5997
128.86 11.4124
112.18 11.4124
95.50 11.4124
295.67 12.7457
278.99 12.7457
262.31 12.7457
245.63 12.7457
228.95 12.7457
212.26 12.7457
195.59 12.7457
178.90 12.7457
162.22 12.7457
145.54 12.7457
128.86 12.7457
178.90 12.5017
162.22 12.5017
145.54 12.5017
195.58 11.9708
178.90 11.9708
162.22 11.9708
162.22 12.3765
145.54 12.3765
128.86 12.3765
162.22 12.0303
145.54 12.0303
128.86 12.0303
145.54 12.0295
128.86 12.0295
112.18 12.0295
145.53 12.5712
128.86 12.5712
112.18 12.5712
145.54 12.2203
128.86 12.2203
112.18 12.2203
162.22 12.8658
145.54 12.8658
128.86 12.8658
145.54 11.9146
128.86 11.9146
112.18 11.9146
245.63 11.245
228.95 11.245
212.27 11.245
195.58 11.245
178.90 11.245
162.22 11.245
145.54 11.245
128.86 11.245
112.18 11.245
95.49 11.245
178.90 14.0308
162.22 14.0308
145.54 14.0308
128.86 14.0308
112.18 14.0308
145.54 11.2165
128.86 11.2165
112.18 11.2165
162.22 12.0743
145.54 12.0743
128.86 12.0743
195.58 13.0343
178.90 13.0343
162.22 13.0343
228.97 14.0218
212.29 14.0218
195.61 14.0218
195.58 11.585
178.90 11.585
162.22 11.585
178.90 13.6255
162.22 13.6255
145.54 13.6255
395.78 14.0403
379.10 14.0403
362.40 14.0403
345.74 14.0403
329.05 14.0403
312.37 14.0403
295.69 14.0403
279.01 14.0403
262.33 14.0403
245.65 14.0403
228.97 14.0403
212.28 14.0403
329.05 14.8696
312.37 14.8696
295.69 14.8696
279.01 14.8696
262.33 14.8696
245.65 14.8696
228.97 14.8696
212.28 14.8696
195.60 14.8696
178.92 14.8696
162.24 14.8696
145.54 14.8696
212.25 13.8745
195.56 13.8745
178.90 13.8745
178.90 14.2274
162.20 14.2274
145.54 14.2274
178.90 13.7687
162.22 13.7687
145.54 13.7687
162.22 13.8548
145.54 13.8548
128.86 13.8548
128.84 14.6854
112.16 14.6854
95.47 14.6854
112.18 13.5393
95.49 13.5393
145.56 13.7349
128.88 13.7349
128.86 13.04
112.18 13.04
145.54 13.6185
128.86 13.6185
295.67 14.2345
278.99 14.2345
262.31 14.2345
245.63 14.2345
228.94 14.2345
212.27 14.2345
195.60 14.2345
178.90 14.2345
162.22 14.2345
145.56 14.2345
128.86 14.2345
195.58 13.9516
178.90 13.9516
162.22 13.9516
212.26 14.2275
195.58 14.2275
178.90 14.2275
195.61 13.9212
178.92 13.9212
162.24 13.9212
178.90 13.7238
162.22 13.7238
145.54 13.7238
145.54 14.0272
128.86 14.0272
112.20 14.0272
162.22 13.8252
145.54 13.8252
128.86 13.8252
195.58 14.3762
178.90 14.3762
162.22 14.3762
178.90 14.6858
162.22 14.6858
145.54 14.6858
162.22 13.9303
145.54 13.9303
128.86 13.9303
562.57 14.8351
545.89 14.8351
529.21 14.8351
529.21 14.2418
512.53 14.2418
495.87 14.2418
495.87 14.0058
479.17 14.0058
462.49 14.0058
462.50 13.175
445.82 13.175
429.13 13.175
412.45 13.175
395.77 13.175
379.09 13.175
362.40 13.175
345.73 13.175
329.05 13.175
312.37 13.175
295.68 13.175
279.00 13.175
312.35 12.1254
295.67 12.1254
278.99 12.1254
262.31 12.1254
245.63 12.1254
228.95 12.1254
212.26 12.1254
195.58 12.1254
178.90 12.1254
162.22 12.1254
145.54 12.1254
512.55 13.0292
495.85 13.0292
479.17 13.0292
462.49 13.0292
445.80 13.0292
429.12 13.0292
429.12 10.2761
412.44 10.2761
395.76 10.2761
395.76 12.6486
379.08 12.6486
362.40 12.6486
362.40 9.9959
345.70 9.9959
329.03 9.9959
312.35 9.9959
295.67 9.9959
278.99 9.9959
262.31 9.9959
245.63 9.9959
228.94 9.9959
212.26 9.9959
195.58 9.9959
178.90 9.9959
228.95 10.6643
212.27 10.6643
195.59 10.6643
178.91 10.6643
162.23 10.6643
145.55 10.6643
128.87 10.6643
112.18 10.6643
95.50 10.6643
195.59 10.4637
178.91 10.4637
162.23 10.4637
145.55 10.4637
128.87 10.4637
112.18 10.4637
95.50 10.4637
145.54 11.3709
128.85 11.3709
329.03 10.171
312.35 10.171
295.66 10.171
278.98 10.171
262.30 10.171
245.62 10.171
228.94 10.171
212.26 10.171
195.58 10.171
178.90 10.171
162.24 10.171
145.54 10.171
295.69 11.0382
279.01 11.0382
262.33 11.0382
245.65 11.0382
228.97 11.0382
212.28 11.0382
195.60 11.0382
178.91 11.0382
162.24 11.0382
145.55 11.0382
128.88 11.0382
112.19 11.0382
195.59 10.8278
178.91 10.8278
162.24 10.8278
162.19 10.5457
145.51 10.5457
128.83 10.5457
128.85 10.4849
112.17 10.4849
95.52 10.4849
195.58 11.1808
178.90 11.1808
162.22 11.1808
162.22 14.7438
145.54 14.7438
162.24 10.569
145.54 10.569
128.88 10.569
178.90 10.5361
162.21 10.5361
145.51 10.5361
195.58 11.222
178.92 11.222
162.22 11.222
145.54 11.222
128.86 11.222
112.18 11.222
162.22 10.4993
145.54 10.4993
128.86 10.4993
145.52 12.0171
128.84 12.0171
112.15 12.0171
178.88 10.2896
162.20 10.2896
145.52 10.2896
195.59 11.7856
178.91 11.7856
162.22 11.7856
212.27 11.4348
195.59 11.4348
178.89 11.4348
162.25 11.4348
145.57 11.4348
128.89 11.4348
145.57 12.3898
128.88 12.3898
112.20 12.3898
295.69 11.4434
278.99 11.4434
262.31 11.4434
245.62 11.4434
228.94 11.4434
212.28 11.4434
195.57 11.4434
178.89 11.4434
162.21 11.4434
145.53 11.4434
128.85 11.4434
112.17 11.4434
245.63 11.6983
228.95 11.6983
212.27 11.6983
195.58 11.6983
178.90 11.6983
162.23 11.6983
145.54 11.6983
128.86 11.6983
112.20 11.6983
95.50 11.6983
212.25 10.9076
195.56 10.9076
178.88 10.9076
162.20 10.9076
145.52 10.9076
128.84 10.9076
112.18 10.9076
95.47 10.9076
78.79 10.9076
128.86 11.3615
112.17 11.3615
95.50 11.3615
78.81 11.3615
62.14 11.3615
112.18 12.7138
95.50 12.7138
145.54 10.2185
128.89 10.2185
178.90 12.4979
162.22 12.4979
145.54 12.4979
145.51 12.8988
128.82 12.8988
112.16 12.8988
178.87 13.5388
162.19 13.5388
145.51 13.5388
245.63 13.4452
228.95 13.4452
212.26 13.4452
212.26 13.3174
195.58 13.3174
178.90 13.3174
178.90 13.2857
162.22 13.2857
145.54 13.2857
145.54 13.2748
128.86 13.2748
112.18 13.2748
195.59 13.973
178.90 13.973
162.22 13.973
145.54 13.973
128.86 13.973
112.18 13.973
412.42 13.8483
395.76 13.8483
379.08 13.8483
379.08 13.7083
362.40 13.7083
345.72 13.7083
345.72 11.7594
329.04 11.7594
312.36 11.7594
295.67 11.7594
295.67 13.98
278.99 13.98
262.31 13.98
262.31 13.843
245.62 13.843
228.94 13.843
312.35 13.7938
295.67 13.7938
278.99 13.7938
262.31 13.7938
245.62 13.7938
228.95 13.7938
212.26 13.7938
195.58 13.7938
178.90 13.7938
162.22 13.7938
145.54 13.7938
128.86 13.7938
128.86 15.0029
112.18 15.0029
95.50 15.0029
128.86 14.2937
112.18 14.2937
95.49 14.2937
178.90 15.441
162.22 15.441
145.54 15.441
145.54 15.1851
128.86 15.1851
112.18 15.1851
145.54 14.5289
128.86 14.5289
112.18 14.5289
128.86 15.9825
112.18 15.9825
95.50 15.9825
145.54 14.8751
128.86 14.8751
112.18 14.8751
178.90 16.8045
162.22 16.8045
145.54 16.8045
145.56 14.6253
128.88 14.6253
112.20 14.6253
145.54 15.4652
128.86 15.4652
112.18 15.4652
262.31 14.5916
245.63 14.5916
228.95 14.5916
228.94 16.6757
212.26 16.6757
195.58 16.6757
195.58 14.2671
178.90 14.2671
162.24 14.2671
312.35 15.2636
295.65 15.2636
278.97 15.2636
262.29 15.2636
245.63 15.2636
228.95 15.2636
212.24 15.2636
195.56 15.2636
178.88 15.2636
162.20 15.2636
145.54 15.2636
128.86 15.2636
112.18 15.2636
178.88 14.428
162.20 14.428
145.54 14.428
128.84 14.428
112.16 14.428
95.47 14.428
128.86 14.9254
112.18 14.9254
145.52 15.5976
128.84 15.5976
112.16 15.5976
228.95 14.6849
212.26 14.6849
195.58 14.6849
362.40 16.0338
345.74 16.0338
329.04 16.0338
312.38 16.0338
295.68 16.0338
279.02 16.0338
262.31 16.0338
245.64 16.0338
228.95 16.0338
212.27 16.0338
195.59 16.0338
178.91 16.0338
162.25 16.0338
145.54 16.0338
228.95 14.7954
212.26 14.7954
195.58 14.7954
178.90 14.7954
178.88 15.2992
162.20 15.2992
145.52 15.2992
128.84 15.2992
178.93 15.3951
162.25 15.3951
145.56 15.3951
145.55 15.2085
128.87 15.2085
112.18 15.2085
95.50 15.2085
162.22 15.8702
145.55 15.8702
128.87 15.8702
145.55 14.926
128.89 14.926
112.19 14.926
162.22 15.624
145.54 15.624
128.86 15.624
212.26 14.8456
195.57 14.8456
178.89 14.8456
178.90 14.7708
162.25 14.7708
145.54 14.7708
178.91 15.3754
162.23 15.3754
145.57 15.3754
195.57 15.4241
178.92 15.4241
162.22 15.4241
145.53 15.4241
212.24 14.7019
195.58 14.7019
178.90 14.7019
178.90 14.7191
162.22 14.7191
145.53 14.7191
145.54 15.4213
128.86 15.4213
112.17 15.4213
128.86 15.0557
112.18 15.0557
95.49 15.0557
145.54 15.3683
128.85 15.3683
112.17 15.3683
145.56 15.1681
128.86 15.1681
112.18 15.1681
128.86 15.1234
112.18 15.1234
145.54 15.3601
128.86 15.3601
112.18 15.3601
128.87 15.035
112.18 15.035
95.50 15.035
128.87 15.1427
112.18 15.1427
178.91 15.7499
162.25 15.7499
145.54 15.7499
145.51 15.1955
128.83 15.1955
112.16 15.1955
312.35 15.1663
295.65 15.1663
278.98 15.1663
278.97 15.264
262.28 15.264
245.57 15.264
228.95 15.264
295.67 14.0389
278.96 14.0389
262.29 14.0389
412.46 15.6263
395.76 15.6263
379.08 15.6263
362.40 15.6263
345.72 15.6263
329.04 15.6263
312.35 15.6263
295.67 15.6263
279.01 15.6263
262.31 15.6263
245.63 15.6263
228.95 15.6263
329.04 12.8678
312.35 12.8678
295.69 12.8678
278.99 12.8678
262.31 12.8678
245.63 12.8678
228.95 12.8678
212.29 12.8678
195.58 12.8678
178.92 12.8678
162.24 12.8678
145.56 12.8678
262.31 12.2018
245.63 12.2018
228.92 12.2018
212.25 12.2018
195.58 12.2018
178.88 12.2018
162.22 12.2018
145.53 12.2018
145.56 13.246
128.86 13.246
112.18 13.246
228.95 11.8113
212.26 11.8113
195.60 11.8113
178.92 11.8113
162.22 11.8113
145.54 11.8113
145.54 11.5513
128.86 11.5513
112.18 11.5513
295.67 12.6698
278.99 12.6698
262.31 12.6698
245.62 12.6698
228.95 12.6698
212.27 12.6698
195.58 12.6698
178.88 12.6698
162.22 12.6698
145.54 12.6698
245.63 11.7432
228.95 11.7432
212.26 11.7432
195.58 11.7432
178.90 11.7432
162.22 11.7432
145.54 11.7432
128.88 11.7432
112.18 11.7432
262.31 11.7037
245.63 11.7037
228.95 11.7037
212.27 11.7037
195.60 11.7037
178.90 11.7037
162.22 11.7037
145.54 11.7037
128.86 11.7037
512.51 11.7022
495.85 11.7022
479.15 11.7022
462.46 11.7022
445.78 11.7022
429.10 11.7022
412.44 11.7022
395.74 11.7022
379.06 11.7022
379.08 12.1509
362.38 12.1509
345.69 12.1509
345.71 12.0791
329.03 12.0791
312.38 12.0791
312.35 11.6702
295.69 11.6702
278.99 11.6702
262.33 11.6702
245.63 11.6702
228.95 11.6702
212.29 11.6702
195.59 11.6702
178.90 11.6702
162.22 11.6702
278.99 11.7758
262.31 11.7758
245.63 11.7758
228.95 11.7758
212.27 11.7758
195.59 11.7758
178.90 11.7758
162.22 11.7758
178.90 12.1424
162.22 12.1424
145.56 12.1424
228.97 12.4235
212.27 12.4235
195.60 12.4235
178.92 12.4235
162.22 12.4235
145.54 12.4235
128.86 12.4235
112.18 12.4235
195.58 12.7995
178.90 12.7995
178.90 12.0099
162.22 12.0099
145.54 12.0099
212.25 12.6194
195.58 12.6194
178.88 12.6194
195.58 11.9163
178.90 11.9163
162.20 11.9163
178.90 12.0191
162.22 12.0191
145.54 12.0191
228.94 11.9099
212.26 11.9099
195.58 11.9099
278.99 12.4205
262.33 12.4205
245.65 12.4205
228.95 12.4205
212.28 12.4205
195.60 12.4205
178.90 12.4205
162.24 12.4205
145.54 12.4205
128.86 12.4205
228.93 12.2545
212.25 12.2545
195.58 12.2545
212.24 11.8914
195.56 11.8914
178.88 11.8914
212.25 11.8723
195.56 11.8723
178.88 11.8723
245.63 12.186
228.95 12.186
212.24 12.186
212.26 12.0315
195.59 12.0315
178.90 12.0315
162.22 12.0315
145.54 12.0315
128.86 12.0315
195.58 11.7959
178.90 11.7959
162.22 11.7959
212.26 12.0509
195.58 12.0509
178.90 12.0509
162.22 12.0509
145.54 12.0509
128.86 12.0509
195.58 11.962
178.90 11.962
162.22 11.962
162.22 12.1938
145.54 12.1938
128.86 12.1938
145.54 12.4489
128.86 12.4489
112.18 12.4489
162.22 12.9046
145.54 12.9046
128.86 12.9046
145.54 11.9078
128.86 11.9078
112.18 11.9078
162.22 12.7522
145.54 12.7522
212.26 12.3099
195.58 12.3099
178.89 12.3099
212.26 12.6879
195.58 12.6879
178.90 12.6879
212.26 12.2526
195.58 12.2526
178.90 12.2526
195.58 12.1081
178.90 12.1081
162.22 12.1081
195.58 12.6054
178.90 12.6054
162.22 12.6054
162.22 12.7949
145.54 12.7949
128.86 12.7949
228.95 12.5051
212.26 12.5051
195.58 12.5051
178.90 12.5051
212.26 12.3005
195.58 12.3005
178.90 12.3005
262.31 13.6516
245.63 13.6516
262.31 13.0892
245.63 13.0892
228.95 13.0892
212.26 13.0892
195.58 13.0892
178.90 13.0892
162.22 13.0892
145.54 13.0892
128.86 13.0892
195.58 12.8798
178.90 12.8798
162.22 12.8798
145.54 12.8798
128.86 12.8798
112.18 12.8798
178.90 12.7299
162.22 12.7299
162.22 13.0942
145.54 13.0942
128.86 13.0942
312.37 12.887
295.69 12.887
279.00 12.887
262.32 12.887
245.64 12.887
228.96 12.887
212.28 12.887
195.60 12.887
178.91 12.887
162.23 12.887
145.55 12.887
128.87 12.887
128.86 13.7738
112.18 13.7738
195.58 14.0267
178.90 14.0267
162.22 14.0267
228.95 13.3424
212.26 13.3424
195.58 13.3424
379.08 14.431
362.40 14.431
345.72 14.431
329.03 14.431
312.35 14.431
295.67 14.431
278.99 14.431
262.31 14.431
245.63 14.431
228.95 14.431
212.26 14.431
195.59 14.431
262.31 13.5896
245.63 13.5896
228.95 13.5896
212.26 13.5896
195.58 13.5896
178.90 13.5896
162.22 13.5896
145.54 13.5896
128.86 13.5896
212.26 13.772
195.58 13.772
178.90 13.772
429.12 13.7333
412.44 13.7333
395.76 13.7333
379.08 13.7333
362.40 13.7333
345.72 13.7333
329.03 13.7333
312.35 13.7333
295.67 13.7333
278.99 13.7333
278.99 14.1144
262.31 14.1144
245.63 14.1144
228.94 14.1144
212.26 14.1144
195.58 14.1144
329.03 13.3668
312.35 13.3668
295.67 13.3668
278.99 13.3668
262.31 13.3668
245.63 13.3668
228.94 13.3668
212.27 13.3668
195.58 13.3668
178.90 13.3668
162.22 13.3668
145.54 13.3668
312.38 13.9853
295.70 13.9853
279.02 13.9853
262.34 13.9853
245.65 13.9853
228.97 13.9853
212.29 13.9853
195.61 13.9853
178.93 13.9853
162.25 13.9853
145.57 13.9853
178.90 13.0734
162.22 13.0734
145.54 13.0734
262.34 12.9167
245.65 12.9167
228.97 12.9167
212.27 12.9167
195.59 12.9167
178.93 12.9167
245.63 13.2901
228.97 13.2901
212.26 13.2901
195.58 13.2901
178.90 13.2901
162.22 13.2901
145.53 13.2901
128.86 13.2901
112.17 13.2901
95.48 13.2901
278.96 12.8408
262.28 12.8408
245.61 12.8408
228.92 12.8408
212.24 12.8408
195.56 12.8408
178.88 12.8408
162.18 12.8408
145.52 12.8408
128.84 12.8408
245.63 12.4474
228.95 12.4474
212.27 12.4474
195.59 12.4474
178.91 12.4474
162.23 12.4474
145.55 12.4474
128.87 12.4474
112.18 12.4474
95.50 12.4474
245.63 12.6109
228.95 12.6109
212.27 12.6109
195.59 12.6109
178.91 12.6109
162.23 12.6109
145.55 12.6109
128.86 12.6109
112.18 12.6109
145.51 12.7134
128.84 12.7134
162.21 12.4956
145.54 12.4956
128.86 12.4956
212.27 12.9379
195.59 12.9379
178.90 12.9379
162.22 12.9379
145.53 12.9379
128.86 12.9379
112.18 12.9379
162.22 9.99738
145.56 9.99738
228.95 12.6611
212.27 12.6611
195.58 12.6611
195.61 12.4976
178.91 12.4976
162.22 12.4976
145.55 12.4976
128.86 12.4976
112.18 12.4976
162.21 12.3817
145.53 12.3817
329.04 13.3834
312.35 13.3834
295.67 13.3834
278.99 13.3834
262.31 13.3834
245.65 13.3834
228.95 13.3834
212.27 13.3834
195.59 13.3834
178.90 13.3834
162.23 13.3834
145.54 13.3834
345.70 12.5813
329.02 12.5813
312.35 12.5813
295.67 12.5813
278.99 12.5813
262.29 12.5813
245.63 12.5813
228.92 12.5813
212.25 12.5813
195.54 12.5813
178.87 12.5813
162.19 12.5813
312.34 10.1484
295.65 10.1484
278.99 10.1484
262.30 10.1484
245.62 10.1484
228.94 10.1484
212.25 10.1484
195.58 10.1484
178.90 10.1484
162.22 10.1484
145.54 10.1484
128.85 10.1484
312.37 9.70599
295.69 9.70599
279.01 9.70599
262.33 9.70599
245.65 9.70599
228.97 9.70599
212.28 9.70599
195.60 9.70599
178.92 9.70599
162.24 9.70599
145.56 9.70599
128.88 9.70599
278.99 10.3522
262.31 10.3522
245.63 10.3522
228.95 10.3522
212.28 10.3522
195.58 10.3522
178.90 10.3522
162.24 10.3522
145.56 10.3522
128.88 10.3522
112.18 10.3522
279.01 9.25081
262.31 9.25081
245.63 9.25081
228.95 9.25081
212.27 9.25081
195.59 9.25081
178.91 9.25081
162.25 9.25081
145.54 9.25081
128.87 9.25081
112.18 9.25081
278.99 11.9739
262.31 11.9739
245.63 11.9739
228.94 11.9739
212.26 11.9739
195.58 11.9739
178.90 11.9739
162.22 11.9739
145.54 11.9739
128.86 11.9739
112.20 11.9739
312.37 9.75024
295.69 9.75024
278.99 9.75024
262.31 9.75024
245.63 9.75024
228.97 9.75024
212.28 9.75024
195.60 9.75024
178.92 9.75024
162.24 9.75024
145.56 9.75024
128.88 9.75024
312.35 9.18919
295.69 9.18919
279.01 9.18919
262.31 9.18919
245.65 9.18919
228.95 9.18919
212.29 9.18919
195.58 9.18919
178.90 9.18919
162.24 9.18919
145.56 9.18919
128.88 9.18919
112.20 9.18919
295.69 9.22004
279.01 9.22004
262.31 9.22004
245.65 9.22004
228.97 9.22004
212.29 9.22004
195.60 9.22004
178.92 9.22004
162.24 9.22004
145.56 9.22004
128.88 9.22004
112.20 9.22004
278.99 9.89754
262.29 9.89754
245.61 9.89754
228.93 9.89754
212.25 9.89754
195.57 9.89754
178.90 9.89754
162.22 9.89754
145.52 9.89754
128.84 9.89754
112.16 9.89754
95.48 9.89754
295.65 9.3652
278.99 9.3652
262.29 9.3652
245.61 9.3652
228.92 9.3652
212.24 9.3652
195.56 9.3652
178.88 9.3652
162.20 9.3652
145.52 9.3652
128.84 9.3652
112.18 9.3652
295.69 9.26412
279.01 9.26412
262.33 9.26412
245.63 9.26412
228.95 9.26412
212.26 9.26412
195.58 9.26412
178.90 9.26412
162.22 9.26412
145.54 9.26412
128.88 9.26412
112.20 9.26412
262.33 9.17638
245.63 9.17638
228.95 9.17638
212.26 9.17638
195.58 9.17638
178.90 9.17638
162.22 9.17638
145.54 9.17638
128.86 9.17638
112.18 9.17638
95.50 9.17638
278.98 9.28021
262.33 9.28021
245.63 9.28021
228.97 9.28021
212.27 9.28021
195.58 9.28021
178.90 9.28021
162.22 9.28021
145.56 9.28021
128.88 9.28021
112.18 9.28021
295.67 9.19504
278.99 9.19504
262.33 9.19504
245.65 9.19504
228.97 9.19504
212.29 9.19504
195.60 9.19504
178.90 9.19504
162.24 9.19504
145.54 9.19504
128.88 9.19504
112.18 9.19504
295.67 12.3459
279.01 12.3459
262.33 12.3459
245.63 12.3459
228.97 12.3459
212.29 12.3459
195.58 12.3459
178.92 12.3459
162.22 12.3459
145.56 12.3459
128.88 12.3459
112.18 12.3459
195.56 10.1885
178.88 10.1885
162.20 10.1885
145.54 10.1885
128.84 10.1885
112.16 10.1885
212.26 13.4895
195.60 13.4895
178.90 13.4895
178.93 9.07195
162.22 9.07195
145.54 9.07195
162.20 13.3659
145.52 13.3659
128.84 13.3659
245.59 12.7149
228.96 12.7149
212.28 12.7149
195.60 12.7149
178.90 12.7149
162.22 12.7149
162.22 13.5971
145.54 13.5971
128.86 13.5971
162.22 9.5318
145.54 9.5318
128.88 9.5318
212.29 14.3481
195.60 14.3481
178.92 14.3481
195.61 10.9947
178.93 10.9947
162.23 10.9947
195.58 13.3055
178.89 13.3055
162.20 13.3055
212.24 13.8219
195.58 13.8219
178.90 13.8219
162.20 13.8219
145.52 13.8219
128.84 13.8219
178.90 14.0532
162.20 14.0532
145.52 14.0532
228.95 13.4809
212.25 13.4809
195.56 13.4809
245.63 13.6675
228.97 13.6675
212.29 13.6675
195.56 13.6675
178.93 13.6675
162.25 13.6675
162.20 14.7177
145.54 14.7177
128.83 14.7177
195.58 12.929
178.90 12.929
162.22 12.929
145.54 12.929
178.90 14.1795
162.22 14.1795
145.54 14.1795
145.52 14.2305
128.86 14.2305
112.15 14.2305
178.88 13.8836
162.22 13.8836
145.52 13.8836
145.51 13.2119
128.84 13.2119
112.18 13.2119
178.90 13.8491
162.22 13.8491
145.52 13.8491
195.58 14.8884
178.88 14.8884
162.22 14.8884
162.22 13.6943
145.54 13.6943
128.86 13.6943
162.22 13.6096
145.54 13.6096
128.86 13.6096
145.54 14.535
128.86 14.535
112.18 14.535
178.90 14.021
162.22 14.021
145.54 14.021
212.29 13.0765
195.60 13.0765
178.92 13.0765
178.93 13.5482
162.25 13.5482
145.57 13.5482
145.54 14.3312
128.86 14.3312
112.16 14.3312
145.56 14.4554
128.88 14.4554
112.18 14.4554
162.22 15.9279
145.52 15.9279
128.84 15.9279
228.95 15.0173
212.25 15.0173
195.56 15.0173
195.56 14.5715
178.90 14.5715
162.22 14.5715
195.61 15.242
178.91 15.242
162.23 15.242
162.24 14.7333
145.54 14.7333
128.88 14.7333
112.20 14.7333
162.20 13.8493
145.54 13.8493
128.84 13.8493
212.28 14.2364
195.61 14.2364
178.91 14.2364
178.94 15.5267
162.25 15.5267
145.57 15.5267
195.59 15.0656
178.91 15.0656
162.21 15.0656
178.90 14.8257
162.22 14.8257
145.54 14.8257
128.88 14.8257
178.90 14.8595
162.24 14.8595
145.56 14.8595
145.54 15.0993
128.88 15.0993
112.18 15.0993
162.24 15.6565
145.54 15.6565
128.88 15.6565
228.94 14.8685
212.26 14.8685
195.58 14.8685
178.90 14.8685
178.90 15.2124
162.24 15.2124
145.54 15.2124
195.56 15.488
178.88 15.488
162.20 15.488
195.56 14.8427
178.88 14.8427
162.20 14.8427
145.52 14.8427
128.84 14.8427
112.16 14.8427
195.58 14.776
178.88 14.776
162.22 14.776
162.22 14.8125
145.54 14.8125
128.86 14.8125
162.22 15.231
145.54 15.231
128.84 15.231
145.54 14.9161
128.86 14.9161
112.18 14.9161
145.56 15.0026
128.88 15.0026
112.20 15.0026
178.92 14.6114
162.24 14.6114
145.56 14.6114
145.56 15.2279
128.88 15.2279
112.20 15.2279
162.24 15.1009
145.56 15.1009
128.88 15.1009
145.54 14.9209
128.86 14.9209
112.18 14.9209
162.22 14.8487
145.55 14.8487
128.87 14.8487
212.26 15.0417
195.58 15.0417
178.92 15.0417
195.56 15.2461
178.88 15.2461
162.20 15.2461
195.56 15.4359
178.88 15.4359
162.20 15.4359
162.22 15.0215
145.54 15.0215
128.86 15.0215
162.22 15.7018
145.56 15.7018
128.86 15.7018
128.88 14.8167
112.18 14.8167
95.50 14.8167
145.52 15.0391
128.86 15.0391
112.16 15.0391
195.61 15.6325
178.93 15.6325
162.25 15.6325
162.22 15.032
145.54 15.032
128.86 15.032
178.90 15.3958
162.22 15.3958
145.55 15.3958
145.56 15.3027
128.88 15.3027
112.18 15.3027
145.54 14.9213
128.84 14.9213
112.16 14.9213
145.54 14.7353
128.86 14.7353
112.15 14.7353
162.22 15.0798
145.54 15.0798
128.86 15.0798
262.33 15.5674
245.63 15.5674
228.95 15.5674
228.95 14.9606
212.28 14.9606
195.58 14.9606
195.58 14.7963
178.91 14.7963
162.24 14.7963
262.31 15.2755
245.63 15.2755
228.95 15.2755
212.26 15.2755
195.58 15.2755
178.90 15.2755
162.22 15.2755
145.54 15.2755
128.88 15.2755
162.22 13.8792
145.54 13.8792
128.85 13.8792
145.54 14.2498
128.86 14.2498
112.18 14.2498
178.90 14.4446
162.22 14.4446
145.54 14.4446
145.52 14.6271
128.84 14.6271
112.16 14.6271
145.56 14.773
128.86 14.773
112.18 14.773
162.24 14.2736
145.54 14.2736
128.86 14.2736
162.25 14.4287
145.57 14.4287
128.87 14.4287
178.89 14.4497
162.21 14.4497
145.52 14.4497
245.61 14.2885
228.93 14.2885
212.24 14.2885
295.69 14.8948
278.99 14.8948
262.33 14.8948
245.63 14.8948
228.94 14.8948
212.27 14.8948
195.58 14.8948
178.90 14.8948
162.24 14.8948
162.24 14.9288
145.54 14.9288
128.86 14.9288
178.90 14.6895
162.22 14.6895
145.56 14.6895
128.88 14.6895
195.61 15.9142
178.91 15.9142
162.22 15.9142
162.20 14.7147
145.54 14.7147
128.86 14.7147
195.61 14.533
178.91 14.533
162.25 14.533
162.24 14.6134
145.54 14.6134
128.86 14.6134
145.54 15.0239
128.86 15.0239
112.18 15.0239
128.88 14.6541
112.18 14.6541
95.50 14.6541
162.21 14.4377
145.54 14.4377
128.86 14.4377
178.92 14.3747
162.22 14.3747
145.54 14.3747
145.54 13.783
128.86 13.783
112.20 13.783
195.58 14.589
178.88 14.589
162.22 14.589
245.66 14.8546
228.98 14.8546
212.30 14.8546
212.26 15.5108
195.58 15.5108
178.90 15.5108
228.94 14.1131
212.26 14.1131
195.58 14.1131
178.90 14.1131
162.22 14.1131
145.54 14.1131
128.86 14.1131
145.54 15.1035
128.86 15.1035
112.18 15.1035
162.23 13.802
145.54 13.802
128.86 13.802
162.20 14.3568
145.52 14.3568
128.84 14.3568
262.29 14.7122
245.61 14.7122
228.93 14.7122
245.63 14.3766
228.94 14.3766
212.27 14.3766
212.27 13.116
195.60 13.116
178.90 13.116
345.75 14.5065
329.05 14.5065
312.39 14.5065
295.70 14.5065
279.00 14.5065
262.34 14.5065
245.64 14.5065
228.96 14.5065
212.28 14.5065
195.59 14.5065
178.91 14.5065
162.23 14.5065
162.22 13.7075
145.53 13.7075
128.86 13.7075
178.90 12.9994
162.22 12.9994
145.54 12.9994
195.58 12.8407
178.89 12.8407
162.22 12.8407
212.26 12.8224
195.58 12.8224
178.90 12.8224
162.22 12.8224
145.54 12.8224
128.86 12.8224
162.22 13.4567
145.54 13.4567
128.88 13.4567
145.58 12.3532
128.90 12.3532
112.22 12.3532
145.54 12.9966
128.86 12.9966
112.18 12.9966
145.55 12.5246
128.87 12.5246
178.91 14.2912
162.23 14.2912
145.57 14.2912
178.91 13.3449
162.22 13.3449
145.54 13.3449
278.99 12.9344
262.31 12.9344
245.63 12.9344
295.69 12.5788
278.96 12.5788
262.31 12.5788
245.62 12.5788
228.94 12.5788
212.25 12.5788
195.58 12.5788
278.99 12.2495
262.31 12.2495
245.63 12.2495
228.95 12.2495
212.27 12.2495
195.59 12.2495
178.91 12.2495
162.22 12.2495
145.54 12.2495
128.86 12.2495
112.18 12.2495
95.50 12.2495
228.95 13.2257
212.26 13.2257
195.58 13.2257
362.40 11.1737
345.72 11.1737
329.04 11.1737
379.09 12.8501
362.38 12.8501
345.73 12.8501
412.44 12.0951
395.76 12.0951
379.08 12.0951
362.40 12.0951
345.71 12.0951
329.03 12.0951
312.35 12.0951
295.67 12.0951
329.03 11.3265
312.35 11.3265
295.67 11.3265
329.04 10.7437
312.35 10.7437
295.67 10.7437
278.99 10.7437
262.31 10.7437
245.63 10.7437
228.97 10.7437
212.26 10.7437
195.60 10.7437
178.90 10.7437
162.22 10.7437
145.54 10.7437
228.94 13.8117
212.26 13.8117
195.58 13.8117
178.92 13.8117
162.21 13.8117
145.54 13.8117
178.90 11.3942
162.22 11.3942
145.54 11.3942
162.20 10.5714
145.52 10.5714
128.84 10.5714
145.54 11.376
128.86 11.376
112.20 11.376
245.63 11.9381
228.95 11.9381
212.26 11.9381
195.59 11.9381
178.90 11.9381
162.22 11.9381
212.26 10.7055
195.58 10.7055
178.90 10.7055
262.31 11.6158
245.63 11.6158
228.95 11.6158
212.26 11.6158
195.58 11.6158
178.90 11.6158
178.88 11.5242
162.20 11.5242
145.52 11.5242
178.92 11.2058
162.22 11.2058
145.54 11.2058
212.26 10.8735
195.58 10.8735
178.90 10.8735
162.22 10.8735
145.54 10.8735
128.86 10.8735
162.22 12.1452
145.54 12.1452
128.86 12.1452
228.97 10.949
212.27 10.949
195.59 10.949
178.91 10.949
162.22 10.949
145.54 10.949
195.58 11.5086
178.92 11.5086
162.22 11.5086
195.58 12.1842
178.92 12.1842
162.22 12.1842
162.21 11.4781
145.54 11.4781
128.86 11.4781
162.22 12.8935
145.54 12.8935
128.86 12.8935
212.27 11.1815
195.59 11.1815
195.60 11.8402
178.90 11.8402
162.22 11.8402
195.59 12.0554
178.92 12.0554
162.22 12.0554
145.51 12.0554
128.86 12.0554
112.18 12.0554
212.28 12.4839
195.58 12.4839
178.90 12.4839
178.90 12.2362
162.24 12.2362
145.54 12.2362
145.54 12.4016
128.86 12.4016
112.18 12.4016
228.97 12.3652
212.28 12.3652
195.58 12.3652
178.90 12.3652
162.22 12.3652
145.54 12.3652
178.90 12.6186
162.22 12.6186
145.53 12.6186
162.23 12.1461
145.54 12.1461
128.86 12.1461
128.87 12.8251
112.18 12.8251
95.50 12.8251
145.56 12.2679
128.85 12.2679
112.18 12.2679
145.54 11.9669
128.86 11.9669
128.86 11.9019
112.18 11.9019
95.51 11.9019
128.85 12.3018
112.15 12.3018
95.47 12.3018
162.19 12.8048
145.56 12.8048
145.56 13.2695
128.88 13.2695
112.20 13.2695
162.22 13.5914
145.54 13.5914
128.88 13.5914
212.29 12.4133
195.58 12.4133
178.90 12.4133
195.57 13.1781
178.90 13.1781
162.22 13.1781
178.92 12.6425
162.22 12.6425
145.53 12.6425
195.56 13.0537
178.87 13.0537
162.20 13.0537
145.52 13.0537
128.84 13.0537
112.16 13.0537
145.55 13.1074
128.87 13.1074
112.18 13.1074
178.90 12.6253
162.24 12.6253
162.20 12.9289
145.51 12.9289
128.83 12.9289
178.89 13.3917
162.21 13.3917
145.56 13.3917
212.26 13.7854
195.58 13.7854
178.90 13.7854
178.88 13.9134
162.20 13.9134
145.52 13.9134
178.90 13.5021
162.20 13.5021
145.52 13.5021
212.26 13.3768
195.58 13.3768
178.92 13.3768
162.24 13.3768
145.56 13.3768
128.85 13.3768
178.89 12.6309
162.20 12.6309
145.56 12.6309
145.56 13.0413
128.88 13.0413
112.20 13.0413
162.24 12.6247
145.52 12.6247
128.85 12.6247
212.26 13.0618
195.58 13.0618
178.90 13.0618
178.90 13.4405
162.22 13.4405
145.54 13.4405
162.22 13.6555
145.53 13.6555
128.86 13.6555
162.22 13.0493
145.54 13.0493
128.86 13.0493
178.87 13.6201
162.22 13.6201
145.54 13.6201
195.58 13.3505
178.90 13.3505
162.19 13.3505
262.31 15.2124
245.63 15.2124
228.95 15.2124
329.03 13.9313
312.37 13.9313
295.67 13.9313
278.99 13.9313
262.31 13.9313
245.63 13.9313
228.95 13.9313
212.26 13.9313
195.58 13.9313
178.90 13.9313
178.90 14.1192
162.22 14.1192
145.54 14.1192
128.85 14.1192
178.90 14.239
162.22 14.239
145.54 14.239
128.86 14.239
195.60 13.8642
178.90 13.8642
162.22 13.8642
195.58 14.1297
178.90 14.1297
162.22 14.1297
178.90 14.4189
162.22 14.4189
145.54 14.4189
162.22 14.5783
145.54 14.5783
128.86 14.5783
178.89 13.6613
162.22 13.6613
145.54 13.6613
212.27 14.802
195.59 14.802
178.91 14.802
178.93 14.3759
162.25 14.3759
145.57 14.3759
195.58 14.4267
178.90 14.4267
162.22 14.4267
162.22 14.5157
145.54 14.5157
128.86 14.5157
112.18 14.5157
178.90 14.434
162.19 14.434
145.54 14.434
228.95 15.2151
212.26 15.2151
195.58 15.2151
195.59 14.6422
178.90 14.6422
162.22 14.6422
162.22 14.9945
145.54 14.9945
128.86 14.9945
178.90 14.1407
162.22 14.1407
145.54 14.1407
128.86 14.1407
162.22 14.8841
145.53 14.8841
128.86 14.8841
245.63 15.4102
228.95 15.4102
212.26 15.4102
212.26 14.7561
195.58 14.7561
178.90 14.7561
212.26 15.2
195.58 15.2
178.90 15.2
262.29 15.8017
245.63 15.8017
228.94 15.8017
212.26 15.8017
195.58 15.8017
178.90 15.8017
162.22 15.8017
245.63 14.6315
228.94 14.6315
212.26 14.6315
195.58 14.6315
195.58 15.1641
178.90 15.1641
162.22 15.1641
145.54 15.1641
178.90 15.3061
162.22 15.3061
145.53 15.3061
145.54 14.7958
128.88 14.7958
112.18 14.7958
145.54 14.9022
128.86 14.9022
112.17 14.9022
195.58 14.4684
178.90 14.4684
162.22 14.4684
162.22 14.8001
145.54 14.8001
212.26 14.7307
195.58 14.7307
178.90 14.7307
195.56 14.5561
178.90 14.5561
162.22 14.5561
145.54 14.5561
178.90 14.3053
162.21 14.3053
145.54 14.3053
162.22 14.695
145.54 14.695
128.86 14.695
162.22 14.3575
145.54 14.3575
128.86 14.3575
162.20 14.508
145.52 14.508
128.84 14.508
162.22 14.1883
145.54 14.1883
128.86 14.1883
228.93 14.158
212.24 14.158
195.56 14.158
195.56 14.0099
178.88 14.0099
162.20 14.0099
178.90 13.5988
162.22 13.5988
145.54 13.5988
162.22 13.4623
145.54 13.4623
128.88 13.4623
178.91 14.1312
162.22 14.1312
145.54 14.1312
145.52 14.7605
128.86 14.7605
112.18 14.7605
178.90 13.5528
162.22 13.5528
145.54 13.5528
178.90 14.0835
162.24 14.0835
145.54 14.0835
178.90 13.9636
162.22 13.9636
145.56 13.9636
178.92 14.475
162.24 14.475
145.54 14.475
162.19 14.4932
145.54 14.4932
128.84 14.4932
178.90 14.22
162.22 14.22
145.54 14.22
162.22 13.1583
145.53 13.1583
128.86 13.1583
178.88 13.9658
162.22 13.9658
145.54 13.9658
212.26 13.7892
195.56 13.7892
178.90 13.7892
178.92 14.4492
162.21 14.4492
145.53 14.4492
162.20 15.2481
145.52 15.2481
128.84 15.2481
162.24 14.0597
145.54 14.0597
128.88 14.0597
178.92 14.3352
162.22 14.3352
145.54 14.3352
195.60 13.4787
178.92 13.4787
162.22 13.4787
162.24 15.1066
145.56 15.1066
128.88 15.1066
195.60 13.7973
178.92 13.7973
162.22 13.7973
162.22 14.707
145.54 14.707
128.86 14.707
178.90 13.4779
162.24 13.4779
145.54 13.4779
245.63 14.4228
228.95 14.4228
212.26 14.4228
262.31 14.2494
245.65 14.2494
228.95 14.2494
212.26 14.2494
195.58 14.2494
178.88 14.2494
178.90 13.9947
162.22 13.9947
145.56 13.9947
195.58 14.9613
178.90 14.9613
162.22 14.9613
145.54 14.9613
128.86 14.9613
112.18 14.9613
162.22 15.8723
145.54 15.8723
128.86 15.8723
245.63 15.4802
228.95 15.4802
212.26 15.4802
212.26 14.7028
195.58 14.7028
178.92 14.7028
228.95 14.9557
212.27 14.9557
195.59 14.9557
195.58 14.6649
178.90 14.6649
162.22 14.6649
145.54 14.6649
212.26 14.4089
195.58 14.4089
178.92 14.4089
178.92 14.8488
162.24 14.8488
145.56 14.8488
128.86 14.8488
195.60 15.0885
178.92 15.0885
162.24 15.0885
162.22 14.1104
145.54 14.1104
128.86 14.1104
162.22 14.4807
145.53 14.4807
128.86 14.4807
