266.05 9.30388
249.36 9.30388
232.68 9.30388
216.00 9.30388
199.31 9.30388
182.63 9.30388
165.94 9.30388
149.29 9.30388
132.58 9.30388
115.92 9.30388
199.21 9.30958
182.52 9.30958
165.84 9.30958
149.16 9.30958
132.47 9.30958
115.79 9.30958
99.14 9.30958
82.45 9.30958
182.45 9.30697
165.76 9.30697
149.08 9.30697
132.40 9.30697
115.72 9.30697
99.03 9.30697
82.35 9.30697
65.67 9.30697
248.95 9.35128
232.27 9.35128
215.59 9.35128
198.91 9.35128
182.22 9.35128
165.52 9.35128
148.86 9.35128
132.17 9.35128
215.48 9.40082
198.77 9.40082
182.09 9.40082
165.44 9.40082
148.75 9.40082
132.04 9.40082
115.38 9.40082
98.70 9.40082
181.98 9.31451
165.31 9.31451
148.62 9.31451
131.96 9.31451
115.28 9.31451
98.59 9.31451
81.91 9.31451
65.23 9.31451
181.87 9.33804
165.19 9.33804
148.50 9.33804
131.82 9.33804
115.14 9.33804
98.45 9.33804
81.77 9.33804
65.09 9.33804
265.06 9.37905
248.38 9.37905
231.69 9.37905
215.01 9.37905
198.33 9.37905
181.64 9.37905
164.96 9.37905
148.28 9.37905
231.59 9.37501
214.91 9.37501
198.22 9.37501
181.54 9.37501
164.86 9.37501
148.18 9.37501
131.49 9.37501
114.81 9.37501
214.81 9.27837
198.12 9.27837
181.44 9.27837
164.76 9.27837
148.07 9.27837
131.39 9.27837
114.71 9.27837
98.03 9.27837
214.66 9.30226
197.96 9.30226
181.30 9.30226
164.62 9.30226
147.94 9.30226
131.23 9.30226
114.57 9.30226
97.89 9.30226
214.50 9.36192
197.82 9.36192
181.14 9.36192
164.48 9.36192
147.80 9.36192
131.11 9.36192
114.41 9.36192
97.72 9.36192
197.67 9.30501
180.99 9.30501
164.33 9.30501
147.63 9.30501
130.94 9.30501
114.24 9.30501
97.59 9.30501
80.89 9.30501
197.59 9.28053
180.89 9.28053
164.23 9.28053
147.52 9.28053
130.86 9.28053
114.18 9.28053
97.50 9.28053
80.81 9.28053
247.44 9.2922
230.76 9.2922
214.08 9.2922
197.39 9.2922
180.71 9.2922
164.03 9.2922
147.34 9.2922
130.66 9.2922
230.63 8.98123
213.95 8.98123
197.27 8.98123
180.59 8.98123
163.91 8.98123
147.22 8.98123
130.54 8.98123
113.85 8.98123
197.16 9.19282
180.48 9.19282
163.79 9.19282
147.11 9.19282
130.43 9.19282
113.75 9.19282
97.06 9.19282
80.39 9.19282
196.99 8.81809
180.31 8.81809
163.62 8.81809
146.94 8.81809
130.26 8.81809
113.57 8.81809
96.89 8.81809
80.21 8.81809
180.22 8.83209
163.51 8.83209
146.82 8.83209
130.14 8.83209
113.46 8.83209
96.78 8.83209
80.12 8.83209
63.41 8.83209
196.72 8.90605
180.01 8.90605
163.32 8.90605
146.67 8.90605
129.96 8.90605
113.27 8.90605
96.59 8.90605
79.93 8.90605
179.89 8.90106
163.23 8.90106
146.54 8.90106
129.86 8.90106
113.18 8.90106
96.50 8.90106
79.81 8.90106
63.13 8.90106
196.44 8.94279
179.75 8.94279
163.07 8.94279
146.39 8.94279
129.70 8.94279
113.02 8.94279
96.34 8.94279
79.65 8.94279
229.63 9.00098
212.94 9.00098
196.26 9.00098
179.58 9.00098
162.90 9.00098
146.21 9.00098
129.53 9.00098
112.85 9.00098
229.49 9.19044
212.81 9.19044
196.12 9.19044
179.44 9.19044
162.75 9.19044
146.07 9.19044
129.39 9.19044
112.71 9.19044
212.68 9.14787
196.00 9.14787
179.31 9.14787
162.63 9.14787
145.95 9.14787
129.26 9.14787
112.58 9.14787
95.90 9.14787
179.21 9.05517
162.53 9.05517
145.84 9.05517
129.16 9.05517
112.48 9.05517
95.79 9.05517
79.11 9.05517
62.43 9.05517
245.76 9.13687
229.08 9.13687
212.37 9.13687
195.71 9.13687
179.03 9.13687
162.35 9.13687
145.67 9.13687
128.98 9.13687
228.93 9.0855
212.25 9.0855
195.56 9.0855
178.88 9.0855
162.20 9.0855
145.49 9.0855
128.83 9.0855
212.11 8.97009
195.46 8.97009
178.77 8.97009
162.06 8.97009
145.41 8.97009
128.72 8.97009
112.04 8.97009
95.33 8.97009
211.97 8.92279
195.32 8.92279
178.61 8.92279
161.95 8.92279
145.27 8.92279
128.58 8.92279
111.90 8.92279
95.22 8.92279
195.19 8.82451
178.51 8.82451
161.81 8.82451
145.12 8.82451
128.46 8.82451
111.78 8.82451
95.09 8.82451
78.38 8.82451
228.38 9.07491
211.70 9.07491
195.04 9.07491
178.36 9.07491
161.68 9.07491
145.00 9.07491
244.97 9.1004
228.29 9.1004
211.61 9.1004
194.92 9.1004
178.24 9.1004
161.56 9.1004
144.85 9.1004
128.16 9.1004
228.16 9.01307
211.46 9.01307
194.77 9.01307
178.09 9.01307
161.43 9.01307
144.72 9.01307
128.07 9.01307
111.39 9.01307
228.00 9.04447
211.31 9.04447
194.63 9.04447
177.92 9.04447
161.26 9.04447
144.58 9.04447
127.90 9.04447
111.22 9.04447
227.86 9.18349
211.18 9.18349
194.47 9.18349
177.81 9.18349
161.13 9.18349
144.44 9.18349
127.76 9.18349
111.08 9.18349
194.39 9.19059
177.71 9.19059
161.02 9.19059
144.34 9.19059
127.65 9.19059
110.97 9.19059
94.29 9.19059
77.61 9.19059
194.27 9.18654
177.59 9.18654
160.91 9.18654
144.22 9.18654
127.54 9.18654
110.86 9.18654
94.17 9.18654
77.49 9.18654
227.46 9.39901
210.78 9.39901
194.10 9.39901
177.42 9.39901
160.73 9.39901
144.05 9.39901
127.36 9.39901
110.68 9.39901
260.62 9.49662
243.92 9.49662
227.26 9.49662
210.58 9.49662
193.90 9.49662
177.22 9.49662
160.53 9.49662
143.85 9.49662
227.15 9.3926
210.50 9.3926
193.82 9.3926
177.13 9.3926
160.45 9.3926
143.73 9.3926
127.06 9.3926
110.40 9.3926
210.38 9.24899
193.70 9.24899
177.01 9.24899
160.30 9.24899
143.65 9.24899
126.97 9.24899
110.28 9.24899
93.60 9.24899
243.54 9.29706
226.86 9.29706
210.18 9.29706
193.47 9.29706
176.79 9.29706
160.10 9.29706
143.42 9.29706
126.74 9.29706
193.38 9.29272
176.70 9.29272
160.02 9.29272
143.33 9.29272
126.68 9.29272
109.97 9.29272
93.28 9.29272
76.63 9.29272
276.59 9.39118
259.91 9.39118
243.23 9.39118
226.55 9.39118
209.86 9.39118
193.18 9.39118
176.50 9.39118
159.81 9.39118
243.15 9.20568
226.47 9.20568
209.78 9.20568
193.10 9.20568
176.42 9.20568
159.73 9.20568
143.02 9.20568
126.36 9.20568
209.65 9.21949
192.96 9.21949
176.29 9.21949
159.63 9.21949
142.92 9.21949
126.23 9.21949
109.58 9.21949
92.90 9.21949
209.49 9.18762
192.80 9.18762
176.14 9.18762
159.43 9.18762
142.78 9.18762
126.07 9.18762
109.39 9.18762
92.73 9.18762
209.37 9.26403
192.69 9.26403
176.03 9.26403
159.32 9.26403
142.64 9.26403
125.96 9.26403
109.27 9.26403
92.62 9.26403
209.23 9.39189
192.55 9.39189
175.87 9.39189
159.18 9.39189
142.50 9.39189
125.79 9.39189
109.14 9.39189
92.42 9.39189
259.09 9.43367
242.41 9.43367
225.70 9.43367
209.01 9.43367
192.36 9.43367
175.68 9.43367
158.99 9.43367
142.31 9.43367
225.62 9.27783
208.94 9.27783
192.25 9.27783
175.57 9.27783
158.89 9.27783
142.20 9.27783
125.52 9.27783
108.84 9.27783
242.15 9.2577
225.46 9.2577
208.78 9.2577
192.09 9.2577
175.41 9.2577
158.73 9.2577
142.04 9.2577
125.36 9.2577
225.34 9.32428
208.66 9.32428
191.97 9.32428
175.29 9.32428
158.61 9.32428
141.92 9.32428
125.24 9.32428
108.56 9.32428
191.87 9.22735
175.19 9.22735
158.50 9.22735
141.82 9.22735
125.14 9.22735
108.45 9.22735
91.77 9.22735
75.09 9.22735
258.42 9.17575
241.74 9.17575
225.05 9.17575
208.37 9.17575
191.69 9.17575
175.00 9.17575
158.32 9.17575
141.64 9.17575
224.94 9.18999
208.26 9.18999
191.57 9.18999
174.90 9.18999
158.21 9.18999
141.53 9.18999
124.85 9.18999
108.17 9.18999
274.75 9.27233
258.10 9.27233
241.39 9.27233
224.73 9.27233
208.04 9.27233
191.34 9.27233
174.66 9.27233
157.97 9.27233
241.31 9.20137
224.62 9.20137
207.94 9.20137
191.28 9.20137
174.60 9.20137
157.92 9.20137
141.24 9.20137
124.55 9.20137
257.83 9.18455
241.18 9.18455
224.50 9.18455
207.78 9.18455
191.10 9.18455
174.42 9.18455
157.74 9.18455
141.05 9.18455
224.36 9.14484
207.66 9.14484
191.02 9.14484
174.31 9.14484
157.63 9.14484
140.95 9.14484
124.26 9.14484
107.58 9.14484
190.89 9.2211
174.21 9.2211
157.52 9.2211
140.87 9.2211
124.16 9.2211
107.48 9.2211
90.79 9.2211
74.11 9.2211
207.41 9.28235
190.73 9.28235
174.04 9.28235
157.36 9.28235
140.68 9.28235
124.00 9.28235
107.31 9.28235
90.63 9.28235
257.24 9.31424
240.56 9.31424
223.91 9.31424
207.22 9.31424
190.54 9.31424
173.83 9.31424
157.15 9.31424
140.47 9.31424
273.79 9.28674
257.10 9.28674
240.42 9.28674
223.74 9.28674
207.06 9.28674
190.40 9.28674
173.69 9.28674
157.03 9.28674
140.33 9.28674
123.67 9.28674
206.99 9.21388
190.31 9.21388
173.60 9.21388
156.91 9.21388
140.26 9.21388
123.55 9.21388
106.89 9.21388
90.18 9.21388
206.85 9.17247
190.14 9.17247
173.46 9.17247
156.78 9.17247
140.08 9.17247
123.43 9.17247
106.72 9.17247
90.04 9.17247
256.65 9.2414
239.97 9.2414
223.28 9.2414
206.63 9.2414
189.95 9.2414
173.26 9.2414
156.56 9.2414
139.87 9.2414
223.21 9.20255
206.52 9.20255
189.84 9.20255
173.16 9.20255
156.47 9.20255
139.79 9.20255
123.14 9.20255
106.45 9.20255
223.09 9.10058
206.38 9.10058
189.72 9.10058
173.01 9.10058
156.33 9.10058
139.64 9.10058
122.96 9.10058
106.28 9.10058
189.60 9.12706
172.89 9.12706
156.23 9.12706
139.55 9.12706
122.84 9.12706
106.16 9.12706
89.48 9.12706
72.82 9.12706
239.42 9.15706
222.75 9.15706
206.06 9.15706
189.37 9.15706
172.69 9.15706
156.01 9.15706
139.32 9.15706
122.67 9.15706
205.98 9.25192
189.30 9.25192
172.59 9.25192
155.90 9.25192
139.23 9.25192
122.54 9.25192
105.86 9.25192
89.17 9.25192
205.81 9.26257
189.13 9.26257
172.45 9.26257
155.76 9.26257
139.11 9.26257
122.40 9.26257
105.72 9.26257
89.03 9.26257
289.00 9.36198
272.34 9.36198
255.66 9.36198
238.95 9.36198
222.26 9.36198
205.58 9.36198
188.93 9.36198
172.22 9.36198
255.55 9.29768
238.87 9.29768
222.18 9.29768
205.53 9.29768
188.84 9.29768
172.13 9.29768
155.48 9.29768
138.79 9.29768
255.39 9.26115
238.70 9.26115
222.05 9.26115
205.34 9.26115
188.69 9.26115
171.99 9.26115
155.32 9.26115
138.61 9.26115
221.92 9.18374
205.26 9.18374
188.58 9.18374
171.90 9.18374
155.19 9.18374
138.53 9.18374
121.82 9.18374
105.14 9.18374
205.14 9.20289
188.46 9.20289
171.78 9.20289
155.09 9.20289
138.41 9.20289
121.73 9.20289
105.04 9.20289
88.36 9.20289
255.00 9.25826
238.32 9.25826
221.64 9.25826
204.96 9.25826
188.27 9.25826
171.59 9.25826
154.91 9.25826
138.22 9.25826
221.53 9.24858
204.84 9.24858
188.16 9.24858
171.48 9.24858
154.79 9.24858
138.11 9.24858
121.43 9.24858
104.72 9.24858
188.09 9.13249
171.41 9.13249
154.72 9.13249
138.04 9.13249
121.36 9.13249
104.67 9.13249
87.99 9.13249
71.31 9.13249
204.58 9.12622
187.90 9.12622
171.22 9.12622
154.52 9.12622
137.85 9.12622
121.17 9.12622
104.48 9.12622
87.80 9.12622
254.44 9.14177
237.75 9.14177
221.04 9.14177
204.39 9.14177
187.71 9.14177
171.02 9.14177
154.34 9.14177
137.66 9.14177
220.96 9.09565
204.28 9.09565
187.60 9.09565
170.91 9.09565
154.23 9.09565
137.55 9.09565
120.87 9.09565
104.19 9.09565
204.16 9.08146
187.48 9.08146
170.79 9.08146
154.11 9.08146
137.43 9.08146
120.74 9.08146
104.06 9.08146
87.38 9.08146
254.04 9.1663
237.36 9.1663
220.68 9.1663
204.00 9.1663
187.31 9.1663
170.63 9.1663
153.95 9.1663
137.26 9.1663
270.57 9.35875
253.89 9.35875
237.20 9.35875
220.52 9.35875
203.81 9.35875
187.12 9.35875
170.45 9.35875
153.79 9.35875
137.11 9.35875
120.42 9.35875
203.70 9.26771
187.02 9.26771
170.31 9.26771
153.66 9.26771
136.97 9.26771
120.29 9.26771
103.61 9.26771
86.92 9.26771
203.56 9.10311
186.88 9.10311
170.18 9.10311
153.52 9.10311
136.83 9.10311
120.15 9.10311
103.47 9.10311
86.78 9.10311
186.76 9.11749
170.08 9.11749
153.40 9.11749
136.71 9.11749
120.03 9.11749
103.35 9.11749
86.66 9.11749
69.98 9.11749
269.95 9.21904
253.26 9.21904
236.58 9.21904
219.90 9.21904
203.22 9.21904
186.53 9.21904
169.85 9.21904
153.16 9.21904
253.17 9.21642
236.49 9.21642
219.81 9.21642
203.12 9.21642
186.44 9.21642
169.76 9.21642
153.07 9.21642
136.39 9.21642
219.69 9.07007
203.01 9.07007
186.33 9.07007
169.65 9.07007
152.97 9.07007
136.26 9.07007
119.58 9.07007
102.90 9.07007
186.20 9.12497
169.51 9.12497
152.83 9.12497
136.18 9.12497
119.49 9.12497
102.81 9.12497
186.09 9.31313
169.41 9.31313
152.71 9.31313
136.02 9.31313
119.34 9.31313
102.68 9.31313
235.96 9.35804
219.28 9.35804
202.59 9.35804
185.90 9.35804
169.25 9.35804
152.57 9.35804
135.88 9.35804
119.20 9.35804
235.87 9.25883
219.19 9.25883
202.51 9.25883
185.82 9.25883
169.11 9.25883
152.43 9.25883
135.77 9.25883
119.06 9.25883
202.38 9.13353
185.67 9.13353
169.01 9.13353
152.30 9.13353
135.65 9.13353
118.96 9.13353
102.25 9.13353
85.57 9.13353
185.57 9.06032
168.91 9.06032
152.20 9.06032
135.54 9.06032
118.84 9.06032
102.18 9.06032
85.50 9.06032
68.81 9.06032
252.09 8.99702
235.41 8.99702
218.75 8.99702
202.04 8.99702
185.38 8.99702
168.66 8.99702
152.02 8.99702
135.31 8.99702
218.62 8.90894
201.94 8.90894
185.25 8.90894
168.54 8.90894
151.86 8.90894
135.20 8.90894
118.52 8.90894
101.83 8.90894
235.15 8.94711
218.46 8.94711
201.78 8.94711
185.07 8.94711
168.41 8.94711
151.70 8.94711
135.05 8.94711
118.36 8.94711
201.67 8.91287
184.99 8.91287
168.28 8.91287
151.60 8.91287
134.92 8.91287
118.23 8.91287
101.55 8.91287
84.87 8.91287
201.54 8.90694
184.85 8.90694
168.17 8.90694
151.49 8.90694
134.81 8.90694
118.12 8.90694
101.44 8.90694
84.75 8.90694
201.40 8.90113
184.71 8.90113
168.03 8.90113
151.34 8.90113
134.66 8.90113
117.98 8.90113
101.30 8.90113
84.61 8.90113
201.25 8.95524
184.57 8.95524
167.89 8.95524
151.20 8.95524
134.52 8.95524
117.84 8.95524
101.16 8.95524
84.47 8.95524
251.11 9.03268
234.43 9.03268
217.75 9.03268
201.06 9.03268
184.38 9.03268
167.70 9.03268
151.01 9.03268
134.33 9.03268
234.31 9.04601
217.62 9.04601
200.94 9.04601
184.26 9.04601
167.57 9.04601
150.89 9.04601
134.21 9.04601
117.53 9.04601
200.84 8.98172
184.15 8.98172
167.47 8.98172
150.79 8.98172
134.10 8.98172
117.42 8.98172
100.74 8.98172
84.05 8.98172
217.36 9.01117
200.68 9.01117
184.00 9.01117
167.31 9.01117
150.63 9.01117
133.95 9.01117
117.26 9.01117
100.58 9.01117
183.89 9.00664
167.21 9.00664
150.52 9.00664
133.84 9.00664
117.16 9.00664
100.47 9.00664
83.79 9.00664
67.11 9.00664
217.08 8.97726
200.40 8.97726
183.71 8.97726
167.03 8.97726
150.35 8.97726
133.66 8.97726
116.98 8.97726
100.30 8.97726
266.94 9.13843
250.25 9.13843
233.57 9.13843
216.89 9.13843
200.21 9.13843
183.52 9.13843
166.84 9.13843
150.16 9.13843
233.46 9.03238
216.78 9.03238
200.10 9.03238
183.42 9.03238
166.73 9.03238
150.05 9.03238
133.37 9.03238
116.69 9.03238
216.66 9.03844
199.98 9.03844
183.29 9.03844
166.61 9.03844
149.93 9.03844
133.25 9.03844
116.56 9.03844
99.88 9.03844
199.85 9.05251
183.17 9.05251
166.49 9.05251
149.81 9.05251
133.12 9.05251
116.44 9.05251
99.76 9.05251
83.07 9.05251
183.05 9.17361
166.37 9.17361
149.69 9.17361
133.00 9.17361
116.32 9.17361
99.64 9.17361
82.95 9.17361
66.27 9.17361
182.91 9.18961
166.23 9.18961
149.54 9.18961
132.86 9.18961
116.18 9.18961
99.50 9.18961
82.81 9.18961
66.13 9.18961
199.44 9.20034
182.75 9.20034
166.07 9.20034
149.39 9.20034
132.70 9.20034
116.02 9.20034
99.34 9.20034
82.65 9.20034
265.96 9.26032
249.27 9.26032
232.59 9.26032
215.91 9.26032
199.22 9.26032
182.54 9.26032
165.84 9.26032
149.15 9.26032
232.48 9.27554
215.80 9.27554
199.12 9.27554
182.43 9.27554
165.75 9.27554
149.07 9.27554
132.39 9.27554
115.70 9.27554
215.68 9.27817
199.00 9.27817
182.32 9.27817
165.63 9.27817
148.95 9.27817
132.27 9.27817
115.56 9.27817
98.90 9.27817
265.54 9.29214
248.85 9.29214
232.17 9.29214
215.49 9.29214
198.81 9.29214
182.12 9.29214
165.44 9.29214
148.76 9.29214
232.07 9.1743
215.38 9.1743
198.70 9.1743
182.02 9.1743
165.33 9.1743
148.65 9.1743
131.97 9.1743
115.28 9.1743
198.59 9.2466
181.91 9.2466
165.23 9.2466
148.55 9.2466
131.86 9.2466
115.18 9.2466
98.50 9.2466
81.81 9.2466
198.46 9.22778
181.77 9.22778
165.09 9.22778
148.41 9.22778
131.72 9.22778
115.04 9.22778
98.36 9.22778
81.67 9.22778
264.99 9.23453
248.31 9.23453
231.60 9.23453
214.94 9.23453
198.26 9.23453
181.58 9.23453
164.89 9.23453
148.21 9.23453
131.53 9.23453
114.84 9.23453
248.15 9.41067
231.46 9.41067
214.77 9.41067
198.10 9.41067
181.43 9.41067
164.73 9.41067
148.04 9.41067
131.36 9.41067
231.30 9.38734
214.65 9.38734
197.96 9.38734
181.25 9.38734
164.58 9.38734
147.92 9.38734
131.23 9.38734
114.55 9.38734
197.89 9.3079
181.18 9.3079
164.52 9.3079
147.81 9.3079
131.12 9.3079
114.47 9.3079
97.76 9.3079
81.08 9.3079
264.36 9.2995
247.67 9.2995
231.02 9.2995
214.33 9.2995
197.62 9.2995
180.97 9.2995
164.26 9.2995
147.57 9.2995
230.91 9.26467
214.23 9.26467
197.54 9.26467
180.89 9.26467
164.18 9.26467
147.52 9.26467
130.81 9.26467
114.13 9.26467
214.13 9.1269
197.43 9.1269
180.77 9.1269
164.08 9.1269
147.40 9.1269
130.72 9.1269
114.04 9.1269
97.33 9.1269
247.30 9.01918
230.61 9.01918
213.93 9.01918
197.25 9.01918
180.59 9.01918
163.91 9.01918
147.23 9.01918
130.54 9.01918
230.49 9.0877
213.83 9.0877
197.15 9.0877
180.47 9.0877
163.78 9.0877
147.10 9.0877
130.39 9.0877
113.73 9.0877
197.02 8.93678
180.37 8.93678
163.68 8.93678
147.00 8.93678
130.29 8.93678
113.61 8.93678
96.95 8.93678
80.24 8.93678
180.19 8.73682
163.53 8.73682
146.82 8.73682
130.17 8.73682
113.48 8.73682
96.77 8.73682
80.09 8.73682
63.41 8.73682
180.07 8.71716
163.39 8.71716
146.70 8.71716
130.03 8.71716
113.34 8.71716
96.68 8.71716
80.00 8.71716
63.32 8.71716
196.60 8.86186
179.91 8.86186
163.23 8.86186
146.55 8.86186
129.87 8.86186
113.18 8.86186
96.50 8.86186
79.82 8.86186
196.49 8.86141
179.80 8.86141
163.12 8.86141
146.41 8.86141
129.75 8.86141
113.07 8.86141
96.39 8.86141
79.68 8.86141
179.65 8.87402
163.00 8.87402
146.32 8.87402
129.63 8.87402
112.92 8.87402
96.27 8.87402
79.56 8.87402
62.90 8.87402
246.15 8.96838
229.50 8.96838
212.81 8.96838
196.10 8.96838
179.44 8.96838
162.74 8.96838
146.08 8.96838
129.37 8.96838
212.70 8.92847
195.99 8.92847
179.34 8.92847
162.63 8.92847
145.97 8.92847
129.29 8.92847
112.58 8.92847
95.92 8.92847
229.20 9.00437
212.55 9.00437
195.84 9.00437
179.18 9.00437
162.47 9.00437
145.82 9.00437
129.11 9.00437
112.42 9.00437
229.09 8.99008
212.39 8.99008
195.75 8.99008
179.04 8.99008
162.38 8.99008
145.67 8.99008
129.02 8.99008
112.31 8.99008
195.65 8.8522
178.94 8.8522
162.25 8.8522
145.59 8.8522
128.91 8.8522
112.23 8.8522
95.54 8.8522
78.86 8.8522
178.81 8.86947
162.16 8.86947
145.45 8.86947
128.79 8.86947
112.08 8.86947
95.40 8.86947
78.74 8.86947
62.03 8.86947
245.36 8.90652
228.66 8.90652
211.98 8.90652
195.29 8.90652
178.61 8.90652
161.95 8.90652
145.27 8.90652
128.56 8.90652
245.21 8.90569
228.54 8.90569
211.86 8.90569
195.18 8.90569
178.47 8.90569
161.79 8.90569
145.11 8.90569
128.42 8.90569
211.76 8.90539
195.07 8.90539
178.37 8.90539
161.71 8.90539
145.02 8.90539
128.32 8.90539
111.63 8.90539
94.95 8.90539
194.95 8.88555
178.27 8.88555
161.58 8.88555
144.87 8.88555
128.19 8.88555
111.51 8.88555
94.85 8.88555
78.16 8.88555
511.40 8.87576
494.74 8.87576
478.03 8.87576
461.35 8.87576
444.67 8.87576
427.98 8.87576
411.33 8.87576
394.61 8.87576
377.96 8.87576
427.94 8.92399
411.28 8.92399
394.57 8.92399
377.89 8.92399
361.24 8.92399
344.55 8.92399
327.84 8.92399
311.19 8.92399
377.83 8.83285
361.15 8.83285
344.44 8.83285
327.78 8.83285
311.09 8.83285
294.42 8.83285
277.70 8.83285
261.05 8.83285
344.36 8.70779
327.67 8.70779
310.99 8.70779
294.31 8.70779
277.62 8.70779
260.94 8.70779
244.26 8.70779
227.57 8.70779
310.89 8.7723
294.21 8.7723
277.50 8.7723
260.82 8.7723
244.16 8.7723
227.45 8.7723
210.77 8.7723
194.11 8.7723
210.73 8.78373
194.05 8.78373
277.36 8.71591
260.70 8.71591
243.99 8.71591
227.31 8.71591
210.62 8.71591
193.94 8.71591
177.28 8.71591
160.58 8.71591
243.88 8.76868
227.18 8.76868
210.52 8.76868
193.81 8.76868
177.13 8.76868
160.47 8.76868
143.76 8.76868
127.10 8.76868
243.72 8.80913
227.04 8.80913
210.38 8.80913
193.67 8.80913
177.01 8.80913
160.31 8.80913
143.65 8.80913
126.96 8.80913
210.27 8.8944
193.59 8.8944
176.91 8.8944
160.22 8.8944
143.51 8.8944
126.83 8.8944
110.14 8.8944
93.49 8.8944
243.49 9.04251
226.78 9.04251
210.13 9.04251
193.44 9.04251
176.76 9.04251
160.08 9.04251
143.37 9.04251
126.69 9.04251
293.32 9.12199
276.64 9.12199
259.95 9.12199
243.24 9.12199
226.59 9.12199
209.91 9.12199
193.22 9.12199
176.51 9.12199
159.83 9.12199
143.17 9.12199
226.49 9.04355
209.77 9.04355
193.12 9.04355
176.44 9.04355
159.75 9.04355
143.07 9.04355
126.39 9.04355
109.70 9.04355
193.01 9.01857
176.33 9.01857
159.65 9.01857
142.96 9.01857
126.28 9.01857
109.60 9.01857
92.92 9.01857
76.23 9.01857
209.54 9.06166
192.85 9.06166
176.17 9.06166
159.49 9.06166
142.81 9.06166
126.12 9.06166
109.44 9.06166
92.75 9.06166
259.39 9.11647
242.71 9.11647
226.03 9.11647
209.35 9.11647
192.66 9.11647
175.98 9.11647
159.30 9.11647
142.61 9.11647
225.92 9.13115
209.24 9.13115
192.56 9.13115
175.87 9.13115
159.19 9.13115
142.51 9.13115
125.83 9.13115
109.14 9.13115
259.11 9.1872
242.43 9.1872
225.75 9.1872
209.06 9.1872
192.38 9.1872
175.70 9.1872
159.02 9.1872
142.33 9.1872
225.64 9.23005
208.96 9.23005
192.28 9.23005
175.59 9.23005
158.91 9.23005
142.23 9.23005
125.55 9.23005
108.86 9.23005
275.50 9.31636
258.82 9.31636
242.13 9.31636
225.45 9.31636
208.77 9.31636
192.09 9.31636
175.40 9.31636
158.72 9.31636
242.03 9.26137
225.34 9.26137
208.66 9.26137
191.98 9.26137
175.30 9.26137
158.62 9.26137
141.93 9.26137
125.25 9.26137
208.56 9.24732
191.87 9.24732
175.19 9.24732
158.51 9.24732
141.82 9.24732
125.14 9.24732
108.46 9.24732
91.78 9.24732
241.75 9.24973
225.07 9.24973
208.38 9.24973
191.70 9.24973
175.02 9.24973
158.33 9.24973
141.65 9.24973
124.97 9.24973
391.60 9.22018
374.91 9.22018
358.24 9.22018
341.55 9.22018
324.87 9.22018
308.19 9.22018
291.50 9.22018
274.82 9.22018
358.13 9.16601
341.45 9.16601
324.76 9.16601
308.08 9.16601
291.40 9.16601
274.71 9.16601
258.03 9.16601
241.35 9.16601
324.66 9.16409
307.98 9.16409
291.29 9.16409
274.61 9.16409
257.93 9.16409
241.25 9.16409
224.56 9.16409
207.88 9.16409
291.19 9.1913
274.50 9.1913
257.82 9.1913
241.14 9.1913
224.45 9.1913
207.77 9.1913
191.09 9.1913
174.40 9.1913
257.71 9.26064
241.03 9.26064
224.35 9.26064
207.67 9.26064
190.98 9.26064
174.30 9.26064
157.62 9.26064
140.94 9.26064
290.91 9.2917
274.22 9.2917
257.54 9.2917
240.86 9.2917
224.18 9.2917
207.49 9.2917
190.81 9.2917
174.13 9.2917
257.44 9.33304
240.75 9.33304
224.07 9.33304
207.39 9.33304
190.70 9.33304
174.02 9.33304
157.34 9.33304
140.65 9.33304
290.63 9.3923
273.94 9.3923
257.26 9.3923
240.58 9.3923
223.90 9.3923
207.21 9.3923
190.53 9.3923
173.84 9.3923
257.18 9.33788
240.49 9.33788
223.81 9.33788
207.13 9.33788
190.44 9.33788
173.76 9.33788
157.08 9.33788
140.39 9.33788
223.68 9.28462
207.00 9.28462
190.32 9.28462
173.63 9.28462
156.95 9.28462
140.27 9.28462
123.58 9.28462
106.90 9.28462
223.54 9.18813
206.86 9.18813
190.18 9.18813
173.50 9.18813
156.81 9.18813
140.13 9.18813
123.45 9.18813
106.76 9.18813
273.40 9.19327
256.72 9.19327
240.04 9.19327
223.35 9.19327
206.67 9.19327
189.99 9.19327
173.30 9.19327
156.62 9.19327
239.96 8.87139
223.28 8.87139
206.59 8.87139
189.91 8.87139
173.19 8.87139
156.51 8.87139
139.83 8.87139
123.18 8.87139
206.43 8.61956
189.78 8.61956
173.07 8.61956
156.39 8.61956
139.70 8.61956
123.05 8.61956
106.36 8.61956
89.68 8.61956
189.66 8.64265
172.97 8.64265
156.26 8.64265
139.58 8.64265
122.92 8.64265
106.24 8.64265
89.53 8.64265
72.88 8.64265
189.51 8.67048
172.83 8.67048
156.15 8.67048
139.46 8.67048
122.78 8.67048
106.10 8.67048
89.42 8.67048
72.73 8.67048
222.71 8.65383
206.03 8.65383
189.34 8.65383
172.66 8.65383
155.97 8.65383
139.29 8.65383
122.61 8.65383
105.93 8.65383
289.23 8.74451
272.54 8.74451
255.86 8.74451
239.18 8.74451
222.50 8.74451
205.81 8.74451
189.13 8.74451
172.45 8.74451
289.09 8.68943
272.40 8.68943
255.72 8.68943
239.04 8.68943
222.35 8.68943
205.67 8.68943
188.99 8.68943
172.31 8.68943
155.62 8.68943
138.94 8.68943
238.91 8.72781
222.23 8.72781
205.55 8.72781
188.86 8.72781
172.18 8.72781
155.50 8.72781
138.81 8.72781
122.13 8.72781
355.43 8.66756
338.75 8.66756
322.07 8.66756
305.38 8.66756
288.70 8.66756
272.02 8.66756
255.34 8.66756
238.65 8.66756
321.96 8.61923
305.28 8.61923
288.60 8.61923
271.92 8.61923
255.23 8.61923
238.55 8.61923
221.87 8.61923
205.18 8.61923
288.49 8.63595
271.81 8.63595
255.13 8.63595
238.44 8.63595
221.76 8.63595
205.08 8.63595
188.39 8.63595
171.71 8.63595
255.02 8.7086
238.34 8.7086
221.66 8.7086
204.97 8.7086
188.29 8.7086
171.61 8.7086
154.92 8.7086
138.24 8.7086
221.55 8.75392
204.87 8.75392
188.18 8.75392
171.50 8.75392
154.82 8.75392
138.13 8.75392
121.45 8.75392
104.77 8.75392
304.74 8.83194
288.05 8.83194
271.37 8.83194
254.69 8.83194
238.00 8.83194
221.32 8.83194
204.64 8.83194
187.96 8.83194
271.27 8.68508
254.58 8.68508
237.90 8.68508
221.22 8.68508
204.53 8.68508
187.85 8.68508
171.17 8.68508
154.49 8.68508
254.46 8.7241
237.78 8.7241
221.09 8.7241
204.41 8.7241
187.73 8.7241
171.05 8.7241
154.36 8.7241
137.68 8.7241
220.99 8.63412
204.31 8.63412
187.62 8.63412
170.94 8.63412
154.26 8.63412
137.57 8.63412
120.89 8.63412
104.21 8.63412
270.85 8.6881
254.16 8.6881
237.48 8.6881
220.80 8.6881
204.11 8.6881
187.43 8.6881
170.75 8.6881
154.06 8.6881
237.38 8.53899
220.69 8.53899
204.01 8.53899
187.33 8.53899
170.64 8.53899
153.96 8.53899
137.28 8.53899
120.59 8.53899
203.88 8.58172
187.22 8.58172
170.51 8.58172
153.83 8.58172
137.14 8.58172
120.46 8.58172
103.78 8.58172
87.10 8.58172
220.41 8.60941
203.72 8.60941
187.06 8.60941
170.35 8.60941
153.70 8.60941
137.01 8.60941
120.33 8.60941
103.62 8.60941
220.29 8.62969
203.58 8.62969
186.93 8.62969
170.24 8.62969
153.56 8.62969
136.88 8.62969
120.19 8.62969
103.49 8.62969
253.45 8.62828
236.80 8.62828
220.09 8.62828
203.43 8.62828
186.75 8.62828
170.07 8.62828
153.35 8.62828
136.67 8.62828
219.98 8.61232
203.33 8.61232
186.64 8.61232
169.96 8.61232
153.28 8.61232
136.57 8.61232
119.91 8.61232
103.20 8.61232
219.84 8.68017
203.19 8.68017
186.47 8.68017
169.82 8.68017
153.14 8.68017
136.45 8.68017
119.77 8.68017
103.09 8.68017
203.06 8.67994
186.38 8.67994
169.70 8.67994
153.01 8.67994
136.33 8.67994
119.65 8.67994
102.96 8.67994
86.28 8.67994
236.28 8.66718
219.60 8.66718
202.92 8.66718
186.23 8.66718
169.55 8.66718
152.84 8.66718
136.18 8.66718
119.47 8.66718
219.45 8.74066
202.76 8.74066
186.11 8.74066
169.43 8.74066
152.72 8.74066
136.06 8.74066
119.35 8.74066
102.69 8.74066
269.33 8.86134
252.62 8.86134
235.94 8.86134
219.28 8.86134
202.60 8.86134
185.89 8.86134
169.23 8.86134
152.53 8.86134
235.84 8.80538
219.15 8.80538
202.47 8.80538
185.81 8.80538
169.10 8.80538
152.45 8.80538
135.76 8.80538
119.08 8.80538
285.69 8.8985
269.01 8.8985
252.30 8.8985
235.64 8.8985
218.93 8.8985
202.25 8.8985
185.59 8.8985
168.88 8.8985
252.22 8.92168
235.54 8.92168
218.83 8.92168
202.15 8.92168
185.46 8.92168
168.80 8.92168
152.12 8.92168
135.44 8.92168
218.77 8.84404
202.09 8.84404
185.40 8.84404
168.72 8.84404
152.04 8.84404
135.35 8.84404
118.65 8.84404
101.99 8.84404
385.29 8.75087
368.61 8.75087
351.93 8.75087
335.24 8.75087
318.56 8.75087
301.88 8.75087
285.19 8.75087
268.49 8.75087
351.80 8.76486
335.12 8.76486
318.44 8.76486
301.75 8.76486
285.07 8.76486
268.38 8.76486
251.73 8.76486
235.02 8.76486
318.32 8.77547
301.64 8.77547
284.93 8.77547
268.27 8.77547
251.56 8.77547
234.88 8.77547
218.19 8.77547
201.51 8.77547
501.51 8.71257
484.85 8.71257
468.14 8.71257
451.46 8.71257
434.80 8.71257
418.12 8.71257
401.44 8.71257
384.72 8.71257
468.06 8.65622
451.35 8.65622
434.69 8.65622
417.98 8.65622
401.30 8.65622
384.62 8.65622
367.93 8.65622
351.25 8.65622
434.53 8.54744
417.88 8.54744
401.16 8.54744
384.51 8.54744
367.80 8.54744
351.12 8.54744
334.43 8.54744
317.75 8.54744
401.09 8.62454
384.41 8.62454
367.73 8.62454
351.04 8.62454
334.35 8.62454
317.68 8.62454
300.99 8.62454
284.31 8.62454
367.62 8.43095
350.96 8.43095
334.28 8.43095
317.58 8.43095
300.89 8.43095
284.20 8.43095
267.51 8.43095
250.84 8.43095
334.12 8.4888
317.44 8.4888
300.75 8.4888
284.07 8.4888
267.42 8.4888
250.74 8.4888
234.05 8.4888
217.37 8.4888
334.01 8.64513
317.32 8.64513
300.67 8.64513
283.96 8.64513
267.28 8.64513
250.62 8.64513
233.94 8.64513
217.25 8.64513
300.57 8.60031
283.86 8.60031
267.18 8.60031
250.49 8.60031
233.81 8.60031
217.13 8.60031
300.40 8.69853
283.72 8.69853
267.06 8.69853
250.38 8.69853
233.70 8.69853
216.99 8.69853
200.30 8.69853
183.62 8.69853
266.94 8.7037
250.25 8.7037
233.57 8.7037
216.89 8.7037
200.23 8.7037
183.55 8.7037
166.84 8.7037
150.18 8.7037
233.46 8.7969
216.78 8.7969
200.10 8.7969
183.44 8.7969
166.76 8.7969
150.07 8.7969
133.39 8.7969
116.68 8.7969
216.71 8.80371
200.03 8.80371
183.35 8.80371
166.66 8.80371
149.95 8.80371
133.30 8.80371
116.59 8.80371
99.93 8.80371
249.90 8.87913
233.19 8.87913
216.54 8.87913
199.85 8.87913
183.14 8.87913
166.49 8.87913
149.76 8.87913
133.09 8.87913
216.41 8.87943
199.73 8.87943
183.04 8.87943
166.36 8.87943
149.67 8.87943
133.00 8.87943
116.31 8.87943
99.62 8.87943
266.23 9.02865
249.55 9.02865
232.89 9.02865
216.19 9.02865
199.53 9.02865
182.85 9.02865
166.16 9.02865
149.46 9.02865
216.10 8.915
199.41 8.915
182.76 8.915
166.07 8.915
149.39 8.915
132.71 8.915
116.03 8.915
99.34 8.915
215.98 8.84728
199.30 8.84728
182.62 8.84728
165.94 8.84728
149.25 8.84728
132.57 8.84728
115.89 8.84728
99.20 8.84728
199.15 8.75886
182.50 8.75886
165.79 8.75886
149.11 8.75886
132.42 8.75886
115.74 8.75886
99.06 8.75886
82.40 8.75886
215.74 8.74788
199.05 8.74788
182.37 8.74788
165.69 8.74788
149.00 8.74788
132.32 8.74788
115.64 8.74788
98.95 8.74788
198.93 8.7712
182.24 8.7712
165.56 8.7712
148.88 8.7712
132.19 8.7712
115.51 8.7712
98.83 8.7712
82.15 8.7712
215.45 8.82461
198.77 8.82461
182.09 8.82461
165.41 8.82461
148.72 8.82461
132.04 8.82461
115.35 8.82461
98.67 8.82461
198.62 8.84545
181.94 8.84545
165.25 8.84545
148.57 8.84545
131.89 8.84545
115.20 8.84545
98.52 8.84545
81.84 8.84545
215.14 8.86801
198.46 8.86801
181.78 8.86801
165.09 8.86801
148.41 8.86801
131.73 8.86801
115.05 8.86801
98.36 8.86801
348.36 8.89331
331.67 8.89331
314.99 8.89331
298.31 8.89331
281.62 8.89331
264.94 8.89331
248.23 8.89331
231.55 8.89331
314.89 8.92442
298.20 8.92442
281.52 8.92442
264.84 8.92442
248.16 8.92442
231.47 8.92442
214.79 8.92442
198.08 8.92442
281.39 9.0171
264.73 9.0171
248.05 9.0171
231.36 9.0171
214.68 9.0171
198.00 9.0171
181.29 9.0171
164.60 9.0171
247.89 8.98463
231.21 8.98463
214.53 8.98463
197.87 8.98463
181.18 8.98463
164.48 8.98463
147.82 8.98463
131.11 8.98463
247.77 8.9243
231.09 8.9243
214.41 8.9243
197.73 8.9243
181.04 8.9243
164.36 8.9243
147.68 8.9243
130.99 8.9243
197.64 8.95422
180.98 8.95422
164.27 8.95422
147.59 8.95422
130.91 8.95422
114.22 8.95422
97.54 8.95422
80.86 8.95422
197.50 9.08162
180.82 9.08162
164.16 9.08162
147.44 9.08162
130.79 9.08162
114.08 9.08162
97.43 9.08162
80.74 9.08162
180.72 9.14331
164.03 9.14331
147.35 9.14331
130.67 9.14331
113.98 9.14331
97.30 9.14331
80.62 9.14331
63.94 9.14331
230.59 9.15586
213.90 9.15586
197.22 9.15586
180.54 9.15586
163.85 9.15586
147.17 9.15586
130.49 9.15586
113.81 9.15586
197.08 9.15407
180.39 9.15407
163.71 9.15407
147.03 9.15407
130.35 9.15407
113.64 9.15407
96.98 9.15407
80.30 9.15407
213.60 9.13446
196.92 9.13446
180.24 9.13446
163.53 9.13446
146.87 9.13446
130.19 9.13446
113.51 9.13446
96.82 9.13446
196.80 9.20962
180.09 9.20962
163.41 9.20962
146.75 9.20962
130.04 9.20962
113.35 9.20962
96.70 9.20962
79.98 9.20962
280.01 9.24403
263.33 9.24403
246.62 9.24403
229.94 9.24403
213.28 9.24403
196.57 9.24403
179.92 9.24403
163.23 9.24403
246.55 9.22283
229.84 9.22283
213.16 9.22283
196.47 9.22283
179.79 9.22283
163.10 9.22283
146.42 9.22283
129.77 9.22283
213.07 9.16517
196.36 9.16517
179.68 9.16517
163.00 9.16517
146.31 9.16517
129.63 9.16517
112.97 9.16517
96.27 9.16517
196.24 9.13624
179.56 9.13624
162.87 9.13624
146.19 9.13624
129.48 9.13624
112.80 9.13624
96.11 9.13624
79.43 9.13624
312.76 9.22266
296.10 9.22266
279.42 9.22266
262.73 9.22266
246.03 9.22266
229.37 9.22266
212.66 9.22266
196.00 9.22266
179.29 9.22266
162.61 9.22266
245.92 9.34425
229.21 9.34425
212.56 9.34425
195.87 9.34425
179.16 9.34425
162.48 9.34425
145.80 9.34425
129.14 9.34425
529.10 7.80498
512.41 7.80498
495.70 7.80498
479.05 7.80498
462.36 7.80498
445.65 7.80498
429.00 7.80498
412.31 7.80498
395.63 7.80498
378.95 7.80498
362.26 7.80498
345.58 7.80498
328.90 7.80498
312.21 7.80498
295.53 7.80498
278.85 7.80498
362.18 7.65604
345.48 7.65604
328.80 7.65604
312.11 7.65604
295.42 7.65604
278.75 7.65604
262.06 7.65604
245.40 7.65604
328.72 7.63572
312.03 7.63572
295.35 7.63572
278.64 7.63572
261.95 7.63572
245.30 7.63572
228.59 7.63572
211.91 7.63572
295.21 7.66684
278.51 7.66684
261.85 7.66684
245.15 7.66684
228.49 7.66684
211.78 7.66684
195.12 7.66684
178.41 7.66684
261.72 7.75107
245.04 7.75107
228.35 7.75107
211.70 7.75107
195.01 7.75107
178.33 7.75107
161.65 7.75107
144.97 7.75107
228.25 7.85443
211.57 7.85443
194.88 7.85443
178.20 7.85443
161.54 7.85443
144.86 7.85443
128.18 7.85443
111.50 7.85443
194.83 8.03667
178.15 8.03667
161.47 8.03667
144.78 8.03667
128.10 8.03667
111.42 8.03667
94.69 8.03667
78.05 8.03667
194.66 8.2074
177.95 8.2074
161.30 8.2074
144.62 8.2074
127.91 8.2074
111.25 8.2074
94.54 8.2074
77.86 8.2074
211.19 8.27946
194.51 8.27946
177.83 8.27946
161.14 8.27946
144.49 8.27946
127.80 8.27946
111.12 8.27946
94.41 8.27946
244.38 8.43311
227.70 8.43311
211.01 8.43311
194.30 8.43311
177.62 8.43311
160.96 8.43311
144.26 8.43311
127.57 8.43311
244.24 8.50441
227.56 8.50441
210.87 8.50441
194.19 8.50441
177.51 8.50441
160.83 8.50441
144.14 8.50441
127.46 8.50441
227.44 8.55701
210.75 8.55701
194.07 8.55701
177.39 8.55701
160.71 8.55701
144.02 8.55701
127.34 8.55701
110.66 8.55701
227.30 8.67441
210.61 8.67441
193.93 8.67441
177.25 8.67441
160.56 8.67441
143.88 8.67441
127.20 8.67441
560.48 8.71563
543.80 8.71563
527.12 8.71563
510.43 8.71563
493.75 8.71563
477.07 8.71563
460.38 8.71563
443.70 8.71563
477.01 8.74043
460.33 8.74043
443.65 8.74043
426.97 8.74043
410.28 8.74043
393.60 8.74043
376.92 8.74043
360.24 8.74043
443.54 8.68124
426.86 8.68124
410.18 8.68124
393.50 8.68124
376.81 8.68124
360.13 8.68124
343.45 8.68124
326.76 8.68124
410.07 8.65519
393.39 8.65519
376.71 8.65519
360.02 8.65519
343.34 8.65519
326.66 8.65519
309.98 8.65519
293.29 8.65519
376.60 8.69552
359.92 8.69552
343.24 8.69552
326.55 8.69552
309.87 8.69552
293.19 8.69552
276.50 8.69552
259.82 8.69552
343.13 8.72686
326.45 8.72686
309.76 8.72686
293.08 8.72686
276.40 8.72686
259.71 8.72686
243.03 8.72686
226.35 8.72686
309.66 8.78774
292.98 8.78774
276.29 8.78774
259.61 8.78774
242.93 8.78774
226.24 8.78774
209.56 8.78774
192.88 8.78774
309.52 8.85579
292.84 8.85579
276.15 8.85579
259.47 8.85579
242.79 8.85579
226.11 8.85579
209.42 8.85579
192.74 8.85579
276.05 8.87641
259.37 8.87641
242.68 8.87641
226.00 8.87641
209.32 8.87641
192.63 8.87641
175.95 8.87641
159.27 8.87641
275.91 8.80466
259.23 8.80466
242.54 8.80466
225.86 8.80466
209.18 8.80466
192.49 8.80466
175.81 8.80466
159.13 8.80466
242.41 8.77116
225.76 8.77116
209.07 8.77116
192.39 8.77116
175.71 8.77116
159.02 8.77116
142.34 8.77116
125.66 8.77116
225.66 8.82172
208.98 8.82172
192.29 8.82172
175.61 8.82172
158.93 8.82172
142.24 8.82172
125.56 8.82172
108.88 8.82172
292.19 8.85049
275.50 8.85049
258.82 8.85049
242.13 8.85049
225.45 8.85049
208.77 8.85049
192.06 8.85049
175.38 8.85049
258.66 8.843
241.97 8.843
225.29 8.843
208.61 8.843
191.93 8.843
175.24 8.843
158.56 8.843
141.88 8.843
225.19 8.7984
208.50 8.7984
191.85 8.7984
175.16 8.7984
158.45 8.7984
141.80 8.7984
125.11 8.7984
108.43 8.7984
208.41 8.86293
191.72 8.86293
175.04 8.86293
158.36 8.86293
141.68 8.86293
124.99 8.86293
108.31 8.86293
91.62 8.86293
191.60 8.83077
174.92 8.83077
158.24 8.83077
141.55 8.83077
124.87 8.83077
108.19 8.83077
91.50 8.83077
74.82 8.83077
208.13 8.85006
191.45 8.85006
174.76 8.85006
158.08 8.85006
141.40 8.85006
124.71 8.85006
108.03 8.85006
91.35 8.85006
241.32 8.94068
224.64 8.94068
207.95 8.94068
191.27 8.94068
174.59 8.94068
157.91 8.94068
141.22 8.94068
124.54 8.94068
307.84 9.1083
291.16 9.1083
274.48 9.1083
257.79 9.1083
241.11 9.1083
224.43 9.1083
207.74 9.1083
191.06 9.1083
274.37 9.02614
257.69 9.02614
241.01 9.02614
224.32 9.02614
207.64 9.02614
190.96 9.02614
274.29 8.9784
257.61 8.9784
240.92 8.9784
224.24 8.9784
207.56 8.9784
190.88 8.9784
174.17 8.9784
157.48 8.9784
240.80 9.01336
224.14 9.01336
207.43 9.01336
190.77 9.01336
174.06 9.01336
157.41 9.01336
140.70 9.01336
124.02 9.01336
223.99 9.00748
207.28 9.00748
190.62 9.00748
173.91 9.00748
157.26 9.00748
140.55 9.00748
123.89 9.00748
107.18 9.00748
290.49 9.05471
273.80 9.05471
257.12 9.05471
240.46 9.05471
223.75 9.05471
207.10 9.05471
190.41 9.05471
173.73 9.05471
257.04 8.95671
240.38 8.95671
223.67 8.95671
207.01 8.95671
190.33 8.95671
173.62 8.95671
156.97 8.95671
140.25 8.95671
223.57 8.97741
206.86 8.97741
190.20 8.97741
173.52 8.97741
156.81 8.97741
140.13 8.97741
123.47 8.97741
106.76 8.97741
323.42 9.07827
306.74 9.07827
290.06 9.07827
273.37 9.07827
256.69 9.07827
240.01 9.07827
223.32 9.07827
206.64 9.07827
289.95 9.00652
273.27 9.00652
256.58 9.00652
239.90 9.00652
223.22 9.00652
206.51 9.00652
189.85 9.00652
173.17 9.00652
256.48 9.01101
239.76 9.01101
223.11 9.01101
206.43 9.01101
189.75 9.01101
173.06 9.01101
156.38 9.01101
139.69 9.01101
223.01 8.99165
206.32 8.99165
189.64 8.99165
172.96 8.99165
156.28 8.99165
139.59 8.99165
122.91 8.99165
106.23 8.99165
289.53 9.15625
272.85 9.15625
256.16 9.15625
239.48 9.15625
222.80 9.15625
206.09 9.15625
189.43 9.15625
172.75 9.15625
256.06 9.10734
239.38 9.10734
222.69 9.10734
206.01 9.10734
189.33 9.10734
172.65 9.10734
155.96 9.10734
139.28 9.10734
222.59 9.12818
205.91 9.12818
189.22 9.12818
172.54 9.12818
155.83 9.12818
139.17 9.12818
122.49 9.12818
105.81 9.12818
205.78 9.14453
189.07 9.14453
172.42 9.14453
155.73 9.14453
139.05 9.14453
122.37 9.14453
105.68 9.14453
88.97 9.14453
205.67 9.11233
188.99 9.11233
172.28 9.11233
155.62 9.11233
138.91 9.11233
122.26 9.11233
105.55 9.11233
88.84 9.11233
222.20 9.09793
205.49 9.09793
188.83 9.09793
172.12 9.09793
155.47 9.09793
138.76 9.09793
122.10 9.09793
105.39 9.09793
255.34 9.12102
238.68 9.12102
221.97 9.12102
205.29 9.12102
188.60 9.12102
171.92 9.12102
155.24 9.12102
138.58 9.12102
255.19 9.2022
238.54 9.2022
221.83 9.2022
205.17 9.2022
188.46 9.2022
171.80 9.2022
155.09 9.2022
138.41 9.2022
238.42 9.00693
221.76 9.00693
205.08 9.00693
188.39 9.00693
171.71 9.00693
155.03 9.00693
138.34 9.00693
121.66 9.00693
221.58 8.9895
204.90 8.9895
188.24 8.9895
171.53 8.9895
154.85 8.9895
138.19 8.9895
121.48 8.9895
104.83 8.9895
221.45 9.00166
204.79 9.00166
188.08 9.00166
171.42 9.00166
154.74 9.00166
138.06 9.00166
121.37 9.00166
104.66 9.00166
237.97 8.77502
221.28 8.77502
204.63 8.77502
187.92 8.77502
171.26 8.77502
154.55 8.77502
137.87 8.77502
121.18 8.77502
221.18 8.67864
204.50 8.67864
187.81 8.67864
171.16 8.67864
154.45 8.67864
137.79 8.67864
121.08 8.67864
104.42 8.67864
187.69 8.55556
171.01 8.55556
154.32 8.55556
137.64 8.55556
120.98 8.55556
104.30 8.55556
87.62 8.55556
70.94 8.55556
187.61 8.51614
170.90 8.51614
154.21 8.51614
137.53 8.51614
120.85 8.51614
104.17 8.51614
87.51 8.51614
70.82 8.51614
270.77 8.67375
254.11 8.67375
237.40 8.67375
220.75 8.67375
204.06 8.67375
187.38 8.67375
170.67 8.67375
153.99 8.67375
270.63 8.67466
253.94 8.67466
237.26 8.67466
220.58 8.67466
203.91 8.67466
187.21 8.67466
170.55 8.67466
153.84 8.67466
237.16 8.62867
220.47 8.62867
203.79 8.62867
187.08 8.62867
170.40 8.62867
153.74 8.62867
137.03 8.62867
120.37 8.62867
220.35 8.69183
203.67 8.69183
186.99 8.69183
170.30 8.69183
153.60 8.69183
136.94 8.69183
120.25 8.69183
103.55 8.69183
203.54 8.52801
186.84 8.52801
170.17 8.52801
153.49 8.52801
136.81 8.52801
120.13 8.52801
103.44 8.52801
86.74 8.52801
203.38 8.42137
186.72 8.42137
170.01 8.42137
153.35 8.42137
136.67 8.42137
119.99 8.42137
103.27 8.42137
86.62 8.42137
219.93 8.4425
203.22 8.4425
186.56 8.4425
169.87 8.4425
153.18 8.4425
136.49 8.4425
119.80 8.4425
103.15 8.4425
86.47 8.4425
69.75 8.4425
186.42 8.56058
169.77 8.56058
153.06 8.56058
136.40 8.56058
119.69 8.56058
103.03 8.56058
86.35 8.56058
69.67 8.56058
286.29 8.72532
269.62 8.72532
252.94 8.72532
236.23 8.72532
219.54 8.72532
202.86 8.72532
186.21 8.72532
169.50 8.72532
252.78 8.70659
236.09 8.70659
219.41 8.70659
202.73 8.70659
186.05 8.70659
169.36 8.70659
152.68 8.70659
136.00 8.70659
219.31 8.65084
202.63 8.65084
185.94 8.65084
169.28 8.65084
152.57 8.65084
135.89 8.65084
119.21 8.65084
102.52 8.65084
252.53 8.93444
235.84 8.93444
219.16 8.93444
202.51 8.93444
185.80 8.93444
169.11 8.93444
152.43 8.93444
135.75 8.93444
235.75 8.78169
219.04 8.78169
202.36 8.78169
185.70 8.78169
168.99 8.78169
152.33 8.78169
135.62 8.78169
118.97 8.78169
202.25 8.63659
185.56 8.63659
168.90 8.63659
152.20 8.63659
135.52 8.63659
118.83 8.63659
102.17 8.63659
85.49 8.63659
185.44 8.50908
168.76 8.50908
152.07 8.50908
135.39 8.50908
118.71 8.50908
102.05 8.50908
85.37 8.50908
68.69 8.50908
185.31 8.63771
168.62 8.63771
151.94 8.63771
135.28 8.63771
118.60 8.63771
101.91 8.63771
85.23 8.63771
68.54 8.63771
235.16 8.65583
218.50 8.65583
201.82 8.65583
185.14 8.65583
168.43 8.65583
151.75 8.65583
135.09 8.65583
118.38 8.65583
201.72 8.47211
185.03 8.47211
168.32 8.47211
151.64 8.47211
134.96 8.47211
118.27 8.47211
101.59 8.47211
84.91 8.47211
201.58 8.51102
184.87 8.51102
168.18 8.51102
151.50 8.51102
134.79 8.51102
118.13 8.51102
101.48 8.51102
84.80 8.51102
184.74 8.58265
168.06 8.58265
151.38 8.58265
134.69 8.58265
118.01 8.58265
101.32 8.58265
84.64 8.58265
67.96 8.58265
267.91 8.82113
251.22 8.82113
234.54 8.82113
217.86 8.82113
201.20 8.82113
184.52 8.82113
167.80 8.82113
151.13 8.82113
234.44 8.8018
217.75 8.8018
201.09 8.8018
184.41 8.8018
167.70 8.8018
151.02 8.8018
134.32 8.8018
117.68 8.8018
217.66 8.72488
200.97 8.72488
184.29 8.72488
167.58 8.72488
150.92 8.72488
134.24 8.72488
117.56 8.72488
100.88 8.72488
184.21 8.78342
167.53 8.78342
150.84 8.78342
134.16 8.78342
117.46 8.78342
100.79 8.78342
84.11 8.78342
67.43 8.78342
250.71 8.78127
234.02 8.78127
217.34 8.78127
200.63 8.78127
183.97 8.78127
167.27 8.78127
150.61 8.78127
133.90 8.78127
217.23 8.79748
200.55 8.79748
183.87 8.79748
167.16 8.79748
150.50 8.79748
133.82 8.79748
117.14 8.79748
100.45 8.79748
200.43 8.94008
183.75 8.94008
167.04 8.94008
150.38 8.94008
133.70 8.94008
117.01 8.94008
100.33 8.94008
83.65 8.94008
200.29 8.99917
183.61 8.99917
166.92 8.99917
150.24 8.99917
133.56 8.99917
116.87 8.99917
100.19 8.99917
83.51 8.99917
300.14 9.04113
283.46 9.04113
266.78 9.04113
250.09 9.04113
233.41 9.04113
216.73 9.04113
200.02 9.04113
183.36 9.04113
166.68 9.04113
149.99 9.04113
233.31 9.0708
216.62 9.0708
199.94 9.0708
183.26 9.0708
166.57 9.0708
149.89 9.0708
133.21 9.0708
116.53 9.0708
199.83 9.08869
183.15 9.08869
166.47 9.08869
149.78 9.08869
133.10 9.08869
116.42 9.08869
99.73 9.08869
83.05 9.08869
249.69 9.13397
233.01 9.13397
216.32 9.13397
199.64 9.13397
182.96 9.13397
166.28 9.13397
149.59 9.13397
132.91 9.13397
249.55 9.17227
232.87 9.17227
216.19 9.17227
199.50 9.17227
182.82 9.17227
166.14 9.17227
149.45 9.17227
132.77 9.17227
216.10 9.22424
199.42 9.22424
182.74 9.22424
166.05 9.22424
149.37 9.22424
132.66 9.22424
116.01 9.22424
99.32 9.22424
199.30 9.18099
182.62 9.18099
165.93 9.18099
149.25 9.18099
132.57 9.18099
115.88 9.18099
99.20 9.18099
82.52 9.18099
165.83 9.23123
149.14 9.23123
132.46 9.23123
115.78 9.23123
215.73 9.31166
199.01 9.31166
182.33 9.31166
165.66 9.31166
148.97 9.31166
132.31 9.31166
215.62 9.29569
198.97 9.29569
182.26 9.29569
165.60 9.29569
148.89 9.29569
132.24 9.29569
115.55 9.29569
98.87 9.29569
265.48 9.24453
248.82 9.24453
232.14 9.24453
215.46 9.24453
198.75 9.24453
182.09 9.24453
165.41 9.24453
148.70 9.24453
132.02 9.24453
115.33 9.24453
198.64 9.22693
181.96 9.22693
165.25 9.22693
148.57 9.22693
131.91 9.22693
115.20 9.22693
98.55 9.22693
81.83 9.22693
215.14 9.20244
198.46 9.20244
181.78 9.20244
165.12 9.20244
148.44 9.20244
131.76 9.20244
115.07 9.20244
98.39 9.20244
198.39 9.30848
181.68 9.30848
165.00 9.30848
148.32 9.30848
131.66 9.30848
114.98 9.30848
98.29 9.30848
81.58 9.30848
264.91 9.31936
248.23 9.31936
231.51 9.31936
214.86 9.31936
198.15 9.31936
181.50 9.31936
164.79 9.31936
148.10 9.31936
231.42 9.2074
214.76 9.2074
198.07 9.2074
181.39 9.2074
164.68 9.2074
148.00 9.2074
131.34 9.2074
114.63 9.2074
197.92 9.20253
181.23 9.20253
164.55 9.20253
147.86 9.20253
131.18 9.20253
114.50 9.20253
97.82 9.20253
81.14 9.20253
264.44 9.28371
247.76 9.28371
231.07 9.28371
214.41 9.28371
197.71 9.28371
181.05 9.28371
164.37 9.28371
147.69 9.28371
264.35 9.22719
247.67 9.22719
230.99 9.22719
214.30 9.22719
197.62 9.22719
180.94 9.22719
164.25 9.22719
147.57 9.22719
280.88 9.1628
264.20 9.1628
247.51 9.1628
230.83 9.1628
214.15 9.1628
197.47 9.1628
180.78 9.1628
164.10 9.1628
247.41 9.10902
230.73 9.10902
214.02 9.10902
197.34 9.10902
180.65 9.10902
164.00 9.10902
147.31 9.10902
130.60 9.10902
213.91 9.01949
197.22 9.01949
180.54 9.01949
163.86 9.01949
147.18 9.01949
130.47 9.01949
113.81 9.01949
97.13 9.01949
197.10 9.03622
180.45 9.03622
163.74 9.03622
147.05 9.03622
130.40 9.03622
113.72 9.03622
97.01 9.03622
80.35 9.03622
180.30 9.08681
163.62 9.08681
146.93 9.08681
130.21 9.08681
113.54 9.08681
96.86 9.08681
80.20 9.08681
63.49 9.08681
230.15 9.06297
213.47 9.06297
196.78 9.06297
180.10 9.06297
163.42 9.06297
146.73 9.06297
130.08 9.06297
113.40 9.06297
196.68 9.13385
179.98 9.13385
163.32 9.13385
146.63 9.13385
129.95 9.13385
113.27 9.13385
96.55 9.13385
79.87 9.13385
179.88 9.01825
163.17 9.01825
146.48 9.01825
129.80 9.01825
113.15 9.01825
96.44 9.01825
79.75 9.01825
63.07 9.01825
179.74 9.08395
163.03 9.08395
146.36 9.08395
129.67 9.08395
113.01 9.08395
96.33 9.08395
79.62 9.08395
62.96 9.08395
262.93 9.25919
246.27 9.25919
229.59 9.25919
212.90 9.25919
196.19 9.25919
179.54 9.25919
162.83 9.25919
146.17 9.25919
229.45 9.20177
212.80 9.20177
196.11 9.20177
179.41 9.20177
162.75 9.20177
146.07 9.20177
129.38 9.20177
112.67 9.20177
195.96 9.12664
179.27 9.12664
162.59 9.12664
145.91 9.12664
129.22 9.12664
112.56 9.12664
95.86 9.12664
79.20 9.12664
245.81 9.08313
229.16 9.08313
212.45 9.08313
195.76 9.08313
179.08 9.08313
162.42 9.08313
145.71 9.08313
129.03 9.08313
212.37 9.1527
195.66 9.1527
179.00 9.1527
162.30 9.1527
145.61 9.1527
128.96 9.1527
112.27 9.1527
95.59 9.1527
245.59 9.15506
228.90 9.15506
212.19 9.15506
195.53 9.15506
178.82 9.15506
162.17 9.15506
145.46 9.15506
128.78 9.15506
212.09 8.98498
195.38 8.98498
178.72 8.98498
162.01 8.98498
145.36 8.98498
128.67 8.98498
111.99 8.98498
95.28 8.98498
211.97 9.0312
195.26 9.0312
178.61 9.0312
161.91 9.0312
145.24 9.0312
128.56 9.0312
111.86 9.0312
95.17 9.0312
178.48 8.98047
161.80 8.98047
145.12 8.98047
128.43 8.98047
111.75 8.98047
95.06 8.98047
78.41 8.98047
61.70 8.98047
195.02 9.0049
178.32 9.0049
161.66 9.0049
144.94 9.0049
128.29 9.0049
111.58 9.0049
94.90 9.0049
78.22 9.0049
194.86 9.02528
178.18 9.02528
161.50 9.02528
144.83 9.02528
128.12 9.02528
111.47 9.02528
94.77 9.02528
78.10 9.02528
228.06 9.06726
211.38 9.06726
194.71 9.06726
177.97 9.06726
161.34 9.06726
144.66 9.06726
127.98 9.06726
111.30 9.06726
244.60 9.07392
227.89 9.07392
211.24 9.07392
194.56 9.07392
177.85 9.07392
161.19 9.07392
144.51 9.07392
127.82 9.07392
111.12 9.07392
94.46 9.07392
244.40 8.75732
227.74 8.75732
211.03 8.75732
194.35 8.75732
177.67 8.75732
160.98 8.75732
144.32 8.75732
127.62 8.75732
210.93 9.00133
194.23 9.00133
177.56 9.00133
160.88 9.00133
144.20 9.00133
127.52 9.00133
110.83 9.00133
94.15 9.00133
177.49 8.64574
160.80 8.64574
144.10 8.64574
127.44 8.64574
110.75 8.64574
94.07 8.64574
77.36 8.64574
60.68 8.64574
193.96 8.65478
177.28 8.65478
160.62 8.65478
143.92 8.65478
127.24 8.65478
110.56 8.65478
93.89 8.65478
77.19 8.65478
227.21 8.55442
210.50 8.55442
193.84 8.55442
177.13 8.55442
160.47 8.55442
143.77 8.55442
127.09 8.55442
110.40 8.55442
227.01 8.54854
210.32 8.54854
193.64 8.54854
176.98 8.54854
160.28 8.54854
143.62 8.54854
126.92 8.54854
110.26 8.54854
193.57 8.55255
176.88 8.55255
160.22 8.55255
143.52 8.55255
126.86 8.55255
110.15 8.55255
93.49 8.55255
76.79 8.55255
226.79 8.65398
210.08 8.65398
193.40 8.65398
176.71 8.65398
160.03 8.65398
143.37 8.65398
126.66 8.65398
110.00 8.65398
243.29 8.75366
226.63 8.75366
209.92 8.75366
193.26 8.75366
176.56 8.75366
159.87 8.75366
143.19 8.75366
126.51 8.75366
209.81 8.7297
193.13 8.7297
176.45 8.7297
159.77 8.7297
143.08 8.7297
126.37 8.7297
109.72 8.7297
226.36 8.7746
209.67 8.7746
192.99 8.7746
176.31 8.7746
159.62 8.7746
142.94 8.7746
126.26 8.7746
109.55 8.7746
242.88 8.81275
226.17 8.81275
209.49 8.81275
192.83 8.81275
176.15 8.81275
159.47 8.81275
142.78 8.81275
126.10 8.81275
209.41 8.84267
192.75 8.84267
176.07 8.84267
159.39 8.84267
142.71 8.84267
126.02 8.84267
109.31 8.84267
92.66 8.84267
275.93 8.98246
259.23 8.98246
242.57 8.98246
225.89 8.98246
209.18 8.98246
192.52 8.98246
175.83 8.98246
159.13 8.98246
242.49 8.87101
225.78 8.87101
209.10 8.87101
192.44 8.87101
175.73 8.87101
159.07 8.87101
142.39 8.87101
125.71 8.87101
225.63 8.82519
208.97 8.82519
192.26 8.82519
175.58 8.82519
158.92 8.82519
142.24 8.82519
125.53 8.82519
108.87 8.82519
242.18 8.91919
225.47 8.91919
208.82 8.91919
192.10 8.91919
175.45 8.91919
158.76 8.91919
142.08 8.91919
125.40 8.91919
225.38 8.84309
208.70 8.84309
191.98 8.84309
175.30 8.84309
158.62 8.84309
141.93 8.84309
125.25 8.84309
108.57 8.84309
241.87 8.89678
225.22 8.89678
208.52 8.89678
191.83 8.89678
175.17 8.89678
158.46 8.89678
141.80 8.89678
125.09 8.89678
241.79 8.87837
225.08 8.87837
208.40 8.87837
191.71 8.87837
175.03 8.87837
158.37 8.87837
141.66 8.87837
125.01 8.87837
208.32 8.84386
191.64 8.84386
174.94 8.84386
158.27 8.84386
141.59 8.84386
124.88 8.84386
108.19 8.84386
91.51 8.84386
191.49 8.85361
174.80 8.85361
158.15 8.85361
141.44 8.85361
124.78 8.85361
108.07 8.85361
91.42 8.85361
74.71 8.85361
257.98 8.85828
241.31 8.85828
224.62 8.85828
207.96 8.85828
191.25 8.85828
174.60 8.85828
157.91 8.85828
141.23 8.85828
224.54 8.79245
207.85 8.79245
191.17 8.79245
174.49 8.79245
157.81 8.79245
141.12 8.79245
124.47 8.79245
107.76 8.79245
207.74 8.81464
191.02 8.81464
174.37 8.81464
157.66 8.81464
140.97 8.81464
124.29 8.81464
107.61 8.81464
90.94 8.81464
224.26 8.75196
207.58 8.75196
190.87 8.75196
174.21 8.75196
157.50 8.75196
140.84 8.75196
124.14 8.75196
107.45 8.75196
257.45 8.80514
240.77 8.80514
224.11 8.80514
207.40 8.80514
190.75 8.80514
174.03 8.80514
157.38 8.80514
140.67 8.80514
223.97 8.76671
207.30 8.76671
190.61 8.76671
173.93 8.76671
157.25 8.76671
140.59 8.76671
123.88 8.76671
107.23 8.76671
257.16 8.79703
240.49 8.79703
223.80 8.79703
207.12 8.79703
190.43 8.79703
173.75 8.79703
157.07 8.79703
140.39 8.79703
223.73 8.78078
207.01 8.78078
190.36 8.78078
173.65 8.78078
156.97 8.78078
140.28 8.78078
123.60 8.78078
106.95 8.78078
223.53 8.77472
206.85 8.77472
190.17 8.77472
173.49 8.77472
156.80 8.77472
140.12 8.77472
123.44 8.77472
106.76 8.77472
240.09 8.88626
223.40 8.88626
206.75 8.88626
190.04 8.88626
173.35 8.88626
156.67 8.88626
139.99 8.88626
123.30 8.88626
206.58 8.92377
189.90 8.92377
173.22 8.92377
156.54 8.92377
139.86 8.92377
123.20 8.92377
106.49 8.92377
89.81 8.92377
189.78 8.9333
173.09 8.9333
156.41 8.9333
139.73 8.9333
123.05 8.9333
106.37 8.9333
89.71 8.9333
73.00 8.9333
256.30 9.0439
239.65 9.0439
222.96 9.0439
206.25 9.0439
189.57 9.0439
172.89 9.0439
156.21 9.0439
139.53 9.0439
222.86 9.03411
206.18 9.03411
189.49 9.03411
172.83 9.03411
156.12 9.03411
139.47 9.03411
122.75 9.03411
106.10 9.03411
256.02 9.08658
239.34 9.08658
222.66 9.08658
206.00 9.08658
189.32 9.08658
172.61 9.08658
255.97 8.99993
239.26 8.99993
222.61 8.99993
205.90 8.99993
189.21 8.99993
172.53 8.99993
272.45 8.98066
255.79 8.98066
239.12 8.98066
222.43 8.98066
205.75 8.98066
189.06 8.98066
172.38 8.98066
155.70 8.98066
305.73 9.08762
289.05 9.08762
272.34 9.08762
255.65 9.08762
239.00 9.08762
222.29 9.08762
205.60 9.08762
188.92 9.08762
172.24 9.08762
155.56 9.08762
272.19 9.11668
255.51 9.11668
238.83 9.11668
222.17 9.11668
205.46 9.11668
188.78 9.11668
172.09 9.11668
155.44 9.11668
238.72 9.01625
222.06 9.01625
205.35 9.01625
188.67 9.01625
171.99 9.01625
155.31 9.01625
138.62 9.01625
121.97 9.01625
205.22 8.99959
188.56 8.99959
171.85 8.99959
155.17 8.99959
138.49 8.99959
121.80 8.99959
105.15 8.99959
88.44 8.99959
188.47 9.02298
171.76 9.02298
155.08 9.02298
138.42 9.02298
121.71 9.02298
105.03 9.02298
88.37 9.02298
71.66 9.02298
254.96 8.96264
238.25 8.96264
221.57 8.96264
204.89 8.96264
188.23 8.96264
171.52 8.96264
154.84 8.96264
138.16 8.96264
254.85 8.88098
238.14 8.88098
221.49 8.88098
204.77 8.88098
188.12 8.88098
171.41 8.88098
154.72 8.88098
138.04 8.88098
221.34 8.82819
204.66 8.82819
187.98 8.82819
171.32 8.82819
154.61 8.82819
137.96 8.82819
121.25 8.82819
104.59 8.82819
204.55 8.90277
187.84 8.90277
171.16 8.90277
154.47 8.90277
137.80 8.90277
121.13 8.90277
104.45 8.90277
87.77 8.90277
221.08 8.79477
204.42 8.79477
187.74 8.79477
171.03 8.79477
154.34 8.79477
137.66 8.79477
121.00 8.79477
104.30 8.79477
187.60 8.77467
170.92 8.77467
154.21 8.77467
137.53 8.77467
120.84 8.77467
104.16 8.77467
87.50 8.77467
70.80 8.77467
204.13 8.78576
187.42 8.78576
170.73 8.78576
154.05 8.78576
137.37 8.78576
120.69 8.78576
104.03 8.78576
87.32 8.78576
187.29 8.87176
170.61 8.87176
153.96 8.87176
137.27 8.87176
120.59 8.87176
103.88 8.87176
87.22 8.87176
70.51 8.87176
270.51 8.93084
253.80 8.93084
237.14 8.93084
220.43 8.93084
203.78 8.93084
187.09 8.93084
170.41 8.93084
153.70 8.93084
237.01 8.901
220.35 8.901
203.65 8.901
186.96 8.901
170.28 8.901
153.60 8.901
136.91 8.901
120.23 8.901
253.53 9.02462
236.85 9.02462
220.17 9.02462
203.50 9.02462
186.81 9.02462
170.12 9.02462
153.44 9.02462
136.76 9.02462
220.06 8.96638
203.38 8.96638
186.73 8.96638
170.02 8.96638
153.36 8.96638
136.68 8.96638
120.00 8.96638
103.31 8.96638
219.96 8.97363
203.27 8.97363
186.59 8.97363
169.91 8.97363
153.22 8.97363
136.54 8.97363
119.86 8.97363
103.17 8.97363
