225.88 15.4789
209.20 15.4789
225.88 15.6411
209.18 15.6411
209.22 15.5168
209.24 15.4885
209.20 15.385
209.23 15.6184
209.19 15.3733
209.20 15.465
225.88 15.172
209.19 15.172
209.19 15.5515
259.23 15.4785
242.56 15.4785
225.87 15.4785
209.19 15.4785
259.27 15.6508
242.56 15.6508
225.90 15.6508
209.22 15.6508
209.20 15.5604
225.90 15.4836
209.22 15.4836
225.88 15.4704
209.22 15.4704
225.88 15.3732
209.22 15.3732
242.59 15.3566
225.88 15.3566
209.22 15.3566
225.88 15.4599
209.18 15.4599
209.20 15.3681
209.20 15.4165
209.18 15.3833
225.90 15.4513
209.20 15.4513
225.86 14.9428
209.18 14.9428
209.19 14.7459
209.19 14.6021
209.20 15.2957
209.19 14.518
209.21 14.7782
209.20 14.656
209.22 14.9379
209.22 15.101
209.22 14.8134
209.22 14.8287
209.22 15.0247
209.22 14.9638
209.23 14.8494
225.90 15.0277
209.22 15.0277
209.24 14.9584
225.90 15.1748
209.22 15.1748
209.19 15.1356
209.18 15.0453
209.17 15.1955
209.20 15.2
209.17 15.3166
209.21 15.2126
209.22 15.1525
209.20 15.414
209.20 14.9467
209.20 15.0986
209.20 15.3825
225.88 15.5827
209.20 15.5827
209.20 15.2303
225.90 15.5354
209.22 15.5354
209.20 15.5689
209.20 15.165
209.20 15.4123
209.20 15.2037
209.20 15.3347
225.84 15.3466
209.18 15.3466
209.18 15.3845
225.88 15.5391
209.20 15.5391
209.21 15.3897
209.19 15.5579
225.88 15.2175
209.20 15.2175
209.20 15.672
209.22 15.4089
209.22 15.5415
209.22 15.4105
209.20 15.382
209.20 15.6297
209.20 15.474
209.20 15.3557
209.20 15.3624
209.20 15.5763
209.20 15.5158
209.20 15.3645
209.18 15.5245
209.20 15.4561
209.18 15.5961
209.18 15.6302
209.20 15.7193
209.20 15.4667
192.51 15.4667
192.52 15.4612
192.53 15.4284
209.20 15.4683
192.54 15.4683
209.20 15.5099
192.54 15.5099
209.22 15.1815
192.54 15.1815
192.54 15.3461
192.52 15.3212
192.54 15.4941
209.22 15.1434
192.53 15.1434
192.54 15.2415
192.52 15.5119
225.88 15.1711
209.22 15.1711
192.53 15.1711
225.89 15.1637
209.21 15.1637
192.53 15.1637
192.52 15.2147
192.51 15.3443
192.52 15.4779
192.52 15.2054
192.52 15.0121
192.52 15.2497
192.52 15.7338
192.51 15.352
192.53 15.381
192.50 14.7916
209.20 15.1842
192.51 15.1842
192.52 15.5804
209.22 15.5522
192.52 15.5522
192.52 15.3589
192.52 15.6189
192.52 15.4525
209.20 15.1735
192.51 15.1735
209.20 15.4903
192.54 15.4903
192.52 15.1955
192.51 15.5764
209.20 15.3614
192.51 15.3614
192.51 15.0797
192.52 15.1544
192.50 15.6584
192.51 15.4101
192.51 15.8091
192.52 15.7315
192.51 15.5288
192.54 15.0641
192.54 15.3137
209.19 15.6068
192.53 15.6068
192.51 15.423
192.49 15.4055
192.50 15.6175
192.50 15.8308
192.53 15.7237
192.51 15.8698
192.53 15.8655
209.20 15.7822
192.50 15.7822
192.52 15.5738
192.51 15.3935
209.19 15.6163
192.51 15.6163
192.52 15.5317
192.52 15.5927
192.52 15.6794
192.52 15.3913
192.53 15.6287
209.22 15.5643
192.52 15.5643
192.52 15.5108
192.52 15.5717
192.54 15.582
192.52 15.5255
192.51 15.6781
209.20 15.6977
192.51 15.6977
192.54 15.5644
192.53 15.4809
209.20 15.6566
192.52 15.6566
192.52 15.7428
192.49 15.4885
192.52 15.584
192.51 15.4631
192.52 15.4833
192.51 15.5435
192.52 15.5345
192.52 15.5634
192.53 15.377
192.52 15.5079
192.52 15.264
209.20 15.65
192.52 15.65
192.54 15.4906
192.50 15.5482
192.52 15.5892
192.52 15.3955
192.52 15.3072
192.52 15.5227
192.52 15.3812
209.20 15.4825
192.52 15.4825
192.52 15.7013
242.56 15.3956
225.88 15.3956
209.20 15.3956
192.52 15.3956
192.50 15.512
192.52 15.5616
192.52 15.5868
192.52 15.5301
192.53 15.4085
192.52 15.651
192.49 15.602
192.52 15.565
209.20 15.4039
192.52 15.4039
192.52 15.6002
192.52 15.5093
192.52 15.4143
192.50 15.6111
192.52 15.6337
192.52 15.4573
192.52 15.5481
225.90 15.6185
209.20 15.6185
192.52 15.6185
192.52 15.4858
209.22 15.5206
192.54 15.5206
192.52 15.5659
192.52 15.6054
225.88 15.7678
209.20 15.7678
192.51 15.7678
192.52 15.6446
192.52 15.8549
192.54 15.6711
192.51 15.3404
192.52 15.7349
192.52 15.9288
209.22 15.9101
192.52 15.9101
209.21 15.9469
192.52 15.9469
192.54 15.9587
192.54 15.5952
192.53 16.052
192.54 15.8721
192.54 15.8752
192.52 15.7119
192.52 15.9452
192.53 15.8136
192.53 15.7352
192.53 15.8349
192.50 15.8872
192.52 15.7285
209.23 16.0083
192.54 16.0083
225.91 15.8862
209.21 15.8862
192.52 15.8862
192.53 15.8939
192.52 15.6395
209.21 16.0462
192.54 16.0462
192.54 15.4732
192.53 15.8957
192.52 15.9362
225.88 15.802
209.20 15.802
192.54 15.802
192.52 15.7817
192.52 15.8829
192.51 15.9726
209.19 16.0657
192.51 16.0657
209.19 15.9885
192.51 15.9885
192.51 15.9083
192.51 15.9788
192.51 15.9898
209.19 15.8618
192.51 15.8618
209.19 15.955
192.51 15.955
192.51 15.8252
192.51 15.943
209.19 15.9975
192.53 15.9975
225.88 15.8241
209.20 15.8241
192.52 15.8241
192.53 15.5863
192.50 15.9755
192.51 15.938
209.21 15.7782
192.53 15.7782
209.19 16.1483
192.53 16.1483
192.52 15.8644
192.52 15.9229
192.51 15.755
192.50 15.7668
192.50 15.7329
192.50 15.84
209.20 15.7904
192.53 15.7904
192.52 15.7066
209.20 15.6581
192.52 15.6581
242.54 15.8127
225.85 15.8127
209.17 15.8127
209.18 15.9972
209.18 15.8203
192.48 15.8203
225.86 15.6356
209.18 15.6356
209.18 15.7279
225.85 15.9175
209.20 15.9175
209.18 15.7346
209.20 15.5726
209.22 15.7341
242.58 16.0454
225.90 16.0454
209.20 16.0454
209.19 15.8569
209.19 15.6234
209.22 15.7499
209.22 15.8287
209.22 15.5546
225.88 15.6945
209.21 15.6945
209.20 15.803
209.22 15.5971
209.22 15.8669
225.88 15.5559
209.20 15.5559
209.20 15.5666
209.20 15.6256
225.88 15.7438
209.19 15.7438
209.20 15.6752
209.19 15.5934
209.20 15.6738
209.20 15.6749
209.20 15.5226
209.20 15.4778
209.20 15.6391
225.88 15.7498
209.22 15.7498
225.90 15.534
209.22 15.534
209.20 15.6954
225.88 15.5655
209.22 15.5655
209.22 15.4978
209.22 15.5686
242.56 15.8075
225.90 15.8075
209.20 15.8075
242.54 15.5315
225.86 15.5315
209.18 15.5315
209.20 15.6954
209.19 15.6253
209.18 15.5612
209.21 15.6263
209.18 15.7723
225.87 15.7396
209.19 15.7396
209.20 15.8351
209.21 15.8543
209.23 15.776
225.89 15.7416
209.20 15.7416
209.20 15.6232
209.22 15.4075
242.57 15.6442
225.89 15.6442
209.21 15.6442
209.23 15.9349
259.27 15.688
242.58 15.688
225.93 15.688
209.25 15.688
209.20 15.7677
209.17 15.916
225.85 15.7552
209.20 15.7552
209.17 15.8558
209.17 15.8146
209.17 15.9217
209.17 15.8227
209.17 15.8415
209.18 15.8318
209.17 15.8529
225.85 15.8714
209.17 15.8714
225.86 15.715
209.20 15.715
209.16 15.6826
192.50 15.6826
209.18 15.8685
225.88 15.8103
209.19 15.8103
209.20 15.7807
275.94 15.6614
259.26 15.6614
242.58 15.6614
225.90 15.6614
209.22 15.6614
192.54 15.6614
209.22 15.5251
209.22 15.6933
209.20 15.8246
209.22 15.5605
242.58 15.8586
225.88 15.8586
209.22 15.8586
192.54 15.8586
209.20 15.7608
192.52 15.7608
192.52 15.7757
192.52 15.8165
209.22 15.7768
192.52 15.7768
209.20 15.9283
192.51 15.9283
209.20 15.8256
192.51 15.8256
192.49 15.7054
192.52 15.835
192.52 15.9106
192.52 15.8115
209.20 15.9645
192.51 15.9645
225.88 15.8146
209.20 15.8146
192.52 15.8146
192.51 15.8791
192.53 15.7062
192.52 15.7884
192.50 15.7353
192.52 15.8389
192.51 15.7336
192.51 15.6559
192.53 15.7419
209.19 15.5627
192.53 15.5627
192.50 15.7372
192.52 15.6289
192.50 15.6949
225.86 15.438
209.19 15.438
192.51 15.438
209.20 15.6322
192.53 15.6322
192.53 15.8031
192.51 15.7567
192.51 15.6991
192.53 15.5858
242.56 15.652
225.88 15.652
209.22 15.652
192.52 15.652
209.21 15.7297
192.53 15.7297
192.51 15.7764
192.52 15.7164
192.54 15.7736
192.51 15.5112
192.53 15.8848
192.49 15.7698
209.16 15.8504
192.52 15.8504
192.50 16.0898
192.51 15.92
192.51 15.5201
209.18 15.9836
192.49 15.9836
192.52 15.8571
192.52 15.7913
209.20 15.99
192.52 15.99
209.20 15.9377
192.51 15.9377
192.52 15.8233
192.52 15.661
192.52 15.6837
209.18 15.8216
192.52 15.8216
192.50 15.6877
192.52 15.6535
192.52 15.7539
192.54 15.6287
192.50 15.6081
192.48 15.5795
209.20 15.7743
192.52 15.7743
192.52 15.5582
209.22 15.564
192.52 15.564
225.88 15.5549
209.20 15.5549
192.52 15.5549
192.52 15.6665
192.51 15.6142
209.22 15.7624
192.52 15.7624
192.54 15.6508
192.52 15.5418
192.52 15.6802
209.20 15.577
192.51 15.577
209.20 15.8083
192.54 15.8083
192.49 15.6328
192.54 15.5599
192.54 15.5739
192.49 15.6574
209.18 15.7134
192.49 15.7134
192.53 15.5629
192.52 15.5835
192.52 15.6518
209.20 15.4328
192.52 15.4328
209.19 15.4187
192.52 15.4187
192.52 15.5293
192.50 15.4644
209.20 15.5206
192.52 15.5206
192.52 15.7851
192.51 15.5248
192.52 15.6798
192.50 15.4561
192.51 15.5442
209.19 15.6237
192.51 15.6237
192.50 15.6285
192.52 15.7182
209.18 15.7174
192.50 15.7174
192.50 15.6582
192.50 15.4814
209.20 15.66
192.50 15.66
192.53 15.5826
192.52 15.6674
209.20 15.8509
192.52 15.8509
192.52 15.5225
192.52 15.8163
192.51 15.6098
192.52 15.6371
192.54 15.5009
209.22 15.5751
192.54 15.5751
192.54 15.7106
209.22 15.5425
192.54 15.5425
192.52 15.592
209.20 15.6947
192.50 15.6947
192.52 15.6113
192.53 15.5816
209.20 15.7539
192.53 15.7539
192.52 15.8138
192.50 15.7079
192.52 15.7288
209.18 15.7245
192.51 15.7245
192.48 15.6438
192.50 15.9569
192.50 15.8137
192.50 15.8205
192.50 15.6733
192.50 15.8058
192.50 15.6992
209.22 15.6562
192.52 15.6562
192.54 15.6181
192.51 15.8108
192.52 15.6338
192.53 15.7331
192.53 15.6505
192.52 15.6584
192.54 15.7771
192.53 15.3585
192.54 15.563
192.51 15.6955
192.54 15.5253
192.54 15.9344
192.54 15.7104
192.54 15.7702
192.52 15.6413
192.52 15.612
192.52 15.733
209.19 15.5869
192.54 15.5869
192.52 15.7485
192.51 15.7522
192.54 15.6048
192.50 15.6991
192.52 15.6327
192.50 15.68
209.18 15.5887
192.50 15.5887
192.50 15.6445
209.18 15.7534
192.50 15.7534
192.52 15.536
192.53 15.5304
192.54 15.6211
192.51 15.4618
209.22 15.5161
192.52 15.5161
209.20 15.6999
192.52 15.6999
192.52 15.8732
192.51 15.5438
192.52 15.5969
209.21 15.6911
192.53 15.6911
192.51 15.7921
192.52 15.6675
209.22 15.7774
192.52 15.7774
192.51 15.8064
192.52 15.8105
192.50 15.676
192.51 15.5847
192.52 15.6903
192.50 15.7287
192.52 15.6948
192.50 15.6344
225.86 15.6604
209.18 15.6604
192.52 15.6604
209.20 15.9133
192.50 15.9133
192.52 15.4793
192.50 15.7454
192.51 15.742
192.52 15.5794
192.50 15.5163
192.52 15.4694
225.86 15.6289
209.18 15.6289
192.49 15.6289
192.50 15.5081
175.81 15.5081
192.48 15.7523
192.54 15.6199
192.54 15.5458
175.83 15.5458
192.54 15.5663
175.84 15.5663
175.86 15.7121
192.54 15.687
175.86 15.687
192.52 15.5622
192.52 15.5576
175.86 15.5576
209.21 15.5911
192.54 15.5911
192.54 15.5756
192.54 15.5725
192.54 15.6202
175.84 15.6202
192.52 15.5149
175.84 15.5149
175.82 15.3795
209.20 15.6518
192.52 15.6518
175.83 15.6518
175.83 15.3763
175.84 15.7821
175.83 15.5292
175.83 15.5219
175.84 15.5764
192.52 15.699
175.83 15.699
175.83 15.5317
175.83 15.5068
175.83 15.3582
192.51 15.6355
175.83 15.6355
175.83 15.6811
175.83 15.6292
175.83 15.6535
175.83 15.6129
175.84 15.6128
175.83 15.6564
192.49 15.5773
175.81 15.5773
175.83 15.4505
175.84 15.6256
175.85 15.5511
175.81 15.5711
175.82 15.8188
175.81 15.6126
175.84 15.448
175.84 15.4843
175.84 15.5458
175.83 15.46
175.83 15.4644
175.84 15.4631
192.49 15.4878
175.84 15.4878
175.83 15.4374
175.83 15.5319
175.81 15.5824
175.84 15.6917
192.50 15.5934
175.83 15.5934
175.85 15.6817
175.83 15.4538
175.84 15.5938
192.49 15.5666
175.81 15.5666
175.83 15.4652
175.85 15.4596
175.85 15.6802
175.83 15.5522
175.85 15.6847
175.84 15.4933
192.51 15.5585
175.83 15.5585
175.85 15.7353
175.85 15.6628
192.54 15.4694
175.84 15.4694
192.51 15.5803
175.83 15.5803
175.83 15.6156
192.51 15.596
175.85 15.596
175.84 15.4972
175.81 15.6708
175.83 15.6833
175.84 15.5339
192.51 15.6041
175.83 15.6041
175.81 15.678
175.83 15.5114
175.83 15.5863
175.82 15.4603
175.81 15.7112
175.86 15.8995
192.50 15.5505
175.82 15.5505
192.52 15.7495
175.85 15.7495
192.51 15.5876
175.84 15.5876
192.52 15.4955
175.83 15.4955
192.53 15.7562
175.85 15.7562
192.53 15.5831
175.87 15.5831
175.83 15.7781
175.83 15.7681
175.83 15.853
175.85 15.727
175.85 15.6727
175.83 15.636
175.84 15.5799
209.22 16.0112
192.56 16.0112
175.86 16.0112
175.83 15.6886
175.83 15.5126
175.84 15.4475
175.84 15.8127
175.83 15.9236
175.83 15.7866
192.51 15.8458
175.83 15.8458
175.84 15.725
175.83 15.7582
175.81 15.6304
175.83 15.9951
175.80 15.7691
175.83 15.6987
209.20 15.6778
192.51 15.6778
175.83 15.6778
175.83 15.7145
175.84 15.634
175.83 15.7195
175.85 15.8016
175.85 15.8759
209.20 15.9853
192.51 15.9853
175.83 15.9853
175.85 15.7274
192.52 15.8806
175.83 15.8806
175.85 15.8668
175.83 15.8346
192.51 15.8691
175.83 15.8691
175.79 15.8652
192.50 15.9249
175.81 15.9249
175.83 15.769
209.18 15.8151
192.50 15.8151
175.80 15.8151
192.51 15.7653
175.83 15.7653
175.84 15.9971
175.81 15.8798
175.84 15.9172
175.81 16.0288
175.83 15.9912
175.85 15.9779
175.83 15.8613
175.85 15.989
175.85 15.9246
175.83 16.0192
175.81 15.9184
175.83 15.9586
175.83 15.8203
175.82 16.0475
175.83 15.8599
192.52 16.0262
175.83 16.0262
175.83 16.0141
175.83 15.902
175.84 16.0023
192.51 15.9051
175.84 15.9051
192.53 16.07
175.84 16.07
175.84 16.0888
175.86 16.2046
175.87 16.0087
175.83 16.2625
175.85 15.9609
175.85 16.0569
225.91 16.0104
209.23 16.0104
192.55 16.0104
175.84 16.0104
175.84 16.0468
175.84 15.9543
175.86 16.1487
175.83 15.9139
175.83 16.0676
175.84 16.1561
175.84 16.0733
175.83 16.0179
175.86 16.1307
175.84 15.8813
175.84 16.0367
175.84 15.9963
192.52 16.1772
175.84 16.1772
175.84 16.0998
192.52 16.136
175.82 16.136
192.51 15.9035
175.83 15.9035
175.83 15.8386
175.82 16.0696
175.85 15.9104
175.83 15.974
175.82 15.8807
209.20 15.8188
192.52 15.8188
175.83 15.8188
192.50 16.0644
175.81 16.0644
175.85 15.9108
175.79 16.0948
192.51 15.9854
175.83 15.9854
175.83 15.8606
175.83 15.9352
209.18 15.7969
192.50 15.7969
175.81 15.7969
175.83 15.7774
175.83 15.9091
175.85 15.9907
175.83 15.6025
225.90 15.7875
209.22 15.7875
192.52 15.7875
175.84 15.7875
175.81 15.7944
192.52 15.8833
175.84 15.8833
175.84 15.7158
175.84 15.8443
209.21 15.8484
192.52 15.8484
175.84 15.8484
175.84 15.8355
209.20 15.7698
192.52 15.7698
175.86 15.7698
192.50 15.9505
175.83 15.9505
175.83 15.8459
175.83 15.8237
192.52 15.8414
175.81 15.8414
175.81 15.9623
209.19 16.0137
192.54 16.0137
175.83 16.0137
175.83 15.9219
175.83 16.3364
175.83 16.0063
192.53 16.0281
175.83 16.0281
175.85 15.9109
175.84 16.0166
175.85 16.1133
175.84 15.8665
175.86 15.865
175.84 16.1295
192.50 16.1687
175.81 16.1687
175.84 16.0742
175.84 15.966
175.84 15.8969
175.84 15.999
175.84 16.0909
192.50 16.108
175.81 16.108
192.52 16.1438
175.84 16.1438
192.51 15.967
175.85 15.967
175.83 16.108
175.81 16.1361
175.86 15.851
175.85 16.0948
175.84 15.9635
175.83 15.9221
175.81 15.9823
175.84 16.0531
175.83 16.0221
175.81 15.861
192.54 15.8376
175.86 15.8376
175.84 16.1138
175.86 15.8094
175.84 16.0754
175.84 15.9839
175.84 16.1578
192.52 16.2247
175.84 16.2247
175.82 16.2362
192.52 16.0085
175.84 16.0085
192.54 15.9636
175.84 15.9636
175.83 16.0705
175.83 15.976
175.83 15.9268
175.86 15.7585
225.89 16.0081
209.19 16.0081
192.51 16.0081
175.84 16.0081
175.83 16.1095
175.83 15.9173
225.89 15.7477
209.21 15.7477
192.52 15.7477
175.84 15.7477
175.83 15.8499
192.51 15.846
175.83 15.846
175.84 15.9378
175.85 15.9464
225.87 16.261
209.19 16.261
192.51 16.261
175.83 16.261
175.85 15.9722
192.51 16.0843
175.82 16.0843
175.83 15.964
159.15 15.964
159.15 16.1834
209.19 15.9303
192.51 15.9303
175.83 15.9303
159.15 15.9303
159.15 16.0856
159.17 15.8293
192.50 15.8968
175.81 15.8968
159.12 15.8968
192.52 16.1468
175.84 16.1468
159.13 16.1468
159.17 16.3821
175.83 16.1576
159.15 16.1576
175.84 15.9244
159.15 15.9244
159.15 16.018
159.15 16.2719
159.18 16.098
159.15 16.1263
159.18 16.0002
159.18 16.1933
159.18 15.8315
159.15 16.219
175.83 15.986
159.15 15.986
159.15 16.131
159.14 16.0192
159.15 16.0643
159.15 16.1978
159.15 15.9844
175.83 16.108
159.15 16.108
159.17 16.077
159.15 15.9429
159.15 15.6666
242.53 15.6484
225.88 15.6484
209.18 15.6484
192.47 15.6484
175.81 15.6484
159.13 15.6484
175.83 16.0721
159.15 16.0721
159.15 16.21
175.84 15.7089
159.15 15.7089
159.15 15.8787
192.51 15.8822
175.83 15.8822
159.15 15.8822
159.15 16.1327
175.85 16.059
159.15 16.059
159.17 15.6038
209.20 15.8696
192.52 15.8696
175.83 15.8696
159.15 15.8696
159.17 16.017
192.51 15.9486
175.83 15.9486
159.17 15.9486
159.15 15.87
209.18 15.8251
192.50 15.8251
175.81 15.8251
159.11 15.8251
159.15 15.634
159.14 15.494
159.15 15.8447
159.13 15.7369
192.52 15.4915
175.83 15.4915
159.15 15.4915
192.52 15.7369
175.86 15.7369
159.18 15.7369
159.15 15.674
175.85 15.56
159.15 15.56
159.13 15.3887
159.15 15.9481
159.17 15.8012
159.17 15.7601
159.17 15.8276
159.16 15.5167
192.52 15.4698
175.84 15.4698
159.17 15.4698
159.15 15.9148
159.15 15.6165
175.83 15.6396
159.15 15.6396
159.15 15.6729
175.85 15.639
159.15 15.639
159.16 15.7391
159.17 15.9749
159.15 15.8055
159.15 15.8078
159.15 15.8922
159.15 15.6829
159.15 15.5636
159.15 15.5926
159.15 15.518
159.15 15.8286
175.83 15.6843
159.15 15.6843
159.15 15.7448
159.15 15.5988
159.15 15.8027
159.15 15.7951
159.15 15.9615
159.15 15.66
159.17 15.7173
159.16 15.9599
159.15 15.912
159.13 15.4285
159.15 15.7695
159.17 15.9087
159.15 15.5628
159.17 15.6902
159.15 15.7215
159.15 15.8918
159.15 15.7841
159.13 15.7515
159.15 16.0197
159.13 15.8223
192.53 15.7336
175.83 15.7336
159.15 15.7336
159.17 15.6383
159.15 15.7559
159.15 15.7516
159.14 15.8765
159.15 15.6521
159.15 15.9127
159.15 15.6852
192.51 15.8985
175.85 15.8985
159.17 15.8985
159.15 15.6924
159.15 15.5787
159.17 15.5624
159.15 15.5626
175.85 15.8235
159.15 15.8235
159.15 15.6359
159.15 15.713
175.84 15.6185
159.15 15.6185
159.15 15.7935
159.17 15.6842
159.16 15.6096
159.16 15.7863
159.16 15.674
159.16 15.5624
192.52 15.6608
175.84 15.6608
159.16 15.6608
192.52 15.9594
175.84 15.9594
159.16 15.9594
159.16 15.8432
159.16 15.6907
192.52 15.8139
175.84 15.8139
159.15 15.8139
159.15 15.9464
175.83 15.9664
159.16 15.9664
159.17 16.0522
159.13 15.8767
159.15 15.979
159.15 15.9397
192.54 15.8782
175.84 15.8782
159.16 15.8782
159.15 16.0606
159.14 15.9865
175.83 15.8439
159.14 15.8439
159.14 15.9478
159.14 16.0282
159.15 15.7434
159.15 15.7808
175.83 15.897
159.15 15.897
192.51 15.7089
175.83 15.7089
159.15 15.7089
159.15 15.7582
159.17 16.1081
192.52 16.0989
175.83 16.0989
159.15 16.0989
159.15 15.9891
159.17 15.7937
175.81 15.894
159.13 15.894
175.84 16.0766
159.17 16.0766
159.15 15.7746
175.88 15.9345
159.18 15.9345
175.83 15.7882
159.15 15.7882
159.15 15.6744
159.17 15.9093
159.15 15.8056
175.84 15.658
159.16 15.658
159.17 15.7133
159.18 15.5713
159.15 15.6619
159.16 15.6252
175.84 15.504
159.15 15.504
159.15 15.4241
159.16 15.4974
159.16 15.7468
159.19 15.5231
159.16 15.4367
159.16 15.5222
159.17 15.5673
175.84 15.7761
159.18 15.7761
159.18 15.6775
159.16 15.5739
159.16 15.8104
159.16 15.5736
159.14 15.6431
159.13 15.7949
159.20 15.6386
175.83 15.8101
159.15 15.8101
159.15 15.5201
159.13 15.7669
159.13 15.6784
175.83 15.5935
159.12 15.5935
159.13 15.5509
159.12 15.7192
159.13 15.8427
159.13 15.6418
159.15 15.6417
175.81 15.6511
159.13 15.6511
159.13 15.5627
159.15 15.734
259.24 15.6967
242.58 15.6967
225.90 15.6967
209.22 15.6967
192.54 15.6967
175.85 15.6967
175.85 15.6715
159.17 15.6715
159.17 15.7008
175.85 15.9301
159.17 15.9301
159.17 15.7177
159.15 15.8535
159.15 15.6692
175.84 15.8018
159.16 15.8018
175.81 15.7633
159.15 15.7633
159.15 15.7424
159.17 15.6979
159.15 15.6955
159.15 15.8516
159.16 15.8785
159.14 15.6653
159.16 15.7702
159.13 15.6568
175.84 15.7788
159.16 15.7788
159.15 15.8949
159.13 15.8272
159.16 15.908
175.84 15.8403
159.16 15.8403
159.15 15.7434
159.16 15.8184
159.15 15.7187
159.18 16.0429
175.85 15.8964
159.17 15.8964
159.15 15.9734
159.15 15.8905
159.15 15.6592
175.85 15.5366
159.17 15.5366
175.81 15.799
159.13 15.799
175.83 15.6977
159.17 15.6977
159.13 16.0434
159.15 15.7802
159.13 15.7128
159.15 15.8571
159.15 15.8837
159.15 15.8216
159.15 15.6778
159.15 15.835
159.15 15.9154
159.16 15.7673
159.15 15.9775
159.13 15.7396
159.16 15.6731
159.15 15.6698
159.18 15.8179
159.17 15.909
209.23 15.7905
192.53 15.7905
175.84 15.7905
159.16 15.7905
159.16 15.9997
159.16 15.9541
159.17 15.8081
159.16 16.0242
159.15 15.835
175.83 15.8721
159.15 15.8721
159.16 15.9117
159.15 16.0312
159.12 15.805
159.15 15.9838
159.15 15.7504
159.15 15.6599
159.15 15.6577
159.15 15.9494
159.13 15.925
159.13 15.8351
159.15 15.7641
192.49 15.7687
175.80 15.7687
159.12 15.7687
192.51 15.9421
175.86 15.9421
159.17 15.9421
159.16 15.8504
159.15 16.0718
175.86 15.8705
159.16 15.8705
175.86 15.7528
159.17 15.7528
159.16 16.0459
159.15 15.7489
159.15 15.9674
159.17 15.8149
159.15 15.8998
192.54 15.7418
175.85 15.7418
159.15 15.7418
159.15 15.9991
159.16 15.7883
159.15 15.7253
175.84 16.0041
159.15 16.0041
175.83 15.8946
159.15 15.8946
175.83 15.6868
159.17 15.6868
175.85 15.6947
159.15 15.6947
159.15 15.6736
159.16 15.7531
159.15 15.8387
159.15 15.7377
159.15 15.5655
159.15 15.7371
159.13 15.8808
175.85 15.7951
159.15 15.7951
159.15 15.9767
159.13 15.9371
159.15 15.8953
159.15 15.7005
159.17 15.8504
192.54 15.7269
175.84 15.7269
159.15 15.7269
192.53 15.7586
192.51 15.6015
192.53 15.8322
275.95 15.7406
259.25 15.7406
242.56 15.7406
225.88 15.7406
209.20 15.7406
192.52 15.7406
192.51 15.5194
209.20 15.8635
192.54 15.8635
259.24 15.6949
242.58 15.6949
225.87 15.6949
209.19 15.6949
225.88 15.6595
209.20 15.6595
192.53 15.6595
192.53 15.5222
192.51 15.4693
209.20 15.7086
209.20 15.6541
225.85 15.5822
209.18 15.5822
209.18 15.7584
209.20 15.5545
192.51 15.5545
192.52 15.6111
209.20 16.0016
192.52 16.0016
209.20 15.5283
225.90 15.7536
442.72 15.5017
426.08 15.5017
476.11 15.5049
459.43 15.5049
509.47 15.5416
492.79 15.5416
476.11 15.5416
459.43 15.5416
442.74 15.5416
459.45 15.5721
476.11 15.9538
492.77 15.6609
492.79 15.6701
509.49 15.4621
676.27 15.3091
659.59 15.3091
642.90 15.3091
626.22 15.3091
609.54 15.3091
642.92 15.7177
659.63 15.4572
642.92 15.4572
692.99 15.4986
676.28 15.4986
676.29 15.4839
776.37 15.622
759.69 15.622
743.03 15.622
726.33 15.622
709.65 15.622
726.33 15.1366
726.33 15.6583
709.65 15.6583
759.71 15.5277
743.01 15.5277
726.33 15.5277
743.01 15.6079
743.01 15.4692
743.00 15.5799
759.70 15.5297
759.70 15.4445
776.40 14.8616
759.67 14.8616
743.03 14.8616
776.38 15.4902
759.70 15.4902
759.69 15.5723
793.06 14.4555
826.42 14.5117
809.75 14.5117
809.76 14.6538
809.76 15.2098
809.76 15.447
809.76 14.7495
809.76 15.6487
809.76 14.5933
826.44 15.2706
876.50 14.6258
859.81 14.6258
843.13 14.6258
826.45 14.6258
826.45 14.8421
843.12 15.3681
826.44 15.3681
826.42 14.9439
826.44 15.16
809.74 15.16
809.74 14.9593
809.74 14.394
793.06 14.394
793.06 14.7705
776.38 14.7705
776.40 15.0669
759.70 15.0669
759.68 14.8493
759.73 14.4511
743.02 14.4511
759.70 14.8366
743.01 14.8366
726.33 14.8366
726.33 14.4486
709.65 14.4486
743.02 14.9559
726.32 14.9559
709.66 14.9559
692.98 14.9559
709.63 14.4453
692.95 14.4453
676.27 14.4453
676.29 15.1869
659.61 15.1869
642.92 15.1869
642.92 15.0178
626.22 15.0178
626.26 14.606
609.58 14.606
609.56 14.2958
609.56 14.5837
592.88 14.5837
576.20 14.5837
592.88 14.4236
576.20 14.4236
559.51 14.4236
542.83 14.4236
559.52 14.3355
559.51 14.7795
559.49 14.2517
542.81 14.2517
542.81 14.454
526.13 14.454
526.15 14.6078
509.45 14.6078
492.77 14.6078
626.25 14.2588
609.59 14.2588
609.59 14.4191
592.88 14.4191
576.21 14.4191
559.52 14.4191
592.89 14.2617
576.23 14.2617
559.52 14.2617
542.84 14.2617
592.85 14.4009
576.17 14.4009
559.49 14.4009
542.80 14.4009
526.13 14.4009
526.15 14.3692
509.47 14.3692
509.47 14.4626
509.46 14.1344
492.81 14.1344
492.82 14.4194
492.81 14.4801
476.11 14.4801
476.11 14.3588
509.48 14.3937
492.76 14.3937
476.11 14.3937
459.43 14.3937
459.42 14.5612
459.43 14.3584
442.76 14.3584
442.76 14.6893
442.74 14.3799
442.75 14.4972
442.72 14.6002
442.77 14.6939
459.40 14.7117
442.74 14.7117
442.75 14.576
442.74 14.7648
442.73 14.5193
442.74 14.6197
442.74 14.9538
442.73 14.8344
442.74 14.6694
442.74 14.9002
442.74 14.5518
476.08 14.5705
459.42 14.5705
442.72 14.5705
426.04 14.5705
426.04 14.6576
426.06 14.6838
426.04 14.7588
426.06 14.5937
426.08 14.7557
426.08 14.8386
442.73 14.8848
426.06 14.8848
442.74 14.8171
426.08 14.8171
409.38 14.8171
409.38 14.7051
409.38 14.7146
409.38 14.624
409.37 14.7724
409.37 14.7672
392.72 14.7672
392.72 14.7532
392.68 14.8929
392.67 14.9033
392.71 14.7831
392.69 14.7245
376.01 14.7245
376.00 14.6567
376.01 14.673
376.00 14.5911
376.01 14.7896
392.70 14.6151
376.01 14.6151
359.36 14.6151
359.36 14.596
376.02 14.6354
359.33 14.6354
376.02 14.6585
359.34 14.6585
359.33 14.829
359.32 14.5707
359.33 14.7176
359.33 14.6175
359.31 14.8504
359.31 14.8776
342.63 14.8776
376.01 14.6506
359.35 14.6506
342.65 14.6506
342.67 14.6808
359.36 14.6047
342.67 14.6047
342.65 14.7288
359.33 14.7869
342.67 14.7869
325.97 14.7869
325.96 14.7087
325.94 14.7567
342.68 14.8868
326.00 14.8868
325.97 14.7575
325.97 14.7959
342.65 14.6297
325.95 14.6297
325.99 14.8983
325.95 14.867
325.98 14.9529
325.98 14.9562
326.00 14.8556
309.30 14.8556
325.98 14.92
309.30 14.92
309.27 14.8972
309.27 14.9537
309.27 14.8207
309.29 15.0445
309.31 14.984
309.29 14.9595
309.31 15.0653
309.29 14.8975
309.29 14.947
309.29 15.087
309.27 14.8391
292.59 14.8391
309.29 14.8824
292.63 14.8824
292.61 14.9711
292.63 15.0155
309.29 14.9294
292.59 14.9294
292.60 15.0043
292.58 14.8902
292.60 14.9082
292.58 14.9356
292.61 15.021
292.61 14.9597
292.59 15.1353
292.58 15.0247
325.99 15.0927
309.29 15.0927
292.61 15.0927
292.61 15.2156
292.63 15.0124
292.61 15.1707
292.63 15.2238
292.63 15.2015
309.31 15.1782
292.61 15.1782
275.92 15.1782
275.92 15.14
275.95 15.0393
275.92 15.1251
325.99 15.0189
309.31 15.0189
292.60 15.0189
275.94 15.0189
292.63 15.09
275.92 15.09
275.94 15.1664
275.93 15.0923
275.92 14.9766
292.61 15.0367
275.93 15.0367
275.92 15.033
275.92 14.9304
275.93 15.0151
275.92 15.0858
275.92 15.0461
275.94 15.132
275.91 15.002
275.90 15.1327
292.59 15.1098
275.91 15.1098
275.92 15.2395
275.92 15.1485
275.94 15.1534
275.92 15.0691
292.62 15.1152
275.95 15.1152
275.94 15.2306
275.92 15.1178
292.61 15.1611
275.94 15.1611
259.26 15.1611
259.25 15.0559
259.24 15.1468
259.24 15.0902
259.24 15.2157
259.26 14.9682
259.26 15.062
259.26 15.0846
259.25 14.9984
259.22 15.1188
259.22 14.9395
259.24 14.9293
259.24 14.8721
275.92 14.7083
259.24 14.7083
275.92 14.8342
259.26 14.8342
275.90 14.8828
259.22 14.8828
259.24 14.91
275.92 14.8155
259.24 14.8155
259.24 14.828
259.22 14.8546
259.25 14.7825
259.24 14.7449
259.24 14.8488
259.24 14.8023
259.25 14.7813
259.26 14.6429
259.24 14.7928
259.24 14.6727
259.24 14.4392
275.94 14.364
259.22 14.364
259.24 14.4448
259.25 14.3985
259.27 14.4728
259.26 14.2077
259.24 14.0742
275.92 14.2614
259.26 14.2614
275.93 14.5326
275.92 14.1895
275.92 14.3575
259.24 14.3575
275.94 13.9482
259.24 13.9482
275.93 14.3121
259.24 14.3121
259.21 13.7912
259.24 14.1508
275.92 13.9973
259.24 13.9973
275.93 14.5828
259.26 14.5828
409.38 13.7473
459.42 13.9346
442.74 13.9346
426.06 13.9346
409.38 13.9346
409.36 13.6722
392.68 13.6722
376.00 13.6722
359.31 13.6722
342.63 13.6722
325.95 13.6722
309.29 13.6722
292.59 13.6722
275.90 13.6722
275.90 14.2192
275.90 13.7605
292.61 13.7138
292.61 13.8272
292.61 13.8558
292.61 13.6848
292.63 13.7641
292.61 13.671
292.61 13.9616
292.61 13.7509
542.83 13.5995
542.83 13.8368
526.17 13.8368
542.79 13.7402
526.13 13.7402
509.47 13.7402
492.79 13.7402
526.15 13.7721
509.49 13.7721
492.81 13.7721
476.11 13.7721
459.44 13.7721
459.43 14.0318
476.12 13.7573
459.44 13.7573
442.78 13.7573
442.74 13.9443
476.11 13.9433
459.42 13.9433
442.74 13.9433
426.08 13.9433
409.38 13.9433
392.69 13.9433
376.02 13.9433
376.03 13.4644
359.35 13.4644
342.67 13.4644
326.01 13.4644
325.97 13.9067
325.97 14.1134
325.97 13.8877
342.65 13.8707
325.97 13.8707
359.33 13.8877
342.65 13.8877
325.97 13.8877
325.98 14.0528
325.95 13.8811
325.97 13.7851
325.97 13.7872
342.65 13.936
325.97 13.936
309.29 13.936
325.99 13.8992
325.97 13.8234
309.29 13.8234
309.27 14.1353
309.29 13.6638
342.65 13.8747
325.97 13.8747
309.26 13.8747
309.31 13.9424
309.29 13.8506
326.00 14.0556
309.33 14.0556
325.97 14.0336
309.29 14.0336
309.31 13.9631
309.29 14.0799
309.30 14.0796
309.31 13.9373
342.67 13.9343
325.97 13.9343
309.29 13.9343
309.29 13.9308
309.29 13.9991
309.29 14.1456
309.29 14.1483
325.96 14.1992
309.31 14.1992
309.29 13.9136
309.29 14.0479
325.97 13.9598
309.29 13.9598
309.31 14.0938
309.31 14.0092
325.97 13.9691
309.29 13.9691
309.32 14.0534
309.29 14.0821
309.29 14.0757
309.31 14.16
309.28 14.0324
309.29 13.9439
309.29 13.968
309.27 14.1722
309.29 14.025
309.29 14.1922
309.29 14.2295
325.99 14.444
309.29 14.444
292.61 14.444
292.63 14.1994
292.61 14.2039
325.96 14.3825
309.31 14.3825
292.61 14.3825
292.61 14.3229
292.61 14.1051
309.27 14.2799
292.59 14.2799
292.59 14.1275
292.61 14.2148
309.29 14.2595
292.61 14.2595
292.62 14.386
292.63 14.3116
292.60 14.6677
292.60 14.1258
309.31 14.2607
292.61 14.2607
292.61 14.3859
292.61 14.489
292.61 14.302
325.97 14.3749
309.29 14.3749
292.61 14.3749
292.63 14.5705
292.61 14.5923
292.59 14.4359
292.60 14.3171
292.61 14.4939
292.63 14.4681
292.61 14.5654
292.58 14.685
292.59 14.7098
292.61 14.6992
292.60 14.6482
292.61 14.5384
292.63 14.611
292.60 14.5482
292.60 14.6852
292.59 14.7609
292.61 14.6814
292.61 14.6876
292.63 14.5862
309.29 14.5801
292.61 14.5801
292.58 14.7184
292.61 14.5663
292.61 14.7237
292.63 14.5565
292.60 14.6899
292.61 14.6474
292.61 14.6248
309.29 14.7332
292.59 14.7332
342.65 14.8073
325.97 14.8073
309.29 14.8073
292.63 14.8073
292.61 14.626
292.61 14.6725
309.29 14.6489
292.61 14.6489
292.60 14.7895
292.61 14.616
292.61 14.6962
325.97 14.703
309.31 14.703
292.63 14.703
292.59 14.5704
292.59 14.6475
292.59 14.5828
292.59 14.5791
309.29 14.4927
292.59 14.4927
292.59 14.501
342.65 14.5704
325.97 14.5704
342.65 14.5505
325.95 14.5505
342.63 14.4598
325.97 14.4598
325.95 14.3514
325.97 14.5563
342.66 14.563
325.99 14.563
342.65 14.5331
325.99 14.5331
325.97 14.5289
325.97 14.5789
342.67 14.4859
325.99 14.4859
342.67 14.5825
325.99 14.5825
326.01 14.4174
325.99 14.4089
325.99 14.5277
325.99 14.567
325.97 14.4824
325.99 14.548
325.99 14.432
325.99 14.536
325.99 14.4271
325.99 14.5646
325.99 14.5064
325.99 14.4606
325.97 14.6548
325.99 14.5846
325.99 14.5009
325.99 14.4883
325.97 14.6584
325.95 14.6471
325.98 14.6941
325.94 14.7775
325.96 14.5415
325.99 14.6313
325.97 14.7028
325.95 14.8719
342.62 14.861
325.97 14.861
325.97 14.7505
325.99 14.7151
325.97 14.8675
325.97 14.8629
325.96 14.7966
325.97 14.8463
325.97 14.7596
342.67 14.7459
325.97 14.7459
342.65 14.7409
325.97 14.7409
325.95 14.8324
325.97 14.6839
325.99 14.8196
359.36 14.8057
359.33 14.7009
359.34 14.6666
359.33 14.6917
376.01 14.7094
359.35 14.7094
359.35 14.815
359.33 14.9162
359.31 14.5864
359.31 14.8752
359.31 14.8448
359.32 14.7783
359.32 14.8602
359.33 14.9371
359.33 14.7551
359.33 14.7879
359.33 14.7484
359.33 14.7526
359.33 14.7651
359.35 14.8477
376.02 14.8399
359.35 14.8399
392.70 14.6892
375.99 14.6892
359.35 14.6892
359.35 14.8521
359.37 14.7569
359.35 14.7278
359.33 14.8101
359.33 14.7795
359.33 14.6866
359.33 14.7405
359.33 14.7975
376.00 14.8214
359.35 14.8214
359.35 14.7107
359.35 14.8508
359.33 14.6168
359.32 14.7126
375.99 14.7755
359.31 14.7755
359.33 14.9153
359.35 14.8506
359.33 14.8732
342.67 14.8732
342.64 14.8521
342.65 14.9921
342.67 14.8213
342.65 14.8152
342.63 14.9838
342.65 14.8922
342.65 14.9634
359.33 14.9161
342.65 14.9161
342.65 14.9389
359.33 14.9391
342.65 14.9391
409.38 14.9438
392.70 14.9438
376.01 14.9438
392.70 14.9127
376.04 14.9127
376.02 15.0681
376.01 14.9033
376.04 15.0041
376.04 14.9939
376.04 14.8355
392.70 14.9096
376.02 14.9096
376.02 15.1363
376.00 14.9551
376.01 15.0356
376.02 15.1499
376.02 15.0467
376.00 14.9096
392.68 14.8837
376.01 14.8837
376.02 14.9978
376.02 14.8753
376.02 14.743
375.99 14.9791
376.00 14.8183
376.01 14.7264
376.01 14.8035
376.01 14.6317
376.02 14.3974
376.04 14.7232
376.04 14.7733
392.70 14.4613
376.02 14.4613
376.01 14.6535
376.02 14.3557
376.04 14.332
392.72 14.5634
376.02 14.5634
376.04 14.4225
376.01 14.4698
376.04 14.4152
376.02 14.3956
376.00 14.2862
376.02 14.5728
376.04 14.467
376.04 14.2965
376.01 14.2652
376.02 14.2807
392.70 14.2577
376.01 14.2577
376.04 14.3078
376.01 14.3272
376.03 14.3984
376.02 14.3432
375.99 14.4504
376.01 14.2608
392.70 14.5007
376.02 14.5007
376.04 14.5902
459.40 14.4917
442.72 14.4917
426.04 14.4917
409.36 14.4917
392.68 14.4917
392.70 14.3915
392.68 14.6061
392.70 14.579
392.70 14.2904
392.70 14.3991
392.72 14.6118
392.70 14.2736
392.70 14.6936
392.70 14.4772
409.40 14.7344
392.70 14.7344
392.69 14.5119
392.70 14.3969
392.70 14.3298
392.67 14.3695
392.68 14.2947
392.67 14.5845
392.68 14.6721
392.68 14.5841
409.36 14.6852
392.68 14.6852
392.68 14.5186
392.68 14.403
392.68 14.5648
409.38 14.5787
392.70 14.5787
392.70 14.5558
392.68 14.5299
392.68 14.5776
392.68 14.5112
392.68 14.6555
392.68 14.5472
409.36 14.4779
392.68 14.4779
392.68 14.5744
392.68 14.5394
392.70 14.5037
392.71 14.4849
392.67 14.6079
392.72 14.5414
392.70 14.5782
392.69 14.4918
392.72 14.4971
392.72 14.2855
409.38 14.5525
392.72 14.5525
392.72 14.4441
392.72 14.602
392.70 14.5671
392.72 14.5847
392.72 14.6493
409.40 14.4862
392.72 14.4862
392.71 14.4637
409.40 14.5317
392.72 14.5317
392.72 14.6109
426.06 14.6357
409.38 14.6357
392.70 14.6357
459.47 14.4886
442.79 14.4886
426.11 14.4886
409.40 14.4886
392.72 14.4886
392.72 14.4769
392.69 14.5737
426.06 14.5891
409.38 14.5891
409.40 14.6579
409.38 14.5643
409.40 14.6086
409.38 14.5307
409.38 14.5774
409.40 14.6228
409.40 14.6604
426.06 14.657
409.38 14.657
409.38 14.5213
409.38 14.6262
442.74 14.4219
426.08 14.4219
409.39 14.4219
409.36 14.4278
409.40 14.4996
409.38 14.514
409.40 14.5222
409.36 14.5186
409.40 14.4421
409.40 14.2524
626.26 14.3761
626.26 14.552
609.56 14.552
592.90 14.552
576.22 14.552
559.51 14.552
542.83 14.552
526.15 14.552
509.47 14.552
492.79 14.552
476.11 14.552
459.40 14.552
509.45 14.4677
492.77 14.4677
526.16 14.4099
509.47 14.4099
492.79 14.4099
476.09 14.4099
459.45 14.4099
442.75 14.4099
426.07 14.4099
442.74 14.6201
442.76 14.4109
442.74 14.4708
459.42 14.3174
492.79 14.3164
492.77 14.2112
492.79 14.2992
492.79 14.1522
526.15 14.3935
509.47 14.3935
509.49 14.343
492.79 14.343
509.47 14.1828
509.47 14.0433
526.17 14.0956
592.88 14.0706
576.18 14.0706
559.51 14.0706
542.83 14.0706
559.51 14.0768
576.20 13.9867
576.20 14.0295
559.54 14.0295
626.27 14.0288
609.59 14.0288
592.90 14.0288
576.22 14.0288
609.59 13.96
592.90 13.96
659.59 13.9658
642.90 13.9658
626.22 13.9658
659.62 14.0993
676.31 14.0039
659.63 14.0039
676.29 14.1998
676.31 13.9598
726.35 13.9391
709.65 13.9391
709.65 14.0682
709.67 14.123
692.99 14.123
726.33 13.9841
709.65 13.9841
692.97 13.9841
692.97 13.8665
676.27 13.8665
659.63 13.8665
676.29 14.0436
676.29 13.9759
676.29 14.0193
676.31 13.9169
659.61 13.9169
642.94 13.9169
692.99 14.0046
692.99 14.0277
692.97 13.9677
726.33 14.0598
709.67 14.0598
692.98 14.0598
709.65 13.9445
692.97 13.9445
676.29 13.9445
676.29 13.9011
659.62 13.9011
659.61 14.0651
642.92 14.0651
642.92 14.0289
642.92 13.951
626.24 13.951
626.24 13.9042
609.56 13.9042
609.56 13.834
609.58 14.0441
592.88 14.0441
592.88 13.9508
592.90 14.1045
609.58 13.8783
592.88 13.8783
592.90 13.9518
592.90 14.0241
576.20 14.0241
592.88 13.8252
576.19 13.8252
576.22 13.8578
576.20 13.9152
559.51 13.9152
559.53 13.8993
542.84 13.8993
559.51 13.8513
542.83 13.8513
559.51 14.0488
542.83 14.0488
542.84 13.9416
526.15 13.9416
526.16 13.8884
509.47 13.8884
509.47 13.91
509.46 13.8103
542.83 13.8733
526.15 13.8733
542.81 13.9715
542.83 13.9711
559.48 13.8712
542.83 13.8712
526.15 13.8712
509.49 13.8712
492.79 13.8712
476.11 13.8712
492.77 13.9823
476.09 13.9823
476.11 13.8344
476.11 13.8944
743.01 13.8853
726.33 13.8853
709.65 13.8853
692.99 13.8853
676.28 13.8853
659.62 13.8853
642.92 13.8853
626.24 13.8853
626.24 13.8925
626.24 13.7846
609.54 13.7846
609.54 13.9015
609.56 13.8235
609.55 14.0484
592.88 14.0484
609.56 13.9736
592.88 13.9736
592.88 13.8607
592.88 13.8216
576.20 13.8216
576.20 13.9243
576.22 13.9395
576.20 14.0097
559.51 14.0097
559.50 13.9113
576.20 13.8142
559.51 13.8142
542.83 13.8142
526.15 13.8142
526.15 13.9121
526.15 13.9951
526.15 13.8805
526.13 13.9661
526.15 13.8121
526.12 13.9739
509.47 13.9739
509.47 13.8235
526.15 13.9395
509.47 13.9395
509.48 13.7318
526.15 13.8239
509.47 13.8239
492.81 13.8239
492.79 13.7722
492.79 13.7134
492.79 13.8257
492.79 13.8251
492.79 13.7447
509.47 13.8299
492.79 13.8299
492.79 13.8156
476.10 13.8156
476.11 13.7692
476.13 13.8483
476.11 13.8924
476.10 13.7773
476.11 13.7705
476.11 13.8523
476.11 13.8575
459.42 13.8575
476.11 13.7942
459.42 13.7942
459.42 13.8596
459.42 13.7187
459.46 13.8444
459.42 13.7944
459.40 13.8634
492.81 13.8844
509.47 13.7881
492.81 13.7881
492.79 13.8268
476.11 13.8268
476.11 13.8917
492.79 13.7594
476.13 13.7594
476.13 13.8317
476.09 13.8518
476.11 13.8838
476.11 13.8041
476.10 13.9422
476.11 13.9234
476.10 13.8869
476.11 13.9379
476.11 14.0002
476.11 13.8694
476.10 13.8496
476.08 13.793
459.40 13.793
476.11 14.0321
459.44 14.0321
459.43 13.8008
459.43 13.7582
459.43 13.9225
459.43 13.9672
459.43 13.764
459.43 13.7845
459.43 13.8061
459.43 13.9015
459.43 13.7598
459.43 13.8001
459.43 13.9815
459.42 13.7894
459.44 13.8003
459.43 13.9194
459.43 13.8302
459.45 13.861
459.40 13.8495
476.10 13.829
459.44 13.829
442.76 13.829
442.75 13.8343
476.11 13.7198
459.42 13.7198
442.74 13.7198
442.74 13.6933
442.76 13.7173
442.74 13.8351
442.74 13.7284
442.75 13.6611
442.77 13.528
442.73 13.6767
442.76 13.7139
442.74 13.4926
442.73 13.5215
442.74 13.8056
442.74 12.8165
442.73 13.2344
492.77 13.763
492.74 13.6925
492.80 13.5478
492.78 13.9259
509.46 13.7442
509.47 13.5454
526.17 13.6902
509.46 13.6902
509.46 13.8162
492.78 13.8162
509.49 13.666
509.49 12.7195
509.47 13.6639
509.46 13.8618
526.16 13.6845
509.46 13.6845
509.47 13.6899
492.79 13.6899
509.47 13.5438
509.47 13.6163
492.79 13.6163
509.47 13.5206
492.79 13.5206
526.13 12.9699
509.45 12.9699
509.45 12.679
492.77 12.679
509.47 13.4546
492.79 13.4546
526.15 13.4202
509.47 13.4202
492.79 13.4202
526.15 13.7785
509.47 13.7785
492.76 13.7785
526.16 12.7631
509.48 12.7631
492.81 12.7631
526.12 12.6355
509.47 12.6355
492.79 12.6355
542.83 12.9282
526.15 12.9282
509.49 12.9282
492.79 12.9282
542.83 13.001
526.15 13.001
509.47 13.001
492.79 13.001
526.14 12.7379
509.46 12.7379
492.78 12.7379
509.47 12.4925
492.79 12.4925
626.24 12.8144
609.56 12.8144
592.88 12.8144
576.20 12.8144
559.51 12.8144
542.85 12.8144
592.88 12.666
576.18 12.666
559.50 12.666
542.81 12.666
526.13 12.666
542.83 12.5142
526.15 12.5142
542.83 13.1274
526.15 13.1274
542.83 12.8757
526.15 12.8757
576.20 12.5203
559.52 12.5203
542.83 12.5203
526.15 12.5203
542.83 12.6962
526.14 12.6962
542.83 12.743
526.15 12.743
559.50 12.6573
542.85 12.6573
526.15 12.6573
542.83 12.5098
526.18 12.5098
542.83 12.893
526.17 12.893
609.56 12.8239
592.88 12.8239
576.20 12.8239
559.51 12.8239
542.83 12.8239
526.15 12.8239
576.20 12.7522
559.51 12.7522
542.83 12.7522
526.15 12.7522
542.83 12.6848
526.15 12.6848
576.18 12.6349
559.50 12.6349
542.83 12.6349
526.15 12.6349
559.52 12.9348
542.83 12.9348
526.15 12.9348
576.20 12.692
559.51 12.692
542.83 12.692
526.15 12.692
542.83 11.8595
526.15 11.8595
542.83 11.654
526.15 11.654
542.83 11.7913
526.15 11.7913
542.86 12.7911
526.18 12.7911
576.20 12.7191
559.51 12.7191
559.51 11.6248
559.51 12.7191
559.52 12.6844
559.51 11.7091
576.20 11.7014
559.51 11.7014
576.20 11.5666
559.51 11.5666
576.22 11.7536
559.53 11.7536
576.22 11.7559
559.51 11.7559
576.22 11.8725
559.51 11.8725
576.21 11.7476
559.51 11.7476
576.20 11.7257
559.51 11.7257
559.51 11.6452
576.20 11.7132
559.51 11.7132
576.20 11.7004
559.51 11.7004
576.19 11.6148
559.51 11.6148
576.21 11.7226
559.51 11.7226
576.20 11.7884
559.51 11.7884
576.21 11.6873
559.53 11.6873
576.22 11.7625
559.51 11.7625
576.20 11.5695
559.51 11.5695
576.20 11.6933
559.53 11.6933
559.51 11.7274
542.82 11.7274
559.49 11.6322
542.81 11.6322
559.51 11.6325
559.53 11.6168
542.83 11.6168
559.51 11.5538
542.83 11.5538
559.52 11.6598
542.83 11.6598
559.51 11.5278
542.83 11.5278
592.90 11.0454
576.20 11.0454
559.51 11.0454
542.81 11.0454
576.19 11.6279
559.52 11.6279
542.83 11.6279
609.56 11.3793
592.88 11.3793
576.20 11.3793
592.88 11.112
576.22 11.112
609.54 11.1374
592.86 11.1374
576.17 11.1374
592.90 11.3807
576.20 11.3807
592.88 11.4358
576.20 11.4358
592.90 11.4117
576.17 11.4117
592.88 11.3355
576.19 11.3355
592.88 11.4589
576.22 11.4589
592.90 11.5056
576.22 11.5056
592.85 11.4077
576.20 11.4077
592.88 11.4304
576.22 11.4304
592.88 11.3562
576.20 11.3562
592.88 11.4317
576.20 11.4317
592.88 11.5065
576.20 11.5065
592.87 11.5486
576.20 11.5486
609.56 11.5975
592.88 11.5975
576.20 11.5975
592.86 11.5924
576.16 11.5924
592.88 11.3663
576.20 11.3663
592.88 11.5902
576.20 11.5902
592.88 11.4853
576.20 11.4853
592.88 11.4708
576.20 11.4708
592.88 11.3395
576.18 11.3395
592.88 11.3566
576.18 11.3566
592.88 11.4347
576.20 11.4347
609.56 11.7561
592.90 11.7561
576.20 11.7561
592.88 11.3652
576.20 11.3652
609.57 11.4681
592.88 11.4681
576.20 11.4681
609.54 11.3259
592.86 11.3259
609.56 11.3603
592.89 11.3603
609.54 11.3715
592.86 11.3715
609.54 11.4683
592.86 11.4683
609.58 11.5291
592.90 11.5291
609.56 11.3204
592.88 11.3204
609.54 11.5325
592.88 11.5325
609.56 11.5433
592.90 11.5433
609.56 11.5463
592.88 11.5463
609.56 11.4912
592.88 11.4912
609.56 11.3789
592.88 11.3789
609.56 11.5002
592.90 11.5002
609.60 11.4249
592.92 11.4249
609.58 11.4314
592.90 11.4314
609.58 11.309
592.90 11.309
609.58 11.4555
592.88 11.4555
609.51 11.5216
592.88 11.5216
609.56 11.4797
592.88 11.4797
626.24 11.5178
609.56 11.5178
592.88 11.5178
609.56 11.4746
592.90 11.4746
609.58 11.5658
592.90 11.5658
609.56 11.498
592.90 11.498
592.90 11.5332
576.22 11.5332
592.90 11.4858
576.22 11.4858
592.88 11.4814
576.20 11.4814
592.88 11.5974
576.20 11.5974
592.90 11.7906
576.20 11.7906
592.88 11.8251
576.20 11.8251
609.56 11.6026
592.88 11.6026
609.56 11.6038
592.88 11.6038
609.58 11.5402
592.88 11.5402
609.56 11.8064
592.90 11.8064
609.56 11.7073
592.88 11.7073
609.54 11.7593
592.86 11.7593
609.57 11.5968
592.88 11.5968
609.57 11.7953
592.89 11.7953
609.59 11.6992
592.89 11.6992
609.57 11.832
592.88 11.832
609.57 11.8559
592.89 11.8559
609.57 11.841
592.89 11.841
609.57 11.7892
592.90 11.7892
609.56 11.7907
592.89 11.7907
609.56 11.835
592.89 11.835
609.57 11.8375
592.88 11.8375
609.57 11.7884
592.90 11.7884
592.90 11.8468
609.56 11.8227
592.87 11.8227
609.56 11.8308
592.88 11.8308
609.56 11.7858
592.87 11.7858
592.88 11.8378
609.56 11.876
592.88 11.876
592.87 11.8473
592.88 11.9537
592.88 11.8059
592.90 11.9086
592.86 11.8814
609.57 11.9408
592.89 11.9408
592.91 11.8955
609.56 11.8741
592.88 11.8741
592.88 11.9541
609.56 12.0314
592.88 12.0314
592.88 11.8613
592.87 11.8745
592.87 11.7587
592.87 11.9713
592.85 12.0239
609.55 12.0109
592.88 12.0109
592.87 11.9563
609.55 11.7739
592.87 11.7739
592.87 11.8128
592.87 11.78
592.87 11.9533
592.87 11.9706
592.87 12.0338
609.56 12.0592
592.88 12.0592
592.90 12.0266
592.88 12.0057
609.59 12.0781
592.91 12.0781
592.88 11.9571
592.88 11.985
592.88 11.9466
592.88 11.9504
609.56 12.0003
592.88 12.0003
592.88 12.0908
592.88 12.0159
592.88 11.9368
609.57 12.0171
592.88 12.0171
592.87 11.8166
592.85 11.9226
592.88 12.0051
592.87 11.8154
609.55 11.2779
592.87 11.2779
592.87 11.9411
592.85 11.244
592.87 11.2002
592.85 11.0197
576.18 11.0197
592.87 11.4517
576.19 11.4517
576.18 11.0793
576.17 12.036
576.17 11.4464
576.20 11.3717
576.19 11.2506
576.20 11.1794
576.20 11.4309
576.20 11.8631
576.20 11.6086
576.20 11.3304
576.20 11.4149
576.20 11.2944
576.20 11.4209
576.17 11.5019
576.19 11.4419
576.22 11.443
576.19 11.5427
576.19 11.3472
576.20 11.3306
576.18 11.4906
576.20 11.4391
576.20 11.4558
576.20 11.4712
576.20 11.4281
576.18 11.4982
576.20 11.3491
576.20 11.5562
576.22 11.2561
576.20 11.494
576.20 11.3665
576.22 11.3054
576.20 11.4811
576.20 11.1791
576.20 11.27
576.22 11.2167
576.22 11.0051
576.22 11.1359
576.22 11.217
576.20 11.2311
576.22 11.3912
576.22 11.3447
576.20 10.9615
576.20 11.3563
576.23 11.4283
576.20 11.2372
576.20 11.4079
576.20 11.1484
576.22 11.3646
576.20 11.4163
576.19 11.2893
576.20 10.9651
576.20 11.3419
576.20 10.9918
576.20 11.3084
576.21 11.3467
576.18 11.356
576.20 11.3307
576.22 11.0547
576.22 11.1689
576.20 11.3636
576.20 10.955
576.20 11.3355
576.21 11.3819
576.20 11.2307
576.20 11.1546
576.20 11.2496
576.22 11.1164
576.20 11.1011
576.21 10.9634
576.19 10.8863
576.20 10.9976
576.19 10.8768
576.20 11.0547
576.20 10.899
576.21 11.2061
576.20 11.1535
576.20 11.1428
576.20 11.1997
576.17 10.9739
576.17 11.0896
576.17 11.1553
576.20 11.1622
576.20 10.9112
576.19 11.1311
576.20 11.0972
576.21 11.2154
576.19 11.1444
576.20 11.1216
576.19 11.1742
576.21 11.0904
576.19 11.2577
576.20 11.1735
576.20 11.1387
576.20 11.3024
576.20 11.2326
576.21 11.2679
576.20 11.1998
576.19 11.2173
576.20 11.1801
576.20 11.1611
576.20 11.1195
576.20 11.2263
576.20 11.2311
576.17 11.2061
576.20 11.2837
576.20 11.2233
576.22 11.2325
576.21 11.3699
576.20 11.2977
576.22 11.278
576.20 11.4032
576.20 11.3164
576.20 11.2889
576.20 11.3605
576.22 11.2985
576.22 11.3618
576.20 11.2732
576.22 11.4265
576.18 11.4216
576.20 11.2515
576.19 11.389
576.20 11.3638
576.20 11.3347
576.20 11.3638
576.20 11.3127
576.20 11.3779
576.20 11.2386
576.20 11.4487
576.20 11.4329
576.20 11.3468
576.20 11.4044
576.20 11.3676
576.20 11.5062
576.20 11.5263
576.20 11.4199
576.20 11.4613
576.20 11.4335
576.20 11.4761
576.20 11.4006
576.18 11.4193
576.20 11.4374
576.22 11.4165
576.19 11.4842
576.21 11.3807
576.19 11.4369
576.21 11.4457
576.20 11.4684
576.20 11.4031
576.17 11.3833
576.19 11.4385
576.20 11.364
576.20 11.5126
576.19 11.4437
576.22 11.4754
576.20 11.4681
576.19 11.3862
576.18 11.4272
576.20 11.4144
576.20 11.511
576.20 11.4917
576.20 11.3883
576.20 11.3994
576.20 11.4306
576.20 11.3881
576.20 11.3706
576.20 11.4047
576.20 11.3704
576.22 11.3223
576.20 11.3285
576.20 11.3929
576.20 11.2781
576.20 11.4248
576.20 11.2959
576.19 11.3971
559.51 11.3971
576.19 11.3537
576.18 11.3894
559.49 11.3894
576.19 11.3129
576.20 11.3521
559.51 11.3521
576.20 11.3468
576.20 11.2826
559.51 11.2826
576.20 11.284
576.18 11.2392
559.52 11.2392
559.49 11.3154
559.53 11.3147
559.51 11.2679
559.52 11.3846
559.51 11.396
559.52 11.2864
576.21 11.3657
576.21 11.3574
559.49 11.3574
559.52 11.3234
559.52 11.3739
559.51 11.4703
559.52 11.3721
559.52 11.2878
559.52 11.3862
559.53 11.2701
559.53 11.2669
559.52 11.414
559.51 11.427
559.51 11.3626
559.53 11.3633
559.51 11.2812
576.20 11.4093
559.51 11.4093
559.49 11.3356
559.51 11.3075
559.51 11.3188
559.52 11.3087
576.19 11.255
559.51 11.255
559.51 11.3362
559.50 11.2665
559.49 11.3409
576.22 11.259
576.17 11.3177
576.20 11.1897
576.18 11.2379
576.19 11.2581
576.20 11.3011
576.18 11.2718
576.18 11.3564
576.20 11.1961
576.19 11.2451
576.19 11.1015
576.19 11.2281
576.19 11.2646
576.19 11.1523
576.20 11.1608
576.19 11.1504
576.19 11.3188
576.19 9.81466
576.19 11.2145
576.20 9.67871
576.17 10.1803
576.20 10.5852
576.19 10.722
576.20 10.4268
576.20 9.71884
576.20 9.69359
576.20 10.36
576.20 9.8556
576.20 10.7474
576.20 10.5901
576.22 10.4573
576.20 10.562
576.20 10.3484
576.22 10.6618
576.19 10.5032
559.53 10.5032
559.52 10.0521
559.54 10.5191
559.53 10.6329
542.83 10.6329
559.51 10.7025
542.81 10.7025
576.21 10.6971
559.51 10.6971
542.81 10.6971
592.90 10.5358
576.20 10.5358
559.51 10.5358
542.83 10.5358
576.20 10.722
559.50 10.722
542.84 10.722
559.51 10.7798
542.83 10.7798
559.52 10.6003
542.84 10.6003
542.83 10.6576
559.51 10.7615
542.83 10.7615
542.83 10.5455
542.83 10.4595
559.51 10.7888
542.83 10.7888
542.81 10.418
542.83 10.7883
542.83 10.616
542.83 10.6004
542.83 10.6348
542.83 10.6253
542.83 10.6195
542.81 10.7605
542.84 10.89
542.83 10.5056
542.83 10.6615
542.85 10.8574
542.82 10.6559
542.83 10.7013
542.85 10.4559
542.81 10.6789
559.51 10.6651
542.81 10.6651
559.50 10.8975
559.51 10.7202
542.84 10.7202
559.50 10.6358
559.51 10.7442
559.50 10.9463
542.81 10.9463
542.83 10.8622
542.85 10.9095
542.83 10.8205
542.81 10.5438
542.83 10.9218
542.83 10.6144
542.83 10.7794
542.81 10.7884
542.81 10.6496
542.83 10.9681
542.83 10.9431
542.86 10.9992
559.51 10.9272
542.83 10.9272
542.83 10.8779
559.52 10.8069
542.83 10.8069
542.83 10.7275
559.50 10.9811
542.81 10.9811
542.81 10.9512
542.83 10.8756
542.84 10.9717
542.83 10.898
542.83 10.9158
542.85 10.976
542.82 11.0164
542.85 10.9601
542.83 10.9716
542.83 10.9961
542.84 10.8209
542.83 11.0291
542.83 10.9728
542.84 10.9724
542.83 10.9161
542.83 10.9581
542.83 10.8597
542.83 10.8953
542.81 10.902
542.83 10.8459
542.83 10.7339
542.84 10.8551
542.83 10.8021
542.81 10.8545
542.81 10.8883
542.85 10.903
542.83 10.8493
542.83 10.8051
542.83 10.8573
542.83 10.7443
542.85 10.7755
542.84 10.8561
542.85 10.8012
542.84 10.8012
542.84 10.9777
542.83 10.8624
542.81 10.764
542.85 10.8013
542.81 10.8218
542.81 10.8042
542.83 10.8433
542.81 10.7752
542.85 10.8745
542.85 10.7814
542.83 10.8198
542.83 10.8087
542.85 10.8157
542.85 10.7403
542.83 10.7359
542.83 10.8404
542.83 10.7016
542.83 10.7297
542.84 10.6394
542.81 10.5864
542.83 10.6382
542.85 10.6251
542.85 10.6507
526.15 10.6507
526.15 10.6046
526.17 10.6314
526.17 10.5514
526.17 10.552
526.15 10.7012
526.15 10.6303
526.17 10.5797
526.17 10.5924
526.15 10.6173
526.15 10.6359
526.15 10.6188
526.14 10.5937
526.15 10.6768
526.13 10.5792
526.15 10.6966
526.15 10.5748
526.13 10.6555
526.17 10.612
526.17 10.5225
526.15 10.6099
526.17 10.6029
526.15 10.5698
526.15 10.6613
526.19 10.5485
526.15 10.5761
526.15 10.5132
526.15 10.5311
526.13 10.5216
526.13 10.6133
526.13 10.5776
526.17 10.5274
526.13 10.3931
526.13 10.3904
526.13 10.3369
526.15 10.4372
526.13 10.3858
526.15 10.4934
526.13 10.4986
526.14 10.3269
526.17 10.3929
526.16 10.4481
526.15 10.2991
526.16 10.3072
526.15 10.4822
526.15 10.376
526.15 10.3051
526.16 10.5595
526.13 10.2911
526.15 10.3807
526.17 10.4109
526.17 10.5382
526.17 10.5502
526.17 10.4784
526.15 10.417
526.15 10.4158
526.15 10.4535
526.17 10.5124
526.15 10.4983
526.15 10.488
526.14 10.5434
526.15 10.5138
526.15 10.472
526.17 10.377
526.17 10.4967
526.17 10.4841
526.15 10.4886
526.17 10.4365
526.17 10.4357
526.16 10.395
526.17 10.3862
526.17 10.3864
526.17 10.3308
526.17 10.5105
526.17 10.4524
526.13 10.3127
526.17 10.3577
526.17 10.3432
526.15 10.2996
526.15 10.3359
526.15 10.4355
526.15 10.4814
526.15 10.4204
526.15 10.3144
526.13 10.4096
526.13 10.3807
526.13 10.3367
526.17 10.3668
526.17 10.4921
526.15 10.4538
526.17 10.4162
526.15 10.4588
526.15 10.5453
526.13 10.4287
526.13 10.4329
526.13 10.4369
526.13 10.44
526.15 10.5862
526.17 10.5392
526.13 10.5133
526.13 10.6167
526.13 10.6118
526.15 10.597
526.15 10.8183
526.13 10.6605
526.15 10.603
526.13 10.5325
526.17 10.5574
526.13 10.597
526.13 10.6501
526.13 10.7821
526.13 10.6632
526.14 10.7695
526.13 10.6336
526.16 10.9478
526.17 10.7227
526.13 10.5651
526.13 10.7979
526.13 10.8492
526.15 10.7979
526.17 10.7108
526.17 10.6773
526.13 10.6237
526.13 10.8081
526.13 10.8274
526.15 10.734
526.15 10.7063
526.17 10.8537
526.15 10.8901
526.15 10.6612
526.17 10.8748
526.17 10.7714
526.15 10.874
526.15 10.7318
526.15 10.6968
526.15 10.8764
526.17 10.952
526.18 10.8641
526.15 10.8491
526.15 10.9354
526.13 10.9019
526.15 10.9831
526.17 10.9151
526.17 10.8403
526.17 10.8911
526.17 10.8824
526.19 10.9122
526.17 10.9176
526.17 10.938
526.17 10.9253
526.17 11.018
526.17 10.9718
526.15 10.854
526.20 10.8363
526.17 10.9453
526.17 10.9283
526.15 10.9117
526.17 10.8891
526.17 10.9773
526.17 10.972
526.15 10.9714
526.15 10.8646
526.15 10.901
526.15 10.9533
526.15 10.8931
526.13 10.9666
526.14 10.937
526.18 10.9029
526.15 10.9557
526.15 10.7872
526.16 10.7318
526.17 10.8314
526.15 10.844
526.17 10.7315
526.16 10.682
526.18 10.8541
526.18 10.8271
526.17 10.9399
526.15 10.8579
526.16 10.915
526.16 10.9183
526.16 10.7845
509.48 10.7845
509.48 10.8826
509.48 10.8046
509.49 10.8892
509.43 10.8711
509.50 10.9833
509.47 10.909
509.45 10.917
509.47 10.825
509.47 10.9233
509.48 10.8412
509.48 10.8915
509.48 10.8163
509.46 10.8309
509.50 10.7221
509.45 10.7213
509.47 10.7965
509.45 10.7716
509.43 10.638
509.47 10.7704
509.48 10.6725
509.50 10.8079
509.45 10.6643
509.45 10.6873
509.45 10.6077
509.47 10.5859
509.48 10.561
509.50 10.627
509.46 10.5855
509.46 10.505
509.46 10.5881
509.49 10.5374
509.46 10.6135
509.48 10.5628
509.47 10.5486
509.45 10.5794
509.46 10.6071
509.47 10.6268
509.47 10.612
509.47 10.5954
509.46 10.589
509.46 10.5235
509.46 10.5401
509.49 10.5198
509.47 10.6271
509.45 10.6234
509.46 10.5615
509.46 10.6625
509.46 10.4728
509.48 10.4753
509.49 10.6176
509.49 10.4065
509.45 10.5358
509.49 10.5158
509.46 10.6417
509.47 10.5615
509.47 10.3711
509.47 10.3766
509.49 10.3477
509.49 10.4453
509.50 10.3055
509.47 10.4013
509.47 10.4751
509.47 10.348
509.47 10.4159
509.47 10.3685
509.45 10.4387
509.47 10.4629
509.47 10.4804
509.47 10.5616
509.47 10.5976
509.47 10.5274
509.45 10.5162
509.47 10.521
509.47 10.4904
509.47 10.595
509.45 10.6263
509.47 10.5997
509.45 10.7145
509.45 10.691
509.45 10.5662
509.45 10.6373
509.45 10.6984
509.48 10.6241
509.47 10.7091
509.45 10.6548
509.45 10.7349
509.45 10.6217
509.45 10.7536
509.42 10.7048
509.45 10.6664
509.45 10.667
509.45 10.6405
509.45 10.7193
509.45 10.7031
509.45 10.6256
509.45 10.7998
509.45 10.6481
509.43 10.729
509.45 10.7615
509.49 10.6868
509.47 10.6517
509.45 10.6477
509.47 10.6574
509.45 10.7166
509.45 10.7594
509.47 10.7605
509.50 10.8374
509.47 10.7398
509.45 10.6788
509.46 10.7091
509.47 10.7467
509.47 10.7102
509.50 10.7469
509.51 10.8393
509.49 10.7947
509.49 10.7754
509.47 10.7113
509.47 10.7216
509.47 10.8151
509.49 10.6855
509.47 10.7304
509.49 10.7386
