583.39 10.9634
566.71 10.9634
550.00 10.9634
533.31 10.9634
583.27 10.9091
566.61 10.9091
549.93 10.9091
533.22 10.9091
583.20 10.932
566.54 10.932
549.86 10.932
533.18 10.932
583.18 10.8864
566.47 10.8864
549.81 10.8864
533.13 10.8864
549.72 10.9115
533.04 10.9115
549.72 10.9563
533.01 10.9563
583.01 10.9665
566.36 10.9665
582.98 10.9726
566.30 10.9726
549.58 10.9726
532.93 10.9726
582.89 10.9172
566.23 10.9172
549.52 10.9172
532.83 10.9172
582.84 10.8846
566.16 10.8846
549.47 10.8846
532.79 10.8846
549.44 10.8102
532.76 10.8102
616.07 10.8253
599.38 10.8253
582.67 10.8253
565.99 10.8253
582.67 10.817
565.98 10.817
549.30 10.817
532.62 10.817
582.60 10.8073
565.91 10.8073
549.23 10.8073
532.54 10.8073
582.53 10.8661
565.84 10.8661
549.14 10.8661
532.46 10.8661
549.12 10.8526
532.47 10.8526
615.73 10.8088
599.07 10.8088
582.39 10.8088
565.68 10.8088
582.32 10.7729
565.66 10.7729
548.96 10.7729
532.30 10.7729
582.26 10.7691
565.60 10.7691
548.92 10.7691
532.24 10.7691
582.18 10.7334
565.53 10.7334
548.85 10.7334
532.16 10.7334
548.84 10.74
532.15 10.74
615.44 10.6629
598.73 10.6629
582.07 10.6629
565.39 10.6629
582.03 10.5967
565.35 10.5967
548.67 10.5967
531.99 10.5967
581.97 10.518
565.29 10.518
548.60 10.518
531.92 10.518
581.90 10.4639
565.25 10.4639
548.56 10.4639
531.88 10.4639
548.50 10.4387
531.81 10.4387
615.12 10.0474
598.44 10.0474
581.76 10.0474
565.05 10.0474
581.72 9.98489
565.04 9.98489
548.35 9.98489
531.67 9.98489
581.65 9.92479
564.97 9.92479
548.28 9.92479
531.60 9.92479
581.61 9.85258
564.92 9.85258
548.23 9.85258
531.56 9.85258
548.18 9.84231
531.50 9.84231
548.12 9.86959
531.43 9.86959
581.47 9.85112
564.79 9.85112
581.41 9.76089
564.73 9.76089
548.04 9.76089
531.36 9.76089
581.34 9.69374
564.66 9.69374
547.97 9.69374
531.29 9.69374
581.29 9.85546
564.58 9.85546
547.90 9.85546
531.21 9.85546
547.87 9.84406
531.18 9.84406
614.49 9.82631
597.81 9.82631
581.10 9.82631
564.42 9.82631
581.09 9.76347
564.41 9.76347
547.73 9.76347
531.01 9.76347
581.02 9.76079
564.34 9.76079
547.66 9.76079
530.97 9.76079
580.99 9.83916
564.28 9.83916
547.62 9.83916
530.91 9.83916
547.55 9.82825
530.87 9.82825
514.18 9.82825
497.50 9.82825
680.80 9.82717
664.12 9.82717
647.44 9.82717
630.75 9.82717
614.07 9.82717
597.39 9.82717
680.73 9.89642
664.04 9.89642
647.36 9.89642
630.67 9.89642
613.99 9.89642
597.28 9.89642
647.26 9.94859
630.55 9.94859
613.90 9.94859
597.19 9.94859
580.53 9.94859
563.85 9.94859
647.18 10.0246
630.50 10.0246
613.79 10.0246
597.13 10.0246
580.45 10.0246
563.76 10.0246
680.40 10.0547
663.72 10.0547
647.04 10.0547
630.36 10.0547
613.65 10.0547
596.97 10.0547
780.28 10.0026
763.59 10.0026
746.91 10.0026
730.23 10.0026
713.54 10.0026
696.84 10.0026
680.18 10.0026
663.48 10.0026
646.81 10.0026
630.07 10.0026
613.43 10.0026
596.76 10.0026
646.74 10.1109
630.06 10.1109
613.36 10.1109
596.67 10.1109
580.01 10.1109
563.33 10.1109
546.64 10.1109
529.94 10.1109
646.60 10.1914
629.94 10.1914
613.25 10.1914
596.57 10.1914
579.89 10.1914
563.21 10.1914
679.83 10.0882
663.14 10.0882
646.45 10.0882
629.76 10.0882
613.10 10.0882
596.39 10.0882
579.73 10.0882
563.05 10.0882
679.68 9.88235
663.00 9.88235
646.32 9.88235
629.64 9.88235
612.95 9.88235
596.27 9.88235
579.59 9.88235
562.90 9.88235
579.55 9.49839
562.86 9.49839
546.19 9.49839
529.51 9.49839
512.82 9.49839
496.12 9.49839
646.11 9.4904
629.43 9.4904
612.74 9.4904
596.06 9.4904
579.38 9.4904
562.70 9.4904
646.01 9.50224
629.32 9.50224
612.64 9.50224
595.96 9.50224
579.26 9.50224
562.56 9.50224
679.21 9.44844
662.55 9.44844
645.87 9.44844
629.18 9.44844
612.50 9.44844
595.82 9.44844
579.13 9.44844
562.45 9.44844
579.10 9.47259
562.42 9.47259
545.74 9.47259
529.05 9.47259
512.37 9.47259
495.68 9.47259
645.65 9.45371
628.97 9.45371
612.29 9.45371
595.61 9.45371
578.92 9.45371
562.24 9.45371
712.23 9.54779
695.55 9.54779
678.87 9.54779
662.16 9.54779
645.50 9.54779
628.82 9.54779
612.11 9.54779
595.45 9.54779
578.75 9.54779
562.08 9.54779
645.40 9.59415
628.72 9.59415
612.04 9.59415
595.36 9.59415
578.67 9.59415
561.99 9.59415
578.61 9.73968
561.93 9.73968
545.23 9.73968
528.56 9.73968
511.85 9.73968
495.20 9.73968
511.87 9.74751
495.16 9.74751
511.80 9.97745
495.10 9.97745
645.08 9.88947
628.39 9.88947
611.73 9.88947
595.05 9.88947
578.36 9.88947
561.68 9.88947
711.68 10.1376
694.98 10.1376
678.32 10.1376
661.63 10.1376
644.95 10.1376
628.27 10.1376
611.56 10.1376
594.88 10.1376
578.22 10.1376
561.53 10.1376
611.51 10.2525
594.83 10.2525
578.12 10.2525
561.44 10.2525
544.78 10.2525
528.10 10.2525
678.02 10.1068
661.36 10.1068
644.65 10.1068
627.99 10.1068
611.28 10.1068
594.63 10.1068
577.94 10.1068
561.26 10.1068
677.94 10.0127
661.23 10.0127
644.57 10.0127
627.89 10.0127
611.18 10.0127
594.50 10.0127
577.81 10.0127
561.15 10.0127
677.79 10.0061
661.11 10.0061
644.42 10.0061
627.74 10.0061
611.06 10.0061
594.38 10.0061
577.69 10.0061
561.01 10.0061
710.96 9.9727
694.25 9.9727
677.59 9.9727
660.91 9.9727
644.22 9.9727
627.54 9.9727
610.83 9.9727
594.15 9.9727
577.47 9.9727
560.78 9.9727
610.79 9.97246
594.10 9.97246
577.45 9.97246
560.76 9.97246
544.06 9.97246
527.40 9.97246
544.02 9.9524
527.34 9.9524
510.65 9.9524
493.97 9.9524
643.94 9.91492
627.26 9.91492
610.58 9.91492
593.89 9.91492
577.21 9.91492
560.50 9.91492
643.81 9.95206
627.15 9.95206
610.44 9.95206
593.76 9.95206
577.10 9.95206
560.42 9.95206
577.08 9.89506
560.39 9.89506
543.71 9.89506
527.03 9.89506
510.35 9.89506
493.66 9.89506
643.63 9.96472
626.94 9.96472
610.26 9.96472
593.58 9.96472
576.89 9.96472
560.21 9.96472
710.22 9.90602
693.53 9.90602
676.85 9.90602
660.17 9.90602
643.49 9.90602
626.80 9.90602
610.12 9.90602
593.41 9.90602
576.75 9.90602
560.07 9.90602
576.68 9.80275
559.98 9.80275
543.32 9.80275
526.63 9.80275
509.95 9.80275
493.27 9.80275
643.24 9.81263
626.56 9.81263
609.88 9.81263
593.20 9.81263
576.51 9.81263
559.83 9.81263
609.81 9.80546
593.13 9.80546
576.44 9.80546
559.76 9.80546
543.08 9.80546
526.37 9.80546
676.36 10.0659
659.65 10.0659
642.97 10.0659
626.29 10.0659
609.61 10.0659
592.95 10.0659
576.27 10.0659
559.58 10.0659
676.20 12.1713
659.54 12.1713
642.86 12.1713
626.17 12.1713
609.47 12.1713
592.81 12.1713
576.13 12.1713
559.45 12.1713
676.06 10.1356
659.38 10.1356
642.72 10.1356
626.01 10.1356
609.32 10.1356
592.67 10.1356
675.98 11.1921
659.30 11.1921
642.61 11.1921
625.93 11.1921
609.25 11.1921
592.56 11.1921
575.88 11.1921
559.20 11.1921
742.50 11.2306
725.82 11.2306
709.14 11.2306
692.45 11.2306
675.77 11.2306
659.09 11.2306
642.40 11.2306
625.72 11.2306
742.39 11.0599
725.71 11.0599
709.03 11.0599
692.34 11.0599
675.66 11.0599
658.98 11.0599
642.30 11.0599
625.61 11.0599
608.93 11.0599
592.25 11.0599
575.56 11.0599
558.88 11.0599
675.49 11.0535
658.84 11.0535
642.15 11.0535
625.47 11.0535
608.79 11.0535
592.11 11.0535
575.42 11.0535
558.74 11.0535
675.35 11.0123
658.67 11.0123
641.99 11.0123
625.30 11.0123
608.62 11.0123
591.94 11.0123
575.25 11.0123
558.57 11.0123
641.88 11.0764
625.18 11.0764
608.49 11.0764
591.80 11.0764
575.15 11.0764
558.44 11.0764
575.11 10.9728
558.43 10.9728
541.75 10.9728
525.09 10.9728
508.41 10.9728
491.73 10.9728
508.35 10.9232
491.65 10.9232
541.62 10.8241
524.96 10.8241
674.93 10.9082
658.25 10.9082
641.57 10.9082
624.91 10.9082
608.23 10.9082
591.55 10.9082
574.83 10.9082
558.18 10.9082
741.45 10.8693
724.74 10.8693
708.09 10.8693
691.37 10.8693
674.69 10.8693
658.01 10.8693
641.36 10.8693
624.67 10.8693
607.96 10.8693
591.28 10.8693
574.60 10.8693
557.91 10.8693
607.95 10.8894
591.24 10.8894
574.58 10.8894
557.90 10.8894
541.19 10.8894
524.53 10.8894
541.13 10.8675
524.44 10.8675
541.09 10.8129
524.40 10.8129
507.73 10.8129
491.07 10.8129
641.04 10.7411
624.33 10.7411
607.67 10.7411
590.99 10.7411
574.31 10.7411
557.60 10.7411
707.59 10.9233
690.89 10.9233
674.24 10.9233
657.53 10.9233
640.87 10.9233
624.19 10.9233
607.50 10.9233
590.82 10.9233
574.11 10.9233
557.43 10.9233
640.76 11.0393
624.08 11.0393
607.37 11.0393
590.71 11.0393
574.03 11.0393
557.35 11.0393
640.66 10.8312
623.93 10.8312
607.29 10.8312
590.61 10.8312
573.93 10.8312
557.24 10.8312
573.86 10.9755
557.18 10.9755
707.18 11.0459
690.52 11.0459
673.84 11.0459
657.13 11.0459
640.48 11.0459
623.79 11.0459
607.08 11.0459
590.40 11.0459
573.74 11.0459
557.06 11.0459
607.01 11.0082
590.35 11.0082
573.67 11.0082
556.96 11.0082
540.30 11.0082
523.59 11.0082
540.24 11.0155
523.56 11.0155
506.88 11.0155
490.17 11.0155
506.82 10.9977
490.13 10.9977
640.11 11.0229
623.45 11.0229
606.74 11.0229
590.06 11.0229
573.40 11.0229
556.72 11.0229
640.05 10.9058
623.37 10.9058
606.69 10.9058
590.00 10.9058
573.32 10.9058
556.64 10.9058
673.28 10.9155
656.59 10.9155
639.92 10.9155
623.20 10.9155
606.52 10.9155
589.86 10.9155
573.18 10.9155
556.50 10.9155
573.12 10.9888
556.44 10.9888
539.75 10.9888
523.07 10.9888
506.36 10.9888
489.68 10.9888
639.65 10.8793
622.99 10.8793
606.28 10.8793
589.63 10.8793
572.95 10.8793
556.26 10.8793
706.21 11.0576
689.55 11.0576
672.85 11.0576
656.16 11.0576
639.50 11.0576
622.82 11.0576
606.14 11.0576
589.46 11.0576
572.77 11.0576
556.09 11.0576
706.06 11.2553
689.38 11.2553
672.70 11.2553
655.99 11.2553
639.31 11.2553
622.65 11.2553
605.97 11.2553
589.25 11.2553
572.57 11.2553
555.92 11.2553
672.55 11.2443
655.87 11.2443
639.17 11.2443
622.48 11.2443
605.79 11.2443
589.11 11.2443
572.43 11.2443
555.77 11.2443
672.45 11.2735
655.76 11.2735
639.08 11.2735
622.40 11.2735
605.71 11.2735
589.03 11.2735
572.35 11.2735
555.66 11.2735
705.63 11.2225
688.95 11.2225
672.24 11.2225
655.55 11.2225
638.87 11.2225
622.19 11.2225
605.53 11.2225
588.85 11.2225
572.16 11.2225
555.46 11.2225
605.44 11.3747
588.73 11.3747
572.07 11.3747
555.36 11.3747
538.71 11.3747
522.02 11.3747
705.33 11.354
688.64 11.354
671.96 11.354
655.25 11.354
638.59 11.354
621.88 11.354
605.20 11.354
588.54 11.354
571.86 11.354
555.18 11.354
605.16 11.4963
588.48 11.4963
571.79 11.4963
555.08 11.4963
538.40 11.4963
521.72 11.4963
571.72 11.3308
555.01 11.3308
538.36 11.3308
521.67 11.3308
604.99 11.4147
588.31 11.4147
571.65 11.4147
554.97 11.4147
604.88 11.5944
588.21 11.5944
571.52 11.5944
554.84 11.5944
538.16 11.5944
521.48 11.5944
671.47 11.5036
654.79 11.5036
638.11 11.5036
621.45 11.5036
604.77 11.5036
588.09 11.5036
571.38 11.5036
554.72 11.5036
671.33 11.4687
654.62 11.4687
637.94 11.4687
621.25 11.4687
604.60 11.4687
587.91 11.4687
571.23 11.4687
554.55 11.4687
604.53 11.6016
587.85 11.6016
571.16 11.6016
554.48 11.6016
537.80 11.6016
521.12 11.6016
671.09 11.5508
654.40 11.5508
637.72 11.5508
621.04 11.5508
604.35 11.5508
587.67 11.5508
570.99 11.5508
554.30 11.5508
637.59 11.6498
620.91 11.6498
604.22 11.6498
587.57 11.6498
570.86 11.6498
554.20 11.6498
570.85 11.7076
554.16 11.7076
537.46 11.7076
520.80 11.7076
504.11 11.7076
487.40 11.7076
504.08 11.6844
487.37 11.6844
537.35 11.7335
520.67 11.7335
670.66 11.7734
654.01 11.7734
637.30 11.7734
620.62 11.7734
603.96 11.7734
587.25 11.7734
570.57 11.7734
553.91 11.7734
570.53 11.749
553.88 11.749
537.19 11.749
520.51 11.749
503.82 11.749
487.14 11.749
570.43 11.8261
553.75 11.8261
570.39 11.8591
553.71 11.8591
537.03 11.8591
520.35 11.8591
503.66 11.8591
486.98 11.8591
503.63 11.811
486.94 11.811
503.59 11.8144
486.91 11.8144
570.22 11.7997
553.53 11.7997
603.51 11.6478
586.83 11.6478
570.15 11.6478
553.47 11.6478
536.78 11.6478
520.10 11.6478
536.75 11.627
520.07 11.627
670.04 11.7856
653.35 11.7856
636.67 11.7856
619.99 11.7856
603.30 11.7856
586.62 11.7856
569.94 11.7856
553.26 11.7856
603.23 11.6602
586.58 11.6602
569.86 11.6602
553.21 11.6602
536.50 11.6602
519.82 11.6602
603.11 11.5223
586.45 11.5223
569.76 11.5223
553.08 11.5223
536.40 11.5223
519.72 11.5223
536.36 11.6123
519.68 11.6123
503.00 11.6123
486.31 11.6123
636.29 11.531
619.60 11.531
602.92 11.531
586.24 11.531
569.55 11.531
552.87 11.531
636.18 11.569
619.50 11.569
602.82 11.569
586.13 11.569
569.45 11.569
552.76 11.569
702.74 11.467
686.05 11.467
669.37 11.467
652.69 11.467
635.99 11.467
619.32 11.467
602.64 11.467
585.96 11.467
569.27 11.467
552.59 11.467
535.91 11.467
519.23 11.467
535.87 11.4863
519.19 11.4863
569.17 11.4131
552.49 11.4131
535.78 11.4131
519.12 11.4131
669.09 11.4704
652.41 11.4704
635.73 11.4704
619.04 11.4704
602.36 11.4704
585.68 11.4704
568.97 11.4704
552.29 11.4704
535.61 11.4704
518.92 11.4704
668.89 11.439
652.21 11.439
635.55 11.439
618.87 11.439
602.19 11.439
585.48 11.439
568.82 11.439
552.11 11.439
535.46 11.439
518.74 11.439
535.45 11.4821
518.74 11.4821
502.05 11.4821
485.39 11.4821
535.38 11.5214
518.67 11.5214
635.31 11.7241
618.60 11.7241
601.91 11.7241
585.26 11.7241
568.58 11.7241
551.89 11.7241
701.90 11.7271
685.22 11.7271
668.53 11.7271
651.85 11.7271
635.17 11.7271
618.46 11.7271
601.77 11.7271
585.09 11.7271
568.43 11.7271
551.75 11.7271
535.04 11.7271
518.36 11.7271
535.03 11.7088
518.32 11.7088
501.64 11.7088
484.96 11.7088
534.91 11.7653
518.25 11.7653
568.23 11.7338
551.51 11.7338
701.51 11.7826
684.80 11.7826
668.15 11.7826
651.47 11.7826
634.78 11.7826
618.10 11.7826
601.39 11.7826
584.73 11.7826
601.41 11.9055
584.70 11.9055
568.04 11.9055
551.33 11.9055
534.65 11.9055
517.99 11.9055
667.94 12.054
651.23 12.054
634.57 12.054
617.86 12.054
601.21 12.054
584.53 12.054
567.82 12.054
551.16 12.054
667.77 12.0037
651.12 12.0037
634.43 12.0037
617.75 12.0037
601.04 12.0037
584.39 12.0037
567.68 12.0037
551.02 12.0037
700.99 12.001
684.31 12.001
667.63 12.001
650.94 12.001
634.29 12.001
617.58 12.001
600.90 12.001
584.24 12.001
700.88 11.998
684.18 11.998
667.51 11.998
650.80 11.998
634.12 11.998
617.47 11.998
600.78 11.998
584.10 11.998
567.42 11.998
550.73 11.998
567.36 11.9942
550.70 11.9942
534.01 11.9942
517.33 11.9942
500.65 11.9942
483.94 11.9942
567.25 12.0379
550.57 12.0379
633.90 11.9386
617.19 11.9386
600.53 11.9386
583.83 11.9386
567.17 11.9386
550.46 11.9386
700.42 11.9849
683.75 11.9849
667.03 11.9849
650.38 11.9849
633.67 11.9849
617.01 11.9849
600.30 11.9849
583.62 11.9849
566.93 11.9849
550.25 11.9849
566.96 12.0565
550.25 12.0565
533.56 12.0565
516.88 12.0565
500.22 12.0565
483.51 12.0565
600.16 12.0195
583.50 12.0195
566.82 12.0195
716.76 12.0911
700.11 12.0911
683.40 12.0911
666.71 12.0911
650.06 12.0911
633.35 12.0911
616.69 12.0911
599.98 12.0911
583.30 12.0911
566.64 12.0911
549.93 12.0911
533.25 12.0911
549.90 12.1019
533.24 12.1019
583.22 12.1249
566.54 12.1249
549.86 12.1249
533.14 12.1249
549.79 12.0481
533.11 12.0481
516.45 12.0481
499.77 12.0481
649.72 12.0833
633.06 12.0833
616.35 12.0833
599.67 12.0833
583.01 12.0833
566.33 12.0833
549.65 12.0833
532.93 12.0833
549.59 12.0699
532.90 12.0699
516.22 12.0699
499.51 12.0699
616.18 11.9785
599.50 11.9785
582.81 11.9785
566.10 11.9785
616.08 12.0096
599.43 12.0096
582.74 12.0096
566.03 12.0096
549.38 12.0096
532.67 12.0096
649.31 11.9925
632.65 11.9925
615.94 11.9925
599.26 11.9925
582.58 11.9925
565.89 11.9925
549.24 11.9925
532.53 11.9925
649.22 12.0901
632.51 12.0901
615.86 12.0901
599.15 12.0901
582.46 12.0901
565.81 12.0901
549.12 12.0901
532.44 12.0901
515.73 12.0901
499.05 12.0901
482.39 12.0901
465.68 12.0901
449.02 12.0901
432.31 12.0901
415.66 12.0901
398.98 12.0901
382.29 12.0901
365.58 12.0901
348.93 12.0901
332.21 12.0901
415.55 11.9821
398.84 11.9821
382.19 11.9821
365.50 11.9821
348.82 11.9821
332.14 11.9821
348.75 12.0262
332.07 12.0262
315.39 12.0262
298.73 12.0262
382.01 11.9497
365.36 11.9497
415.28 11.9649
398.63 11.9649
381.95 11.9649
365.26 11.9649
348.55 11.9649
331.88 11.9649
381.88 11.9886
365.20 11.9886
348.54 11.9886
331.86 11.9886
348.48 11.9293
331.77 11.9293
315.08 11.9293
298.40 11.9293
348.41 11.9418
331.73 11.9418
315.07 11.9418
298.39 11.9418
315.01 11.9244
298.33 11.9244
314.99 11.872
298.31 11.872
281.63 11.872
264.95 11.872
314.90 11.8784
298.22 11.8784
314.87 11.8211
298.18 11.8211
348.16 11.8087
331.48 11.8087
314.77 11.8087
298.08 11.8087
348.12 11.8254
331.41 11.8254
314.76 11.8254
298.07 11.8254
314.72 11.863
298.04 11.863
314.69 11.7839
298.00 11.7839
347.95 11.7212
331.27 11.7212
347.89 11.8455
331.24 11.8455
314.55 11.8455
297.84 11.8455
347.85 11.8224
331.17 11.8224
314.46 11.8224
297.81 11.8224
347.81 11.8296
331.10 11.8296
314.44 11.8296
297.73 11.8296
314.38 11.7803
297.69 11.7803
314.31 11.8387
297.63 11.8387
347.64 11.8489
330.93 11.8489
314.25 11.8489
297.56 11.8489
347.57 11.8944
330.89 11.8944
314.20 11.8944
297.52 11.8944
314.17 11.8903
297.48 11.8903
347.46 11.9624
330.75 11.9624
314.10 11.9624
297.41 11.9624
314.09 11.9804
297.38 11.9804
314.03 12.0518
297.31 12.0518
347.33 11.9866
330.68 11.9866
347.29 12.0199
330.60 12.0199
313.92 12.0199
297.24 12.0199
313.89 11.97
297.20 11.97
313.88 11.9379
297.20 11.9379
313.82 11.9911
297.14 11.9911
280.46 11.9911
263.77 11.9911
280.42 11.9987
263.74 11.9987
313.74 11.992
297.06 11.992
280.38 11.992
263.66 11.992
313.64 12.0064
296.96 12.0064
346.97 11.9884
330.28 11.9884
346.91 11.9144
330.24 11.9144
313.57 11.9144
296.88 11.9144
346.86 11.8819
330.18 11.8819
313.50 11.8819
296.81 11.8819
280.13 11.8819
263.45 11.8819
313.40 11.9079
296.69 11.9079
280.01 11.9079
263.35 11.9079
313.33 11.9018
296.65 11.9018
346.62 11.9317
329.94 11.9317
313.26 11.9317
296.58 11.9317
313.22 11.8864
296.54 11.8864
279.84 11.8864
263.15 11.8864
313.16 12.0072
296.50 12.0072
279.79 12.0072
263.13 12.0072
279.75 12.036
263.10 12.036
379.71 12.0147
363.03 12.0147
346.31 12.0147
329.66 12.0147
346.28 11.9964
329.63 11.9964
312.94 11.9964
296.26 11.9964
312.94 11.9957
296.23 11.9957
312.88 11.9781
296.19 11.9781
312.81 11.982
296.16 11.982
312.77 11.9836
296.12 11.9836
312.76 11.9354
296.08 11.9354
312.74 11.9542
296.02 11.9542
312.70 11.9683
296.02 11.9683
346.00 11.9373
329.31 11.9373
345.99 12.0527
329.30 12.0527
312.62 12.0527
295.94 12.0527
312.56 11.9992
295.91 11.9992
312.55 12.0206
295.87 12.0206
345.83 11.9412
329.17 11.9412
379.12 11.9646
362.44 11.9646
345.75 11.9646
329.07 11.9646
379.05 11.9552
362.37 11.9552
345.68 11.9552
329.00 11.9552
345.65 12.0245
328.96 12.0245
312.28 12.0245
295.57 12.0245
312.22 12.0234
295.56 12.0234
312.23 12.0399
295.55 12.0399
345.47 12.0942
328.80 12.0942
378.81 12.0941
362.10 12.0941
345.44 12.0941
328.76 12.0941
345.41 12.1325
328.72 12.1325
312.06 12.1325
295.38 12.1325
312.00 12.0657
295.35 12.0657
311.97 12.1074
295.29 12.1074
311.93 12.1303
295.25 12.1303
311.90 12.161
295.21 12.161
345.19 12.1079
328.51 12.1079
378.52 12.1556
361.84 12.1556
345.15 12.1556
328.47 12.1556
378.45 12.2018
361.74 12.2018
345.08 12.2018
328.40 12.2018
345.01 12.2099
328.33 12.2099
311.62 12.2099
294.96 12.2099
311.59 12.2332
294.93 12.2332
311.55 12.3044
294.89 12.3044
344.85 12.3358
328.19 12.3358
378.15 12.2901
361.49 12.2901
344.78 12.2901
328.10 12.2901
378.13 12.2744
361.45 12.2744
344.76 12.2744
328.05 12.2744
344.70 12.2342
328.02 12.2342
311.31 12.2342
294.63 12.2342
311.30 12.2195
294.62 12.2195
311.26 12.1995
294.61 12.1995
344.56 12.2464
327.88 12.2464
377.88 12.2517
361.20 12.2517
344.49 12.2517
327.80 12.2517
377.76 12.2584
361.11 12.2584
344.39 12.2584
327.74 12.2584
344.41 12.392
327.73 12.392
311.05 12.392
294.36 12.392
310.99 12.4095
294.33 12.4095
377.59 12.4092
360.93 12.4092
344.25 12.4092
327.56 12.4092
377.57 12.3787
360.89 12.3787
344.18 12.3787
327.50 12.3787
377.47 12.3374
360.76 12.3374
344.08 12.3374
327.42 12.3374
344.10 12.2756
327.41 12.2756
310.73 12.2756
294.05 12.2756
310.67 12.3119
293.99 12.3119
310.67 12.475
293.98 12.475
343.91 12.5105
327.23 12.5105
310.54 12.5105
293.88 12.5105
343.88 12.6506
327.20 12.6506
377.18 12.6953
360.50 12.6953
343.82 12.6953
327.11 12.6953
710.40 12.6851
693.69 12.6851
677.01 12.6851
660.33 12.6851
677.03 12.6936
660.32 12.6936
643.66 12.6936
626.98 12.6936
610.27 12.6936
593.59 12.6936
576.90 12.6936
560.23 12.6936
610.17 12.719
593.51 12.719
576.80 12.719
560.12 12.719
676.79 12.7225
660.11 12.7225
643.42 12.7225
626.74 12.7225
643.38 12.7224
626.73 12.7224
643.33 12.7549
626.64 12.7549
609.96 12.7549
593.28 12.7549
643.28 12.763
626.60 12.763
643.25 12.7347
626.57 12.7347
743.24 12.742
726.56 12.742
843.19 12.7257
826.51 12.7257
843.11 12.7003
826.41 12.7003
809.74 12.7003
793.06 12.7003
776.37 12.7003
759.69 12.7003
743.01 12.7003
726.35 12.7003
809.66 12.6043
792.98 12.6043
776.30 12.6043
759.61 12.6043
909.58 12.5548
892.92 12.5548
876.21 12.5548
859.53 12.5548
842.88 12.5548
826.16 12.5548
842.81 12.6904
826.11 12.6904
809.42 12.6904
792.76 12.6904
776.08 12.6904
759.40 12.6904
909.37 12.5104
892.69 12.5104
876.01 12.5104
859.32 12.5104
842.62 12.5104
825.93 12.5104
875.91 12.5266
859.23 12.5266
842.54 12.5266
825.86 12.5266
809.20 12.5266
792.52 12.5266
875.86 12.4628
859.18 12.4628
842.50 12.4628
825.81 12.4628
809.13 12.4628
792.45 12.4628
809.04 12.5076
792.38 12.5076
842.36 12.4458
825.65 12.4458
808.99 12.4458
792.31 12.4458
842.32 12.5025
825.64 12.5025
808.93 12.5025
792.25 12.5025
808.90 12.4694
792.24 12.4694
775.55 12.4694
758.87 12.4694
808.85 12.4164
792.14 12.4164
775.48 12.4164
758.80 12.4164
808.75 12.3893
792.04 12.3893
775.38 12.3893
758.70 12.3893
808.71 12.4049
792.03 12.4049
841.98 12.4211
825.29 12.4211
808.61 12.4211
791.93 12.4211
808.57 12.4306
791.91 12.4306
775.23 12.4306
758.55 12.4306
808.48 12.3961
791.82 12.3961
775.14 12.3961
758.46 12.3961
808.47 12.5175
791.78 12.5175
775.10 12.5175
758.42 12.5175
808.40 12.4778
791.71 12.4778
841.66 12.514
824.98 12.514
808.30 12.514
791.61 12.514
808.26 12.4544
791.58 12.4544
774.89 12.4544
758.21 12.4544
774.88 12.3717
758.20 12.3717
741.51 12.3717
724.80 12.3717
774.79 12.3547
758.08 12.3547
841.40 12.3098
824.73 12.3098
808.05 12.3098
791.37 12.3098
841.35 12.2666
824.64 12.2666
807.96 12.2666
791.30 12.2666
807.95 12.24
791.26 12.24
774.58 12.24
757.92 12.24
807.88 12.3176
791.22 12.3176
774.54 12.3176
757.83 12.3176
807.81 12.3186
791.10 12.3186
774.43 12.3186
757.73 12.3186
807.74 12.29
791.03 12.29
841.03 12.2454
824.33 12.2454
807.67 12.2454
790.99 12.2454
807.61 12.2169
790.95 12.2169
774.24 12.2169
757.56 12.2169
807.57 12.2157
790.86 12.2157
774.20 12.2157
757.49 12.2157
740.81 12.2157
724.13 12.2157
707.44 12.2157
690.79 12.2157
707.45 12.2736
690.74 12.2736
674.09 12.2736
657.38 12.2736
674.03 12.3347
657.35 12.3347
640.64 12.3347
623.95 12.3347
673.93 12.3375
657.25 12.3375
640.57 12.3375
623.88 12.3375
673.93 12.3161
657.22 12.3161
640.53 12.3161
623.89 12.3161
640.49 12.369
623.80 12.369
607.12 12.369
590.44 12.369
640.45 12.3629
623.74 12.3629
673.68 12.3437
657.03 12.3437
640.32 12.3437
623.64 12.3437
673.64 12.3504
656.96 12.3504
640.30 12.3504
623.62 12.3504
673.60 12.3135
656.92 12.3135
640.24 12.3135
623.55 12.3135
640.17 12.3615
623.49 12.3615
606.80 12.3615
590.12 12.3615
640.10 12.3297
623.42 12.3297
673.42 12.2508
656.74 12.2508
640.06 12.2508
623.38 12.2508
606.69 12.2508
589.98 12.2508
639.96 12.2221
623.27 12.2221
606.59 12.2221
589.94 12.2221
639.90 12.1834
623.24 12.1834
639.85 12.1956
623.17 12.1956
606.49 12.1956
589.80 12.1956
639.79 12.1427
623.13 12.1427
606.43 12.1427
589.74 12.1427
639.71 12.18
623.06 12.18
606.35 12.18
589.69 12.18
639.64 12.2128
622.96 12.2128
606.28 12.2128
589.60 12.2128
639.55 12.2868
622.87 12.2868
639.52 12.2044
622.84 12.2044
606.14 12.2044
589.47 12.2044
639.51 12.2166
622.79 12.2166
606.14 12.2166
589.46 12.2166
639.44 12.1324
622.73 12.1324
606.05 12.1324
589.39 12.1324
639.31 12.0734
622.62 12.0734
605.94 12.0734
589.26 12.0734
605.91 12.0934
589.25 12.0934
605.87 12.085
589.22 12.085
605.87 12.0548
589.18 12.0548
639.16 12.0829
622.48 12.0829
605.82 12.0829
589.11 12.0829
639.11 12.0381
622.41 12.0381
605.72 12.0381
589.03 12.0381
639.01 11.9525
622.36 11.9525
605.68 11.9525
588.97 11.9525
638.92 11.9986
622.24 11.9986
638.94 11.8757
622.23 11.8757
605.54 11.8757
588.89 11.8757
638.84 11.9802
622.16 11.9802
605.45 11.9802
588.76 11.9802
638.77 11.8364
622.06 11.8364
605.38 11.8364
588.72 11.8364
638.70 11.758
622.02 11.758
605.31 11.758
588.65 11.758
638.63 11.7329
621.95 11.7329
638.60 11.796
621.89 11.796
605.21 11.796
588.55 11.796
638.53 11.7406
621.82 11.7406
605.16 11.7406
588.46 11.7406
638.46 11.8747
621.75 11.8747
605.07 11.8747
588.39 11.8747
638.39 11.8501
621.74 11.8501
605.03 11.8501
588.37 11.8501
605.01 11.892
588.30 11.892
638.26 11.95
621.57 11.95
604.91 11.95
588.23 11.95
638.19 11.9337
621.50 11.9337
604.82 11.9337
588.16 11.9337
638.15 11.9654
621.46 11.9654
604.78 11.9654
588.10 11.9654
638.07 12.1366
621.39 12.1366
604.71 12.1366
588.02 12.1366
638.01 12.2223
621.32 12.2223
604.64 12.2223
587.96 12.2223
604.61 12.1789
587.92 12.1789
571.24 12.1789
554.56 12.1789
571.20 12.2074
554.52 12.2074
571.17 12.2286
554.49 12.2286
604.46 12.2926
587.78 12.2926
637.79 12.2883
621.11 12.2883
604.42 12.2883
587.74 12.2883
637.66 12.2559
620.97 12.2559
604.32 12.2559
587.61 12.2559
604.26 12.2808
587.58 12.2808
570.89 12.2808
554.24 12.2808
570.86 12.3227
554.20 12.3227
570.88 12.3818
554.20 12.3818
604.18 12.3361
587.50 12.3361
637.45 12.3059
620.76 12.3059
604.08 12.3059
587.40 12.3059
637.40 12.3022
620.72 12.3022
604.03 12.3022
587.33 12.3022
603.98 12.1914
587.26 12.1914
570.61 12.1914
553.92 12.1914
603.92 12.082
587.24 12.082
570.56 12.082
553.88 12.082
603.83 12.0731
587.18 12.0731
637.16 12.0882
620.48 12.0882
603.76 12.0882
587.09 12.0882
637.06 12.0516
620.35 12.0516
603.70 12.0516
586.99 12.0516
603.66 12.0374
586.99 12.0374
570.33 12.0374
553.64 12.0374
603.57 12.0781
586.91 12.0781
570.23 12.0781
553.51 12.0781
603.48 11.9899
586.81 11.9899
636.79 11.9817
620.11 11.9817
603.42 11.9817
586.77 11.9817
636.72 11.9201
620.03 11.9201
603.38 11.9201
586.70 11.9201
603.32 11.9116
586.66 11.9116
569.98 11.9116
553.29 11.9116
569.92 11.8952
553.26 11.8952
569.91 11.9008
553.23 11.9008
603.18 11.8517
586.52 11.8517
636.50 11.9842
619.82 11.9842
603.13 11.9842
586.45 11.9842
636.40 11.9351
619.75 11.9351
603.06 11.9351
586.36 11.9351
603.03 11.9835
586.35 11.9835
569.69 11.9835
553.01 11.9835
602.95 11.9885
586.27 11.9885
569.61 11.9885
552.93 11.9885
602.92 11.9625
586.23 11.9625
636.19 12.0127
619.50 12.0127
602.82 12.0127
586.14 12.0127
636.12 11.9548
619.43 11.9548
602.75 11.9548
586.07 11.9548
602.74 11.9267
586.06 11.9267
569.38 11.9267
552.69 11.9267
569.34 11.8613
552.66 11.8613
569.30 11.8442
552.58 11.8442
602.57 11.8594
585.91 11.8594
635.87 11.7665
619.19 11.7665
602.50 11.7665
585.82 11.7665
635.83 11.7861
619.12 11.7861
602.46 11.7861
585.78 11.7861
602.43 11.8213
585.72 11.8213
569.06 11.8213
552.38 11.8213
568.97 11.7338
552.32 11.7338
568.99 11.7858
552.31 11.7858
602.24 11.6986
585.58 11.6986
635.56 11.718
618.87 11.718
602.19 11.718
585.51 11.718
635.46 11.9718
618.78 11.9718
602.10 11.9718
585.41 11.9718
602.06 11.9183
585.38 11.9183
568.72 11.9183
552.01 11.9183
601.99 11.9468
585.33 11.9468
568.62 11.9468
551.96 11.9468
601.95 11.9842
585.29 11.9842
635.22 11.9442
618.53 11.9442
601.88 11.9442
585.19 11.9442
635.14 11.7577
618.49 11.7577
601.80 11.7577
585.09 11.7577
568.41 11.7577
551.75 11.7577
568.43 11.7625
551.72 11.7625
601.67 11.7062
584.99 11.7062
568.33 11.7062
551.62 11.7062
601.64 11.8454
584.96 11.8454
568.26 11.8454
551.61 11.8454
534.93 11.8454
518.24 11.8454
568.22 11.8607
551.54 11.8607
601.52 11.8193
584.80 11.8193
568.15 11.8193
551.44 11.8193
568.09 11.8431
551.38 11.8431
601.41 11.739
584.71 11.739
568.02 11.739
551.36 11.739
534.66 11.739
518.00 11.739
567.98 11.7973
551.29 11.7973
601.22 11.8013
584.56 11.8013
567.86 11.8013
551.20 11.8013
601.18 11.8015
584.47 11.8015
567.81 11.8015
551.10 11.8015
567.78 11.7862
551.09 11.7862
601.07 11.8604
584.42 11.8604
567.74 11.8604
551.05 11.8604
601.03 11.8934
584.33 11.8934
567.66 11.8934
550.95 11.8934
600.92 11.8988
584.24 11.8988
567.59 11.8988
550.88 11.8988
600.84 11.9143
584.15 11.9143
567.47 11.9143
550.79 11.9143
567.46 11.9069
550.76 11.9069
534.10 11.9069
517.41 11.9069
567.39 11.8838
550.68 11.8838
700.65 12.0593
683.97 12.0593
667.31 12.0593
650.60 12.0593
633.92 12.0593
617.27 12.0593
600.58 12.0593
583.87 12.0593
633.88 11.9912
617.17 11.9912
600.49 11.9912
583.83 11.9912
567.15 11.9912
550.46 11.9912
633.81 11.8357
617.12 11.8357
600.41 11.8357
583.73 11.8357
733.70 11.9263
717.04 11.9263
700.33 11.9263
683.65 11.9263
666.96 11.9263
650.28 11.9263
633.60 11.9263
616.91 11.9263
600.26 11.9263
583.55 11.9263
600.17 11.8115
583.49 11.8115
566.80 11.8115
550.15 11.8115
600.13 11.7315
583.42 11.7315
666.75 11.7245
650.07 11.7245
633.41 11.7245
616.71 11.7245
600.02 11.7245
583.34 11.7245
666.65 11.6982
649.94 11.6982
633.28 11.6982
616.60 11.6982
599.92 11.6982
583.21 11.6982
599.88 11.8584
583.20 11.8584
566.52 11.8584
549.84 11.8584
699.84 11.8087
683.15 11.8087
666.47 11.8087
649.79 11.8087
633.07 11.8087
616.42 11.8087
599.71 11.8087
583.06 11.8087
599.70 11.8044
583.02 11.8044
599.65 11.7086
582.99 11.7086
566.27 11.7086
549.62 11.7086
532.91 11.7086
516.25 11.7086
666.17 11.8707
649.51 11.8707
632.83 11.8707
616.15 11.8707
599.46 11.8707
582.78 11.8707
699.42 11.8451
682.72 11.8451
666.03 11.8451
649.37 11.8451
632.66 11.8451
616.00 11.8451
599.32 11.8451
582.64 11.8451
765.97 11.9324
749.29 11.9324
732.60 11.9324
715.92 11.9324
699.24 11.9324
682.55 11.9324
665.87 11.9324
649.19 11.9324
632.50 11.9324
615.82 11.9324
799.13 11.9157
782.45 11.9157
765.76 11.9157
749.08 11.9157
732.40 11.9157
715.71 11.9157
699.03 11.9157
682.35 11.9157
665.66 11.9157
648.98 11.9157
632.30 11.9157
682.28 11.97
665.59 11.97
648.91 11.97
632.22 11.97
615.54 11.97
598.86 11.97
582.15 11.97
565.49 11.97
715.41 11.9308
698.76 11.9308
682.05 11.9308
665.36 11.9308
648.68 11.9308
632.03 11.9308
615.34 11.9308
598.66 11.9308
615.31 11.8412
598.63 11.8412
581.94 11.8412
565.26 11.8412
548.58 11.8412
531.89 11.8412
681.89 11.8448
665.21 11.8448
648.53 11.8448
631.85 11.8448
715.15 11.789
698.47 11.789
681.76 11.789
665.08 11.789
648.39 11.789
631.71 11.789
615.02 11.789
598.34 11.789
714.96 11.9473
698.27 11.9473
681.59 11.9473
664.94 11.9473
648.25 11.9473
631.54 11.9473
614.86 11.9473
598.18 11.9473
614.88 11.9162
598.20 11.9162
748.14 11.9077
731.43 11.9077
714.77 11.9077
698.09 11.9077
681.41 11.9077
664.70 11.9077
648.02 11.9077
631.33 11.9077
814.66 11.8739
797.98 11.8739
781.30 11.8739
764.61 11.8739
747.93 11.8739
731.27 11.8739
714.57 11.8739
697.91 11.8739
681.23 11.8739
664.54 11.8739
647.86 11.8739
631.15 11.8739
681.10 11.7634
664.44 11.7634
647.74 11.7634
631.05 11.7634
614.37 11.7634
597.71 11.7634
581.00 11.7634
564.35 11.7634
680.97 11.7184
664.31 11.7184
647.62 11.7184
630.92 11.7184
714.28 11.6836
697.57 11.6836
680.91 11.6836
664.21 11.6836
647.52 11.6836
630.87 11.6836
614.18 11.6836
597.47 11.6836
647.45 11.6679
630.74 11.6679
614.08 11.6679
597.40 11.6679
580.72 11.6679
564.03 11.6679
680.65 11.9779
663.99 11.9779
647.31 11.9779
630.63 11.9779
613.95 11.9779
597.24 11.9779
613.87 12.0834
597.23 12.0834
580.53 12.0834
563.86 12.0834
547.18 12.0834
530.48 12.0834
580.48 12.1334
563.76 12.1334
580.44 12.1306
563.76 12.1306
547.08 12.1306
530.42 12.1306
680.37 12.1826
663.71 12.1826
647.00 12.1826
630.34 12.1826
613.66 12.1826
596.97 12.1826
780.27 12.3435
763.59 12.3435
746.88 12.3435
730.22 12.3435
713.54 12.3435
696.86 12.3435
680.17 12.3435
663.49 12.3435
646.81 12.3435
630.12 12.3435
613.44 12.3435
596.76 12.3435
780.04 12.5813
763.36 12.5813
746.67 12.5813
729.99 12.5813
713.28 12.5813
696.62 12.5813
679.94 12.5813
663.26 12.5813
646.57 12.5813
629.89 12.5813
613.18 12.5813
596.52 12.5813
779.83 12.3749
763.12 12.3749
746.46 12.3749
729.75 12.3749
713.10 12.3749
696.41 12.3749
679.73 12.3749
663.05 12.3749
646.37 12.3749
629.66 12.3749
612.97 12.3749
596.29 12.3749
779.59 12.4449
762.91 12.4449
746.23 12.4449
729.56 12.4449
712.86 12.4449
696.18 12.4449
679.52 12.4449
662.84 12.4449
646.16 12.4449
629.45 12.4449
612.79 12.4449
596.11 12.4449
779.43 12.3511
762.75 12.3511
746.04 12.3511
729.36 12.3511
712.70 12.3511
696.02 12.3511
679.34 12.3511
662.65 12.3511
645.97 12.3511
629.26 12.3511
612.60 12.3511
595.92 12.3511
779.17 12.2055
762.52 12.2055
745.84 12.2055
729.15 12.2055
712.47 12.2055
695.78 12.2055
679.10 12.2055
662.42 12.2055
645.71 12.2055
629.03 12.2055
612.37 12.2055
595.69 12.2055
779.02 12.372
762.34 12.372
745.65 12.372
728.97 12.372
712.29 12.372
695.60 12.372
678.90 12.372
662.21 12.372
645.53 12.372
628.87 12.372
612.16 12.372
595.50 12.372
612.10 12.2086
595.44 12.2086
578.73 12.2086
562.07 12.2086
545.36 12.2086
528.68 12.2086
545.35 12.1406
528.68 12.1406
645.28 12.1089
628.63 12.1089
611.95 12.1089
595.23 12.1089
645.27 12.0994
628.56 12.0994
611.91 12.0994
595.19 12.0994
578.52 12.0994
561.84 12.0994
711.82 12.134
695.11 12.134
678.44 12.134
661.77 12.134
645.09 12.134
628.41 12.134
611.73 12.134
595.04 12.134
645.00 12.3181
628.29 12.3181
611.64 12.3181
594.92 12.3181
578.25 12.3181
561.56 12.3181
644.89 12.38
628.19 12.38
611.53 12.38
594.82 12.38
578.13 12.38
561.45 12.38
578.10 12.5656
561.44 12.5656
544.74 12.5656
528.05 12.5656
511.37 12.5656
494.71 12.5656
478.00 12.5656
461.35 12.5656
644.65 12.6392
627.97 12.6392
611.29 12.6392
594.58 12.6392
577.92 12.6392
561.24 12.6392
577.91 12.6632
561.20 12.6632
544.55 12.6632
527.87 12.6632
511.15 12.6632
494.46 12.6632
544.42 12.6568
527.74 12.6568
544.42 12.6844
527.74 12.6844
511.06 12.6844
494.38 12.6844
611.01 12.6988
594.32 12.6988
577.67 12.6988
560.96 12.6988
644.27 12.7601
627.61 12.7601
610.93 12.7601
594.25 12.7601
577.56 12.7601
560.86 12.7601
577.50 12.7689
560.82 12.7689
544.14 12.7689
527.45 12.7689
510.77 12.7689
494.06 12.7689
510.73 12.7733
494.07 12.7733
544.05 12.7982
527.37 12.7982
644.01 12.7689
627.33 12.7689
610.64 12.7689
593.96 12.7689
577.25 12.7689
560.60 12.7689
677.19 12.7703
660.50 12.7703
643.82 12.7703
627.14 12.7703
610.48 12.7703
593.80 12.7703
577.09 12.7703
560.40 12.7703
577.08 12.8023
560.40 12.8023
710.37 12.6435
693.68 12.6435
677.03 12.6435
660.35 12.6435
643.66 12.6435
626.95 12.6435
610.29 12.6435
593.61 12.6435
576.90 12.6435
560.21 12.6435
610.20 12.7623
593.54 12.7623
576.86 12.7623
560.18 12.7623
543.49 12.7623
526.81 12.7623
543.41 12.7765
526.75 12.7765
510.04 12.7765
493.38 12.7765
643.38 12.7019
626.68 12.7019
610.00 12.7019
593.31 12.7019
576.63 12.7019
559.97 12.7019
576.60 12.8627
559.93 12.8627
543.26 12.8627
526.57 12.8627
509.86 12.8627
493.20 12.8627
509.85 12.7884
493.14 12.7884
609.78 12.9368
593.10 12.9368
576.42 12.9368
559.74 12.9368
576.38 12.93
559.70 12.93
543.02 12.93
526.33 12.93
676.33 13.0713
659.65 13.0713
642.94 13.0713
626.28 13.0713
609.60 13.0713
592.89 13.0713
576.23 13.0713
559.55 13.0713
576.14 12.9397
559.49 12.9397
542.78 12.9397
526.12 12.9397
509.44 12.9397
492.76 12.9397
542.73 12.7678
526.05 12.7678
509.37 12.7678
492.66 12.7678
476.00 12.7678
459.32 12.7678
442.63 12.7678
425.93 12.7678
409.27 12.7678
392.58 12.7678
375.90 12.7678
359.19 12.7678
375.84 12.8312
359.19 12.8312
342.47 12.8312
325.82 12.8312
309.11 12.8312
292.45 12.8312
275.75 12.8312
259.09 12.8312
275.74 12.8146
259.05 12.8146
442.33 12.9434
425.65 12.9434
408.99 12.9434
392.28 12.9434
375.62 12.9434
358.94 12.9434
342.26 12.9434
325.58 12.9434
308.87 12.9434
292.21 12.9434
275.53 12.9434
258.84 12.9434
275.49 13.4905
258.81 13.4905
242.13 13.4905
225.45 13.4905
208.76 13.4905
192.08 13.4905
242.03 13.3833
225.35 13.3833
208.69 13.3833
191.99 13.3833
341.98 13.0068
325.30 13.0068
308.61 13.0068
291.90 13.0068
275.25 13.0068
258.57 13.0068
275.21 12.979
258.50 12.979
241.84 12.979
225.16 12.979
208.48 12.979
191.79 12.979
275.11 13.5528
258.43 13.5528
275.04 13.6236
258.39 13.6236
241.68 13.6236
225.00 13.6236
208.31 13.6236
191.63 13.6236
208.33 13.7173
191.65 13.7173
374.93 13.6858
358.24 13.6858
341.55 13.6858
324.88 13.6858
308.18 13.6858
291.49 13.6858
274.80 13.6858
258.15 13.6858
274.79 13.5823
258.11 13.5823
241.45 13.5823
224.74 13.5823
208.09 13.5823
191.40 13.5823
241.36 13.6741
224.65 13.6741
274.63 13.649
257.97 13.649
241.29 13.649
224.61 13.649
407.93 13.7909
391.26 13.7909
374.57 13.7909
357.89 13.7909
341.18 13.7909
324.53 13.7909
307.84 13.7909
291.13 13.7909
274.48 13.7909
257.79 13.7909
407.73 13.7339
391.02 13.7339
374.34 13.7339
357.68 13.7339
340.98 13.7339
324.32 13.7339
307.61 13.7339
290.95 13.7339
274.24 13.7339
257.59 13.7339
274.24 13.7932
257.55 13.7932
240.87 13.7932
224.19 13.7932
374.18 14.0572
357.50 14.0572
340.79 14.0572
324.10 14.0572
307.42 14.0572
290.74 14.0572
274.05 14.0572
257.37 14.0572
374.02 13.7103
357.34 13.7103
340.65 13.7103
323.97 13.7103
307.29 13.7103
290.60 13.7103
273.92 13.7103
257.24 13.7103
273.92 13.8907
257.23 13.8907
240.55 13.8907
223.87 13.8907
207.18 13.8907
190.48 13.8907
240.47 14.2777
223.79 14.2777
373.76 13.7834
357.08 13.7834
340.39 13.7834
323.69 13.7834
307.03 13.7834
290.34 13.7834
273.66 13.7834
256.98 13.7834
306.96 13.6117
290.28 13.6117
273.60 13.6117
256.91 13.6117
240.20 13.6117
223.53 13.6117
340.15 13.6992
323.46 13.6992
306.77 13.6992
290.09 13.6992
273.41 13.6992
256.73 13.6992
306.76 13.6508
290.07 13.6508
273.39 13.6508
256.68 13.6508
240.00 13.6508
223.32 13.6508
273.26 14.2698
256.61 14.2698
239.90 14.2698
223.24 14.2698
306.56 14.4313
289.89 14.4313
273.19 14.4313
256.50 14.4313
273.13 14.2765
256.47 14.2765
239.79 14.2765
223.10 14.2765
206.42 14.2765
189.71 14.2765
206.38 14.4271
189.67 14.4271
306.37 14.5291
289.69 14.5291
272.98 14.5291
256.32 14.5291
272.94 14.4157
256.29 14.4157
239.57 14.4157
222.92 14.4157
206.22 14.4157
189.55 14.4157
339.47 14.5187
322.79 14.5187
306.13 14.5187
289.45 14.5187
272.77 14.5187
256.06 14.5187
272.73 14.3441
256.02 14.3441
239.37 14.3441
222.68 14.3441
206.00 14.3441
189.29 14.3441
339.31 14.3768
322.60 14.3768
305.92 14.3768
289.24 14.3768
272.58 14.3768
255.90 14.3768
272.52 14.2423
255.86 14.2423
239.18 14.2423
222.50 14.2423
205.79 14.2423
189.13 14.2423
339.08 14.3464
322.36 14.3464
305.71 14.3464
289.03 14.3464
272.35 14.3464
255.66 14.3464
272.32 14.3957
255.61 14.3957
238.96 14.3957
222.25 14.3957
205.56 14.3957
188.91 14.3957
338.87 14.4486
322.21 14.4486
305.51 14.4486
288.85 14.4486
272.14 14.4486
255.48 14.4486
272.13 14.36
255.43 14.36
238.77 14.36
222.08 14.36
205.40 14.36
188.72 14.36
338.68 14.3103
322.00 14.3103
305.32 14.3103
288.63 14.3103
271.95 14.3103
255.27 14.3103
305.22 14.3841
288.54 14.3841
271.86 14.3841
255.17 14.3841
238.49 14.3841
221.81 14.3841
205.09 14.3841
188.44 14.3841
305.07 13.9967
288.38 13.9967
271.70 13.9967
255.02 13.9967
371.68 13.5632
354.96 13.5632
338.29 13.5632
321.60 13.5632
304.92 13.5632
288.23 13.5632
271.55 13.5632
254.87 13.5632
304.85 13.4025
288.16 13.4025
271.51 13.4025
254.82 13.4025
238.14 13.4025
221.43 13.4025
371.40 14.1127
354.72 14.1127
338.07 14.1127
321.38 14.1127
304.67 14.1127
287.99 14.1127
271.31 14.1127
254.63 14.1127
304.60 14.167
287.95 14.167
271.23 14.167
254.55 14.167
237.90 14.167
221.21 14.167
204.53 14.167
187.85 14.167
271.13 13.5379
254.45 13.5379
304.43 14.1294
287.77 14.1294
271.06 14.1294
254.38 14.1294
237.70 14.1294
221.04 14.1294
404.32 14.2727
387.66 14.2727
370.95 14.2727
354.26 14.2727
337.61 14.2727
320.90 14.2727
304.24 14.2727
287.54 14.2727
270.88 14.2727
254.17 14.2727
304.18 14.2342
287.47 14.2342
270.78 14.2342
254.13 14.2342
237.42 14.2342
220.76 14.2342
204.05 14.2342
187.39 14.2342
204.07 14.2687
187.39 14.2687
270.69 14.2801
254.00 14.2801
437.26 14.4132
420.58 14.4132
403.90 14.4132
387.22 14.4132
370.56 14.4132
353.88 14.4132
337.19 14.4132
320.48 14.4132
303.80 14.4132
287.12 14.4132
270.46 14.4132
253.75 14.4132
270.40 14.3593
253.74 14.3593
237.06 14.3593
220.38 14.3593
203.69 14.3593
186.99 14.3593
270.29 14.277
253.62 14.277
270.26 14.3193
253.57 14.3193
236.92 14.3193
220.24 14.3193
336.88 14.3531
320.17 14.3531
303.51 14.3531
286.83 14.3531
270.12 14.3531
253.46 14.3531
270.08 14.5526
253.43 14.5526
236.75 14.5526
220.03 14.5526
203.38 14.5526
186.70 14.5526
236.67 14.538
219.97 14.538
369.96 14.5487
353.28 14.5487
336.60 14.5487
319.91 14.5487
303.20 14.5487
286.52 14.5487
269.83 14.5487
253.18 14.5487
436.49 14.6041
419.77 14.6041
403.12 14.6041
386.44 14.6041
369.75 14.6041
353.04 14.6041
336.38 14.6041
319.67 14.6041
303.02 14.6041
286.34 14.6041
269.65 14.6041
252.97 14.6041
436.27 14.4729
419.59 14.4729
402.91 14.4729
386.23 14.4729
369.54 14.4729
352.86 14.4729
336.18 14.4729
319.50 14.4729
302.81 14.4729
286.13 14.4729
269.42 14.4729
252.73 14.4729
436.06 14.2258
419.38 14.2258
402.67 14.2258
385.99 14.2258
369.31 14.2258
352.65 14.2258
335.96 14.2258
319.28 14.2258
302.60 14.2258
285.91 14.2258
269.23 14.2258
252.55 14.2258
369.23 11.0662
352.54 11.0662
335.86 11.0662
319.18 11.0662
302.50 11.0662
285.82 11.0662
269.13 11.0662
252.45 11.0662
369.06 11.6613
352.37 11.6613
335.69 11.6613
319.00 11.6613
302.32 11.6613
285.64 11.6613
268.96 11.6613
252.27 11.6613
285.59 12.8722
268.90 12.8722
252.22 12.8722
235.54 12.8722
218.82 12.8722
202.17 12.8722
202.15 13.1423
185.47 13.1423
318.75 13.2237
302.09 13.2237
285.41 13.2237
268.73 13.2237
302.01 13.4861
285.33 13.4861
268.65 13.4861
251.97 13.4861
235.28 13.4861
218.62 13.4861
401.93 14.8636
385.22 14.8636
368.56 14.8636
351.88 14.8636
335.20 14.8636
318.49 14.8636
301.83 14.8636
285.14 14.8636
268.44 14.8636
251.78 14.8636
368.42 14.7883
351.71 14.7883
335.03 14.7883
318.34 14.7883
301.69 14.7883
285.01 14.7883
268.32 14.7883
251.61 14.7883
334.95 15.2652
318.27 15.2652
301.56 15.2652
284.87 15.2652
268.22 15.2652
251.53 15.2652
434.85 14.7965
418.17 14.7965
401.48 14.7965
384.80 14.7965
368.10 14.7965
351.43 14.7965
334.75 14.7965
318.07 14.7965
301.38 14.7965
284.70 14.7965
268.02 14.7965
251.34 14.7965
351.33 14.8094
334.65 14.8094
317.94 14.8094
301.25 14.8094
284.60 14.8094
267.89 14.8094
284.54 15.1708
267.86 15.1708
251.17 15.1708
234.49 15.1708
217.81 15.1708
201.10 15.1708
351.07 15.0814
334.39 15.0814
317.73 15.0814
301.04 15.0814
284.34 15.0814
267.65 15.0814
284.30 14.8531
267.64 14.8531
250.94 14.8531
234.25 14.8531
217.57 14.8531
200.91 14.8531
217.56 14.9385
200.88 14.9385
234.22 14.9625
217.54 14.9625
384.14 15.2015
367.46 15.2015
350.78 15.2015
334.10 15.2015
317.39 15.2015
300.73 15.2015
284.05 15.2015
267.36 15.2015
267.34 15.1385
250.69 15.1385
233.98 15.1385
217.32 15.1385
200.63 15.1385
183.96 15.1385
200.55 15.3599
183.90 15.3599
350.51 14.6946
333.85 14.6946
317.14 14.6946
300.49 14.6946
283.78 14.6946
267.10 14.6946
350.43 15.4058
333.75 15.4058
317.06 15.4058
300.40 15.4058
283.72 15.4058
267.04 15.4058
333.68 15.2026
316.97 15.2026
300.29 15.2026
283.63 15.2026
266.92 15.2026
250.24 15.2026
300.24 15.0218
283.53 15.0218
266.88 15.0218
250.19 15.0218
233.48 15.0218
216.80 15.0218
416.75 15.1068
400.09 15.1068
383.41 15.1068
366.73 15.1068
350.02 15.1068
333.34 15.1068
316.68 15.1068
300.00 15.1068
283.29 15.1068
266.63 15.1068
299.94 15.2633
283.24 15.2633
266.56 15.2633
249.90 15.2633
233.21 15.2633
216.53 15.2633
333.18 15.3654
316.50 15.3654
299.83 15.3654
283.15 15.3654
266.47 15.3654
249.79 15.3654
233.07 15.3654
216.39 15.3654
399.70 15.2683
383.01 15.2683
366.33 15.2683
349.64 15.2683
332.94 15.2683
316.28 15.2683
299.60 15.2683
282.91 15.2683
266.23 15.2683
249.55 15.2683
332.84 15.253
316.17 15.253
299.49 15.253
282.81 15.253
266.12 15.253
249.44 15.253
232.75 15.253
216.07 15.253
416.07 15.0622
399.39 15.0622
382.71 15.0622
366.02 15.0622
349.34 15.0622
332.66 15.0622
315.98 15.0622
299.29 15.0622
282.61 15.0622
265.93 15.0622
349.23 15.196
332.55 15.196
315.87 15.196
299.18 15.196
282.50 15.196
265.82 15.196
365.79 15.4202
349.11 15.4202
332.42 15.4202
315.74 15.4202
299.06 15.4202
282.38 15.4202
265.69 15.4202
249.01 15.4202
348.96 15.3359
332.28 15.3359
315.60 15.3359
298.91 15.3359
282.23 15.3359
265.54 15.3359
248.86 15.3359
248.84 15.3855
232.16 15.3855
332.17 15.2542
315.48 15.2542
298.77 15.2542
282.12 15.2542
298.74 15.2094
282.03 15.2094
265.37 15.2094
248.69 15.2094
231.97 15.2094
215.30 15.2094
215.31 15.0218
198.60 15.0218
181.94 15.0218
231.95 15.105
215.27 15.105
198.58 15.105
365.19 14.9716
348.51 14.9716
331.82 14.9716
315.14 14.9716
298.46 14.9716
281.75 14.9716
431.72 15.1929
415.04 15.1929
398.38 15.1929
381.70 15.1929
364.99 15.1929
348.30 15.1929
331.65 15.1929
314.94 15.1929
298.28 15.1929
281.59 15.1929
298.27 15.3118
281.59 15.3118
264.91 15.3118
248.23 15.3118
231.52 15.3118
214.86 15.3118
214.84 15.2962
198.16 15.2962
348.11 15.2324
331.43 15.2324
314.74 15.2324
298.06 15.2324
281.38 15.2324
264.66 15.2324
464.66 15.1232
447.95 15.1232
431.29 15.1232
414.61 15.1232
397.93 15.1232
381.25 15.1232
364.56 15.1232
347.88 15.1232
331.17 15.1232
314.49 15.1232
297.83 15.1232
281.15 15.1232
297.82 15.4957
281.14 15.4957
264.45 15.4957
247.74 15.4957
231.09 15.4957
214.38 15.4957
197.69 15.4957
181.04 15.4957
364.31 15.3086
347.60 15.3086
330.92 15.3086
314.26 15.3086
297.58 15.3086
280.87 15.3086
364.18 15.426
347.52 15.426
330.84 15.426
314.16 15.426
297.45 15.426
280.77 15.426
314.11 15.2471
297.40 15.2471
280.71 15.2471
264.06 15.2471
247.38 15.2471
230.69 15.2471
247.37 15.3741
230.69 15.3741
214.00 15.3741
197.32 15.3741
313.96 15.367
297.28 15.367
280.59 15.367
263.91 15.367
313.89 15.2481
297.21 15.2481
280.52 15.2481
263.84 15.2481
247.16 15.2481
230.47 15.2481
413.78 15.1775
397.09 15.1775
380.41 15.1775
363.73 15.1775
347.05 15.1775
330.36 15.1775
313.68 15.1775
297.00 15.1775
280.31 15.1775
263.63 15.1775
313.56 15.2607
296.90 15.2607
280.21 15.2607
263.53 15.2607
246.82 15.2607
230.14 15.2607
263.45 15.3943
246.80 15.3943
230.09 15.3943
213.41 15.3943
313.38 15.2605
296.70 15.2605
280.02 15.2605
263.33 15.2605
280.01 15.2811
263.32 15.2811
246.61 15.2811
229.93 15.2811
213.27 15.2811
196.59 15.2811
346.53 15.4211
329.88 15.4211
313.20 15.4211
296.52 15.4211
279.83 15.4211
263.15 15.4211
413.15 15.4155
396.46 15.4155
379.78 15.4155
363.10 15.4155
346.42 15.4155
329.73 15.4155
313.05 15.4155
296.37 15.4155
279.69 15.4155
263.00 15.4155
396.27 15.4047
379.60 15.4047
362.89 15.4047
346.21 15.4047
329.55 15.4047
312.87 15.4047
296.16 15.4047
279.50 15.4047
396.14 15.4876
379.43 15.4876
362.75 15.4876
346.07 15.4876
329.38 15.4876
312.70 15.4876
296.01 15.4876
279.33 15.4876
429.34 15.4626
412.65 15.4626
395.97 15.4626
379.29 15.4626
362.60 15.4626
345.92 15.4626
329.24 15.4626
312.58 15.4626
295.90 15.4626
279.21 15.4626
295.83 15.3991
279.18 15.3991
262.50 15.3991
245.81 15.3991
229.13 15.3991
212.42 15.3991
212.40 15.0943
195.69 15.0943
395.69 15.3091
378.98 15.3091
362.32 15.3091
345.61 15.3091
328.96 15.3091
312.27 15.3091
295.59 15.3091
278.91 15.3091
328.89 15.0864
312.20 15.0864
295.49 15.0864
278.84 15.0864
262.13 15.0864
245.47 15.0864
412.08 15.1038
395.43 15.1038
378.74 15.1038
362.06 15.1038
345.38 15.1038
328.67 15.1038
311.99 15.1038
295.32 15.1038
278.64 15.1038
261.96 15.1038
428.63 15.4055
411.94 15.4055
395.26 15.4055
378.58 15.4055
361.89 15.4055
345.21 15.4055
328.53 15.4055
311.85 15.4055
295.16 15.4055
278.48 15.4055
428.42 14.9003
411.74 14.9003
395.06 14.9003
378.38 14.9003
361.69 14.9003
344.98 14.9003
328.30 14.9003
311.61 14.9003
294.96 14.9003
278.25 14.9003
294.92 14.8123
278.24 14.8123
261.56 14.8123
244.88 14.8123
228.16 14.8123
211.51 14.8123
228.16 15.0856
211.50 15.0856
361.42 15.0155
344.76 15.0155
328.06 15.0155
311.40 15.0155
294.72 15.0155
278.01 15.0155
377.98 14.8853
361.30 14.8853
344.64 14.8853
327.96 14.8853
311.28 14.8853
294.57 14.8853
277.91 14.8853
261.23 14.8853
294.56 15.0399
277.85 15.0399
261.20 15.0399
244.49 15.0399
227.83 15.0399
211.15 15.0399
194.46 15.0399
177.78 15.0399
227.74 15.0665
211.06 15.0665
327.72 15.2184
311.04 15.2184
294.36 15.2184
277.67 15.2184
260.99 15.2184
244.31 15.2184
260.90 15.0353
244.25 15.0353
227.56 15.0353
210.88 15.0353
327.49 14.9206
310.84 14.9206
294.15 14.9206
277.47 14.9206
260.76 14.9206
244.09 14.9206
427.39 14.9467
410.70 14.9467
394.02 14.9467
377.33 14.9467
360.65 14.9467
343.96 14.9467
327.28 14.9467
310.63 14.9467
293.92 14.9467
277.26 14.9467
293.94 15.257
277.25 15.257
260.57 15.257
243.86 15.257
227.18 15.257
210.49 15.257
377.17 14.9316
360.49 14.9316
343.80 14.9316
327.09 14.9316
310.41 14.9316
293.75 14.9316
277.07 14.9316
260.39 14.9316
343.69 14.7036
327.01 14.7036
310.30 14.7036
293.62 14.7036
276.94 14.7036
260.28 14.7036
343.56 14.9098
326.85 14.9098
310.19 14.9098
293.51 14.9098
276.82 14.9098
260.12 14.9098
460.09 14.3986
443.41 14.3986
426.75 14.3986
410.04 14.3986
393.36 14.3986
376.70 14.3986
360.01 14.3986
343.33 14.3986
326.65 14.3986
309.96 14.3986
293.28 14.3986
276.57 14.3986
459.90 14.5093
443.24 14.5093
426.54 14.5093
409.85 14.5093
393.19 14.5093
376.51 14.5093
359.83 14.5093
343.14 14.5093
326.46 14.5093
309.75 14.5093
293.10 14.5093
276.39 14.5093
343.01 14.6536
326.35 14.6536
309.64 14.6536
292.95 14.6536
276.30 14.6536
259.62 14.6536
392.93 14.7261
376.24 14.7261
359.53 14.7261
342.88 14.7261
326.19 14.7261
309.51 14.7261
292.82 14.7261
276.14 14.7261
276.12 14.5734
259.44 14.5734
242.73 14.5734
226.08 14.5734
209.39 14.5734
192.69 14.5734
259.36 14.6756
242.68 14.6756
342.65 14.4575
325.97 14.4575
309.28 14.4575
292.60 14.4575
275.92 14.4575
259.23 14.4575
292.55 14.5303
275.86 14.5303
259.18 14.5303
242.50 14.5303
225.81 14.5303
209.13 14.5303
392.44 14.5684
375.75 14.5684
359.07 14.5684
342.38 14.5684
325.70 14.5684
309.02 14.5684
292.34 14.5684
275.66 14.5684
358.96 14.8656
342.28 14.8656
325.60 14.8656
308.91 14.8656
292.21 14.8656
275.55 14.8656
425.56 14.8883
408.88 14.8883
392.20 14.8883
375.51 14.8883
358.83 14.8883
342.15 14.8883
325.46 14.8883
308.78 14.8883
292.10 14.8883
275.41 14.8883
275.35 15.1146
258.67 15.1146
241.96 15.1146
225.29 15.1146
208.62 15.1146
191.94 15.1146
391.98 14.7118
375.31 14.7118
358.61 14.7118
341.96 14.7118
325.27 14.7118
308.59 14.7118
291.91 14.7118
275.23 14.7118
291.78 14.8478
275.12 14.8478
258.44 14.8478
241.73 14.8478
225.05 14.8478
208.39 14.8478
308.34 14.9522
291.63 14.9522
274.97 14.9522
258.29 14.9522
291.61 14.9616
274.91 14.9616
258.24 14.9616
241.56 14.9616
224.87 14.9616
208.19 14.9616
291.50 14.9828
274.82 14.9828
258.11 14.9828
241.45 14.9828
391.45 14.9904
374.77 14.9904
358.08 14.9904
341.37 14.9904
324.72 14.9904
308.01 14.9904
291.32 14.9904
274.64 14.9904
357.98 14.9996
341.30 14.9996
324.62 14.9996
307.93 14.9996
291.22 14.9996
274.57 14.9996
291.21 15.0682
274.50 15.0682
257.84 15.0682
241.16 15.0682
224.48 15.0682
207.79 15.0682
291.11 15.077
274.42 15.077
291.04 15.097
274.36 15.097
257.68 15.097
240.97 15.097
224.29 15.097
207.60 15.097
257.59 15.1092
240.91 15.1092
424.23 15.2715
407.55 15.2715
390.86 15.2715
374.18 15.2715
357.50 15.2715
340.81 15.2715
324.11 15.2715
307.45 15.2715
290.74 15.2715
274.08 15.2715
324.06 15.2647
307.38 15.2647
290.70 15.2647
274.01 15.2647
257.30 15.2647
240.65 15.2647
257.32 15.3635
240.64 15.3635
223.93 15.3635
207.28 15.3635
390.55 15.322
373.85 15.322
357.18 15.322
340.50 15.322
323.84 15.322
307.13 15.322
290.44 15.322
273.79 15.322
290.42 15.1227
273.74 15.1227
257.02 15.1227
240.34 15.1227
223.69 15.1227
207.00 15.1227
323.64 15.2954
306.93 15.2954
290.25 15.2954
273.57 15.2954
440.23 15.434
423.55 15.434
406.87 15.434
390.18 15.434
373.47 15.434
356.79 15.434
340.11 15.434
323.43 15.434
306.74 15.434
290.08 15.434
273.37 15.434
256.69 15.434
423.36 15.419
406.64 15.419
389.96 15.419
373.28 15.419
356.62 15.419
339.94 15.419
323.23 15.419
306.54 15.419
289.89 15.419
273.18 15.419
439.85 15.268
423.16 15.268
406.46 15.268
389.77 15.268
373.11 15.268
356.43 15.268
339.75 15.268
323.07 15.268
356.38 15.2397
339.70 15.2397
323.01 15.2397
306.33 15.2397
289.65 15.2397
272.96 15.2397
289.62 15.2439
272.93 15.2439
256.25 15.2439
239.57 15.2439
222.88 15.2439
206.20 15.2439
222.85 15.2625
206.16 15.2625
222.79 15.2397
206.10 15.2397
222.78 15.4187
206.06 15.4187
289.40 15.408
272.72 15.408
289.37 15.3066
272.66 15.3066
256.00 15.3066
239.31 15.3066
222.61 15.3066
205.92 15.3066
339.23 15.2746
322.54 15.2746
305.87 15.2746
289.18 15.2746
272.50 15.2746
255.84 15.2746
389.15 15.2556
372.47 15.2556
355.78 15.2556
339.10 15.2556
322.42 15.2556
305.74 15.2556
455.71 15.3982
439.03 15.3982
422.34 15.3982
405.66 15.3982
388.98 15.3982
372.30 15.3982
355.61 15.3982
338.93 15.3982
322.25 15.3982
305.56 15.3982
288.88 15.3982
272.19 15.3982
288.84 15.319
272.16 15.319
255.48 15.319
238.79 15.319
288.77 15.3763
272.09 15.3763
355.40 15.2547
338.71 15.2547
322.03 15.2547
305.35 15.2547
288.67 15.2547
271.98 15.2547
321.96 15.2449
305.28 15.2449
288.60 15.2449
271.91 15.2449
255.23 15.2449
238.55 15.2449
355.19 15.1866
338.51 15.1866
321.82 15.1866
305.14 15.1866
355.12 15.0535
338.44 15.0535
321.75 15.0535
305.07 15.0535
288.39 15.0535
271.71 15.0535
255.02 15.0535
238.34 15.0535
254.99 15.1641
238.31 15.1641
221.62 15.1641
204.94 15.1641
354.94 15.158
338.25 15.158
321.57 15.158
304.89 15.158
288.21 15.158
271.52 15.158
421.46 15.0728
404.78 15.0728
388.10 15.0728
371.42 15.0728
354.74 15.0728
338.05 15.0728
321.37 15.0728
304.69 15.0728
338.00 15.0201
321.32 15.0201
304.61 15.0201
287.95 15.0201
271.26 15.0201
254.56 15.0201
237.90 15.0201
221.19 15.0201
337.83 14.9759
321.17 14.9759
304.49 14.9759
287.78 14.9759
271.13 14.9759
254.44 14.9759
271.09 15.1446
254.41 15.1446
237.73 15.1446
221.04 15.1446
204.36 15.1446
187.68 15.1446
337.65 15.2424
320.96 15.2424
304.28 15.2424
287.59 15.2424
270.92 15.2424
254.23 15.2424
420.90 15.0502
404.22 15.0502
387.53 15.0502
370.85 15.0502
354.17 15.0502
337.49 15.0502
320.80 15.0502
304.12 15.0502
287.44 15.0502
270.75 15.0502
320.70 15.2089
304.02 15.2089
287.33 15.2089
270.65 15.2089
253.97 15.2089
237.29 15.2089
