1512.10 11.4319
1495.42 11.4319
1478.73 11.4319
1462.03 11.4319
1445.37 11.4319
1428.69 11.4319
1412.01 11.4319
1545.46 11.3746
1528.75 11.3746
1512.10 11.3746
1495.42 11.3746
1478.70 11.3746
1462.05 11.3746
1445.37 11.3746
1428.66 11.3746
1578.82 11.4396
1562.14 11.4396
1545.46 11.4396
1528.75 11.4396
1512.07 11.4396
1495.41 11.4396
1478.73 11.4396
1462.05 11.4396
1545.49 11.4199
1528.81 11.4199
1512.13 11.4199
1495.44 11.4199
1478.73 11.4199
1462.06 11.4199
1445.37 11.4199
1428.72 11.4199
1562.14 11.3073
1545.46 11.3073
1528.80 11.3073
1512.10 11.3073
1495.44 11.3073
1478.73 11.3073
1462.08 11.3073
1445.40 11.3073
1612.19 11.1397
1595.50 11.1397
1578.80 11.1397
1562.14 11.1397
1545.46 11.1397
1528.78 11.1397
1512.10 11.1397
1495.41 11.1397
1645.55 11.225
1628.87 11.225
1612.16 11.225
1595.47 11.225
1578.82 11.225
1562.14 11.225
1545.46 11.225
1528.75 11.225
1612.18 11.1101
1595.50 11.1101
1578.82 11.1101
1562.14 11.1101
1545.46 11.1101
1528.74 11.1101
1512.07 11.1101
1495.39 11.1101
1628.85 11.1531
1612.18 11.1531
1595.47 11.1531
1578.82 11.1531
1562.12 11.1531
1545.46 11.1531
1528.74 11.1531
1512.07 11.1531
1612.16 11.1359
1595.50 11.1359
1578.79 11.1359
1562.11 11.1359
1545.46 11.1359
1528.75 11.1359
1512.09 11.1359
1495.39 11.1359
1612.18 11.2731
1595.48 11.2731
1578.79 11.2731
1562.11 11.2731
1545.43 11.2731
1528.75 11.2731
1512.07 11.2731
1495.42 11.2731
1595.48 11.1768
1578.82 11.1768
1562.12 11.1768
1545.46 11.1768
1528.78 11.1768
1512.10 11.1768
1495.41 11.1768
1478.71 11.1768
1578.82 11.0449
1562.14 11.0449
1545.46 11.0449
1528.78 11.0449
1512.10 11.0449
1495.41 11.0449
1478.73 11.0449
1462.05 11.0449
1562.16 10.9889
1545.48 10.9889
1528.80 10.9889
1512.12 10.9889
1495.44 10.9889
1478.75 10.9889
1462.05 10.9889
1445.37 10.9889
1578.80 11.0093
1562.12 11.0093
1545.46 11.0093
1528.78 11.0093
1512.10 11.0093
1495.39 11.0093
1478.73 11.0093
1462.03 11.0093
1595.50 10.8834
1578.82 10.8834
1562.14 10.8834
1545.43 10.8834
1528.78 10.8834
1512.07 10.8834
1495.39 10.8834
1478.73 10.8834
1562.14 11.0432
1545.46 11.0432
1528.75 11.0432
1512.10 11.0432
1495.42 11.0432
1478.73 11.0432
1462.05 11.0432
1445.37 11.0432
1562.14 10.7901
1545.46 10.7901
1528.78 10.7901
1512.10 10.7901
1495.42 10.7901
1478.73 10.7901
1462.05 10.7901
1445.36 10.7901
1528.78 10.813
1512.10 10.813
1495.41 10.813
1478.73 10.813
1462.05 10.813
1445.37 10.813
1428.69 10.813
1412.01 10.813
1562.14 10.8681
1545.46 10.8681
1528.78 10.8681
1512.10 10.8681
1495.41 10.8681
1478.73 10.8681
1462.05 10.8681
1445.37 10.8681
1562.14 11.0146
1545.46 11.0146
1528.78 11.0146
1512.09 11.0146
1495.41 11.0146
1478.73 11.0146
1462.05 11.0146
1445.37 11.0146
1578.82 11.1819
1562.14 11.1819
1545.46 11.1819
1528.78 11.1819
1512.10 11.1819
1495.41 11.1819
1478.73 11.1819
1562.14 11.3123
1545.46 11.3123
1528.78 11.3123
1512.10 11.3123
1495.42 11.3123
1478.73 11.3123
1462.05 11.3123
1445.37 11.3123
1562.14 11.2373
1545.46 11.2373
1528.78 11.2373
1512.10 11.2373
1495.41 11.2373
1478.73 11.2373
1462.05 11.2373
1445.37 11.2373
1562.14 11.3168
1545.46 11.3168
1528.78 11.3168
1512.10 11.3168
1495.42 11.3168
1478.73 11.3168
1462.05 11.3168
1445.37 11.3168
1562.14 11.3672
1545.46 11.3672
1528.78 11.3672
1512.10 11.3672
1495.41 11.3672
1478.73 11.3672
1462.05 11.3672
1445.35 11.3672
1578.82 11.2714
1562.14 11.2714
1545.46 11.2714
1528.78 11.2714
1512.10 11.2714
1495.42 11.2714
1478.73 11.2714
1462.05 11.2714
1578.82 11.1209
1562.14 11.1209
1545.46 11.1209
1528.78 11.1209
1512.10 11.1209
1495.42 11.1209
1478.73 11.1209
1462.05 11.1209
1578.82 10.9652
1562.14 10.9652
1545.46 10.9652
1528.78 10.9652
1512.10 10.9652
1495.41 10.9652
1478.73 10.9652
1462.05 10.9652
1578.82 10.886
1562.14 10.886
1545.46 10.886
1528.78 10.886
1512.09 10.886
1495.41 10.886
1478.73 10.886
1462.05 10.886
1595.53 10.7053
1578.85 10.7053
1562.17 10.7053
1545.48 10.7053
1528.80 10.7053
1512.12 10.7053
1495.44 10.7053
1478.76 10.7053
1595.51 10.6188
1578.83 10.6188
1562.14 10.6188
1545.46 10.6188
1528.78 10.6188
1512.10 10.6188
1495.42 10.6188
1478.74 10.6188
1612.22 10.5298
1595.54 10.5298
1578.85 10.5298
1562.17 10.5298
1545.49 10.5298
1528.81 10.5298
1512.13 10.5298
1495.45 10.5298
1612.22 10.5797
1595.54 10.5797
1578.85 10.5797
1562.17 10.5797
1545.49 10.5797
1528.81 10.5797
1512.13 10.5797
1495.45 10.5797
1612.21 10.5422
1595.53 10.5422
1578.85 10.5422
1562.17 10.5422
1545.49 10.5422
1528.81 10.5422
1512.13 10.5422
1495.44 10.5422
1628.87 10.5163
1612.19 10.5163
1595.51 10.5163
1578.83 10.5163
1562.14 10.5163
1545.46 10.5163
1528.78 10.5163
1512.10 10.5163
1645.55 10.5391
1628.87 10.5391
1612.18 10.5391
1595.50 10.5391
1578.82 10.5391
1562.14 10.5391
1545.46 10.5391
1528.78 10.5391
1645.57 10.6841
1628.89 10.6841
1612.21 10.6841
1595.53 10.6841
1578.85 10.6841
1562.17 10.6841
1545.49 10.6841
1528.80 10.6841
1645.58 10.5589
1628.90 10.5589
1612.21 10.5589
1595.53 10.5589
1578.85 10.5589
1562.17 10.5589
1545.49 10.5589
1528.81 10.5589
1662.23 10.5558
1645.55 10.5558
1628.87 10.5558
1612.19 10.5558
1595.51 10.5558
1578.82 10.5558
1562.14 10.5558
1545.46 10.5558
1662.23 10.4306
1645.55 10.4306
1628.87 10.4306
1612.19 10.4306
1595.51 10.4306
1578.83 10.4306
1562.14 10.4306
1545.46 10.4306
1662.23 10.5363
1645.55 10.5363
1628.87 10.5363
1612.19 10.5363
1595.51 10.5363
1578.82 10.5363
1562.14 10.5363
1545.46 10.5363
1678.91 10.6882
1662.23 10.6882
1645.52 10.6882
1628.84 10.6882
1612.16 10.6882
1595.48 10.6882
1578.79 10.6882
1562.12 10.6882
1678.91 10.4284
1662.23 10.4284
1645.55 10.4284
1628.84 10.4284
1612.18 10.4284
1595.48 10.4284
1578.80 10.4284
1562.14 10.4284
1678.88 10.5887
1662.20 10.5887
1645.52 10.5887
1628.87 10.5887
1612.16 10.5887
1595.50 10.5887
1578.80 10.5887
1562.14 10.5887
1695.57 10.6441
1678.91 10.6441
1662.23 10.6441
1645.52 10.6441
1628.86 10.6441
1612.19 10.6441
1595.50 10.6441
1578.82 10.6441
1695.59 10.642
1678.91 10.642
1662.23 10.642
1645.55 10.642
1628.84 10.642
1612.19 10.642
1595.48 10.642
1578.80 10.642
1678.89 10.6895
1662.21 10.6895
1645.52 10.6895
1628.84 10.6895
1612.16 10.6895
1595.48 10.6895
1578.83 10.6895
1562.14 10.6895
1712.25 10.6713
1695.57 10.6713
1678.91 10.6713
1662.23 10.6713
1645.55 10.6713
1628.87 10.6713
1612.19 10.6713
1595.51 10.6713
1695.59 10.7048
1678.89 10.7048
1662.21 10.7048
1645.53 10.7048
1628.84 10.7048
1612.16 10.7048
1595.48 10.7048
1578.82 10.7048
1712.25 10.6427
1695.56 10.6427
1678.91 10.6427
1662.20 10.6427
1645.52 10.6427
1628.87 10.6427
1612.18 10.6427
1595.51 10.6427
1712.28 10.714
1695.57 10.714
1678.89 10.714
1662.20 10.714
1645.55 10.714
1628.84 10.714
1612.18 10.714
1595.50 10.714
1712.28 10.6804
1695.57 10.6804
1678.88 10.6804
1662.20 10.6804
1645.52 10.6804
1628.87 10.6804
1612.18 10.6804
1595.50 10.6804
1728.96 10.6504
1712.28 10.6504
1695.57 10.6504
1678.89 10.6504
1662.23 10.6504
1645.55 10.6504
1628.87 10.6504
1612.19 10.6504
1728.95 10.7287
1712.28 10.7287
1695.59 10.7287
1678.91 10.7287
1662.23 10.7287
1645.55 10.7287
1628.87 10.7287
1612.18 10.7287
1728.96 10.7766
1712.28 10.7766
1695.59 10.7766
1678.91 10.7766
1662.23 10.7766
1645.55 10.7766
1628.87 10.7766
1612.19 10.7766
1745.64 10.8539
1728.96 10.8539
1712.27 10.8539
1695.57 10.8539
1678.91 10.8539
1662.23 10.8539
1645.55 10.8539
1628.87 10.8539
1745.66 10.8818
1728.98 10.8818
1712.30 10.8818
1695.62 10.8818
1678.94 10.8818
1662.26 10.8818
1645.58 10.8818
1628.89 10.8818
1762.32 10.715
1745.64 10.715
1728.96 10.715
1712.28 10.715
1695.59 10.715
1678.91 10.715
1662.23 10.715
1645.55 10.715
1762.32 10.8874
1745.64 10.8874
1728.96 10.8874
1712.28 10.8874
1695.60 10.8874
1678.91 10.8874
1662.23 10.8874
1645.55 10.8874
1779.03 10.6125
1762.35 10.6125
1745.67 10.6125
1728.99 10.6125
1712.31 10.6125
1695.62 10.6125
1678.94 10.6125
1662.26 10.6125
1779.00 10.5659
1762.32 10.5659
1745.64 10.5659
1728.96 10.5659
1712.28 10.5659
1695.59 10.5659
1678.91 10.5659
1662.23 10.5659
1795.68 10.7394
1779.00 10.7394
1762.32 10.7394
1745.64 10.7394
1728.95 10.7394
1712.27 10.7394
1695.59 10.7394
1678.91 10.7394
1795.69 10.5602
1779.02 10.5602
1762.33 10.5602
1745.65 10.5602
1728.97 10.5602
1712.29 10.5602
1695.61 10.5602
1678.92 10.5602
1795.68 10.5508
1779.00 10.5508
1762.32 10.5508
1745.64 10.5508
1728.96 10.5508
1712.27 10.5508
1695.59 10.5508
1678.91 10.5508
1812.39 10.5713
1795.71 10.5713
1779.03 10.5713
1762.34 10.5713
1745.66 10.5713
1728.98 10.5713
1712.30 10.5713
1695.62 10.5713
1812.39 10.6554
1795.70 10.6554
1779.03 10.6554
1762.35 10.6554
1745.66 10.6554
1728.98 10.6554
1712.30 10.6554
1695.62 10.6554
1829.05 10.7282
1812.37 10.7282
1795.69 10.7282
1779.01 10.7282
1762.33 10.7282
1745.64 10.7282
1728.96 10.7282
1712.28 10.7282
1812.36 10.5495
1795.68 10.5495
1779.00 10.5495
1762.32 10.5495
1745.64 10.5495
1728.96 10.5495
1712.28 10.5495
1695.60 10.5495
1845.75 10.6137
1829.07 10.6137
1812.39 10.6137
1795.71 10.6137
1779.03 10.6137
1762.34 10.6137
1745.64 10.6137
1728.95 10.6137
1812.36 10.3405
1795.68 10.3405
1779.03 10.3405
1762.35 10.3405
1745.66 10.3405
1728.96 10.3405
1712.27 10.3405
1695.59 10.3405
1829.05 10.2616
1812.37 10.2616
1795.71 10.2616
1779.03 10.2616
1762.35 10.2616
1745.66 10.2616
1728.98 10.2616
1712.30 10.2616
1829.05 10.1733
1812.36 10.1733
1795.68 10.1733
1778.98 10.1733
1762.32 10.1733
1745.61 10.1733
1728.93 10.1733
1712.25 10.1733
1795.69 10.0091
1779.01 10.0091
1762.35 10.0091
1745.63 10.0091
1728.99 10.0091
1712.27 10.0091
1695.62 10.0091
1678.94 10.0091
1812.36 10.0028
1795.68 10.0028
1779.00 10.0028
1762.32 10.0028
1745.64 10.0028
1728.93 10.0028
1712.25 10.0028
1695.59 10.0028
1795.66 9.97437
1779.00 9.97437
1762.32 9.97437
1745.61 9.97437
1728.96 9.97437
1712.25 9.97437
1695.60 9.97437
1678.91 9.97437
1795.71 10.0493
1779.03 10.0493
1762.35 10.0493
1745.66 10.0493
1728.98 10.0493
1712.27 10.0493
1695.62 10.0493
1678.91 10.0493
1795.71 10.1113
1779.00 10.1113
1762.32 10.1113
1745.64 10.1113
1728.98 10.1113
1712.30 10.1113
1695.62 10.1113
1678.91 10.1113
1779.03 10.0947
1762.35 10.0947
1745.67 10.0947
1728.96 10.0947
1712.30 10.0947
1695.60 10.0947
1678.91 10.0947
1662.26 10.0947
1778.98 10.2205
1762.32 10.2205
1745.61 10.2205
1728.93 10.2205
1712.24 10.2205
1695.57 10.2205
1678.89 10.2205
1662.20 10.2205
1778.99 10.0276
1762.31 10.0276
1745.66 10.0276
1728.95 10.0276
1712.27 10.0276
1695.59 10.0276
1678.93 10.0276
1662.23 10.0276
1795.68 10.2885
1779.00 10.2885
1762.34 10.2885
1745.66 10.2885
1728.96 10.2885
1712.30 10.2885
1695.60 10.2885
1678.91 10.2885
1712.25 10.2265
1695.57 10.2265
1678.89 10.2265
1662.23 10.2265
1712.28 10.165
1695.60 10.165
1678.94 10.165
1662.23 10.165
1712.30 10.1744
1695.60 10.1744
1678.92 10.1744
1662.23 10.1744
1728.95 10.2955
1712.27 10.2955
1695.60 10.2955
1678.91 10.2955
1728.96 10.1627
1712.28 10.1627
1695.62 10.1627
1678.94 10.1627
1728.96 10.4219
1712.28 10.4219
1695.59 10.4219
1678.91 10.4219
1728.96 10.2951
1712.28 10.2951
1695.60 10.2951
1678.91 10.2951
1745.64 10.3197
1728.93 10.3197
1712.28 10.3197
1695.57 10.3197
1728.96 10.1623
1712.28 10.1623
1695.60 10.1623
1678.91 10.1623
1745.64 10.0417
1728.98 10.0417
1712.28 10.0417
1695.58 10.0417
1745.61 10.1714
1728.93 10.1714
1712.28 10.1714
1695.60 10.1714
1762.34 10.1469
1745.66 10.1469
1728.98 10.1469
1712.30 10.1469
1745.64 10.0097
1728.96 10.0097
1712.28 10.0097
1695.60 10.0097
1762.35 10.1478
1745.67 10.1478
1728.99 10.1478
1712.28 10.1478
1762.35 10.0785
1745.64 10.0785
1728.99 10.0785
1712.28 10.0785
1778.98 10.1631
1762.32 10.1631
1745.61 10.1631
1728.93 10.1631
1779.00 10.1028
1762.32 10.1028
1745.64 10.1028
1728.95 10.1028
1779.00 10.0661
1762.32 10.0661
1745.61 10.0661
1728.93 10.0661
1779.03 10.1827
1762.32 10.1827
1745.66 10.1827
1728.96 10.1827
1779.00 10.2124
1762.30 10.2124
1745.64 10.2124
1728.93 10.2124
1795.71 10.1213
1779.03 10.1213
1762.35 10.1213
1745.64 10.1213
1795.68 10.2916
1779.00 10.2916
1762.32 10.2916
1745.64 10.2916
1812.40 10.207
1795.72 10.207
1779.04 10.207
1762.35 10.207
1795.70 10.3246
1779.00 10.3246
1762.34 10.3246
1745.63 10.3246
1812.34 10.2384
1795.68 10.2384
1778.97 10.2384
1762.32 10.2384
1812.37 10.3349
1795.68 10.3349
1779.00 10.3349
1762.30 10.3349
1812.36 10.3164
1795.68 10.3164
1779.00 10.3164
1762.32 10.3164
1829.05 10.2269
1812.36 10.2269
1795.65 10.2269
1778.97 10.2269
1829.02 10.2252
1812.34 10.2252
1795.66 10.2252
1779.00 10.2252
1812.38 10.5856
1795.70 10.5856
1779.02 10.5856
1762.34 10.5856
1745.65 10.5856
1728.97 10.5856
1712.27 10.5856
1695.61 10.5856
1678.90 10.5856
1662.22 10.5856
1645.54 10.5856
1628.86 10.5856
1612.17 10.5856
1595.50 10.5856
1578.84 10.5856
1562.16 10.5856
1545.45 10.5856
1528.79 10.5856
1512.11 10.5856
1495.43 10.5856
1478.75 10.5856
1462.07 10.5856
1445.38 10.5856
1428.71 10.5856
1412.02 10.5856
1395.34 10.5856
1378.63 10.5856
1361.98 10.5856
1345.30 10.5856
1328.61 10.5856
1311.91 10.5856
1295.22 10.5856
1278.57 10.5856
1261.89 10.5856
1245.21 10.5856
1228.50 10.5856
1211.85 10.5856
1195.14 10.5856
1178.48 10.5856
1161.78 10.5856
1145.12 10.5856
1128.44 10.5856
1111.76 10.5856
1095.08 10.5856
1078.39 10.5856
1061.68 10.5856
1045.00 10.5856
1028.32 10.5856
1011.66 10.5856
994.98 10.5856
978.28 10.5856
961.62 10.5856
944.91 10.5856
928.23 10.5856
911.55 10.5856
894.87 10.5856
878.21 10.5856
861.51 10.5856
844.83 10.5856
828.14 10.5856
811.49 10.5856
794.78 10.5856
778.10 10.5856
761.45 10.5856
744.73 10.5856
728.05 10.5856
711.37 10.5856
694.69 10.5856
678.01 10.5856
661.33 10.5856
644.65 10.5856
627.96 10.5856
611.28 10.5856
594.60 10.5856
577.92 10.5856
561.23 10.5856
544.55 10.5856
527.90 10.5856
511.22 10.5856
494.54 10.5856
477.86 10.5856
461.18 10.5856
444.50 10.5856
427.79 10.5856
411.11 10.5856
394.43 10.5856
377.77 10.5856
361.09 10.5856
394.44 10.6855
377.75 10.6855
361.07 10.6855
344.37 10.6855
394.43 10.6138
377.75 10.6138
361.07 10.6138
344.39 10.6138
411.12 10.6922
394.43 10.6922
377.75 10.6922
361.07 10.6922
411.12 10.6542
394.43 10.6542
377.75 10.6542
361.07 10.6542
411.12 10.7687
394.44 10.7687
377.75 10.7687
361.07 10.7687
427.80 10.7798
411.11 10.7798
394.43 10.7798
377.75 10.7798
427.80 10.9344
411.11 10.9344
394.43 10.9344
377.75 10.9344
444.48 10.9363
427.79 10.9363
411.11 10.9363
394.43 10.9363
444.48 10.9167
427.79 10.9167
411.11 10.9167
394.43 10.9167
444.50 10.8728
427.82 10.8728
411.14 10.8728
394.46 10.8728
444.48 10.9775
427.79 10.9775
411.11 10.9775
394.43 10.9775
461.16 10.8738
444.48 10.8738
427.79 10.8738
411.12 10.8738
461.19 10.9141
444.50 10.9141
427.82 10.9141
411.14 10.9141
461.16 10.788
444.48 10.788
427.80 10.788
411.12 10.788
477.84 10.7612
461.16 10.7612
444.48 10.7612
427.80 10.7612
477.84 10.8002
461.16 10.8002
444.48 10.8002
427.80 10.8002
477.84 10.8614
461.16 10.8614
444.48 10.8614
427.80 10.8614
494.55 10.7552
477.84 10.7552
461.18 10.7552
444.50 10.7552
494.55 10.7544
477.87 10.7544
461.19 10.7544
444.51 10.7544
494.55 10.8271
477.87 10.8271
461.19 10.8271
444.51 10.8271
511.20 10.7328
494.52 10.7328
477.87 10.7328
461.16 10.7328
511.20 10.7182
494.52 10.7182
477.84 10.7182
461.16 10.7182
511.20 10.8521
494.52 10.8521
477.84 10.8521
461.16 10.8521
511.20 10.7875
494.52 10.7875
477.82 10.7875
461.16 10.7875
527.87 10.8599
511.20 10.8599
494.50 10.8599
477.82 10.8599
527.89 10.7867
511.21 10.7867
494.53 10.7867
477.87 10.7867
527.89 10.9176
511.21 10.9176
494.55 10.9176
477.85 10.9176
544.57 10.8426
527.88 10.8426
511.20 10.8426
494.55 10.8426
544.59 10.9292
527.91 10.9292
511.23 10.9292
494.55 10.9292
561.22 10.8822
544.57 10.8822
527.86 10.8822
511.18 10.8822
561.26 10.9432
544.57 10.9432
527.89 10.9432
511.23 10.9432
577.96 11.0154
561.28 11.0154
544.60 11.0154
527.91 11.0154
577.95 10.8974
561.27 10.8974
544.59 10.8974
527.91 10.8974
577.91 11.0098
561.25 11.0098
544.54 11.0098
527.89 11.0098
594.59 10.9852
577.93 10.9852
561.22 10.9852
544.57 10.9852
594.58 10.9858
577.93 10.9858
561.25 10.9858
544.54 10.9858
611.32 11.0425
594.61 11.0425
577.96 11.0425
561.25 11.0425
611.32 11.1469
594.62 11.1469
577.96 11.1469
561.25 11.1469
627.97 11.2564
611.29 11.2564
594.58 11.2564
577.90 11.2564
627.97 11.245
611.32 11.245
594.61 11.245
577.96 11.245
644.63 11.3041
627.97 11.3041
611.29 11.3041
594.61 11.3041
644.65 11.2695
627.97 11.2695
611.29 11.2695
594.58 11.2695
661.37 11.2996
644.69 11.2996
628.00 11.2996
611.30 11.2996
728.04 11.3986
711.35 11.3986
694.67 11.3986
677.99 11.3986
661.34 11.3986
644.63 11.3986
627.97 11.3986
611.26 11.3986
744.72 11.3623
728.04 11.3623
711.35 11.3623
694.70 11.3623
677.99 11.3623
661.31 11.3623
644.66 11.3623
627.97 11.3623
761.45 11.1337
744.75 11.1337
728.09 11.1337
711.38 11.1337
694.73 11.1337
678.02 11.1337
661.34 11.1337
644.66 11.1337
778.08 11.2913
761.43 11.2913
744.72 11.2913
728.06 11.2913
711.36 11.2913
694.70 11.2913
678.00 11.2913
661.34 11.2913
778.09 10.9908
761.40 10.9908
744.72 10.9908
728.06 10.9908
711.38 10.9908
694.70 10.9908
678.02 10.9908
661.31 10.9908
794.76 10.9842
778.08 10.9842
761.40 10.9842
744.72 10.9842
728.04 10.9842
711.38 10.9842
694.70 10.9842
677.99 10.9842
811.47 10.9214
794.79 10.9214
778.11 10.9214
761.43 10.9214
744.75 10.9214
728.06 10.9214
711.38 10.9214
694.73 10.9214
828.15 10.8997
811.47 10.8997
794.82 10.8997
778.11 10.8997
761.46 10.8997
744.75 10.8997
728.07 10.8997
711.38 10.8997
844.81 10.9568
828.15 10.9568
811.47 10.9568
794.79 10.9568
778.08 10.9568
761.42 10.9568
744.75 10.9568
728.04 10.9568
861.51 10.9032
844.80 10.9032
828.15 10.9032
811.47 10.9032
794.79 10.9032
778.11 10.9032
761.43 10.9032
744.75 10.9032
894.88 10.9024
878.20 10.9024
861.51 10.9024
844.84 10.9024
828.15 10.9024
811.47 10.9024
794.76 10.9024
778.08 10.9024
894.88 10.8244
878.20 10.8244
861.51 10.8244
844.83 10.8244
828.15 10.8244
811.47 10.8244
794.79 10.8244
778.11 10.8244
911.53 10.8302
894.85 10.8302
878.17 10.8302
861.52 10.8302
844.84 10.8302
828.13 10.8302
811.47 10.8302
794.77 10.8302
894.85 10.8033
878.20 10.8033
861.52 10.8033
844.83 10.8033
828.15 10.8033
811.44 10.8033
794.76 10.8033
778.11 10.8033
911.56 10.8149
894.85 10.8149
878.20 10.8149
861.52 10.8149
844.84 10.8149
828.15 10.8149
811.47 10.8149
794.79 10.8149
911.56 10.8791
894.88 10.8791
878.20 10.8791
861.52 10.8791
844.84 10.8791
828.15 10.8791
811.47 10.8791
794.79 10.8791
911.56 10.9152
894.88 10.9152
878.20 10.9152
861.52 10.9152
844.84 10.9152
828.15 10.9152
811.44 10.9152
794.79 10.9152
928.25 10.8622
911.56 10.8622
894.88 10.8622
878.20 10.8622
861.52 10.8622
844.84 10.8622
828.16 10.8622
811.47 10.8622
928.27 10.8342
911.59 10.8342
894.91 10.8342
878.23 10.8342
861.55 10.8342
844.86 10.8342
828.18 10.8342
811.50 10.8342
928.27 10.7184
911.59 10.7184
894.91 10.7184
878.23 10.7184
861.55 10.7184
844.86 10.7184
828.18 10.7184
811.50 10.7184
928.27 10.9189
911.59 10.9189
894.91 10.9189
878.22 10.9189
861.54 10.9189
844.86 10.9189
828.18 10.9189
811.50 10.9189
928.27 10.9613
911.59 10.9613
894.91 10.9613
878.20 10.9613
861.55 10.9613
844.87 10.9613
828.18 10.9613
811.50 10.9613
928.24 10.9066
911.56 10.9066
894.88 10.9066
878.20 10.9066
861.49 10.9066
844.83 10.9066
828.12 10.9066
811.47 10.9066
944.90 11.072
928.24 11.072
911.56 11.072
894.88 11.072
878.20 11.072
861.52 11.072
844.83 11.072
828.15 11.072
944.95 10.8375
928.27 10.8375
911.59 10.8375
894.91 10.8375
878.23 10.8375
861.55 10.8375
844.87 10.8375
828.18 10.8375
944.93 10.9492
928.27 10.9492
911.59 10.9492
894.91 10.9492
878.23 10.9492
861.54 10.9492
844.86 10.9492
828.18 10.9492
944.92 11.053
928.22 11.053
911.56 11.053
894.88 11.053
878.20 11.053
861.52 11.053
844.84 11.053
828.15 11.053
961.61 11.0299
944.92 11.0299
928.25 11.0299
911.56 11.0299
894.85 11.0299
878.20 11.0299
861.49 11.0299
844.84 11.0299
944.92 10.9243
928.24 10.9243
911.59 10.9243
894.90 10.9243
878.22 10.9243
861.54 10.9243
844.86 10.9243
828.15 10.9243
944.93 10.9606
928.25 10.9606
911.56 10.9606
894.88 10.9606
878.20 10.9606
861.50 10.9606
844.84 10.9606
828.13 10.9606
928.21 10.9622
911.56 10.9622
894.88 10.9622
878.20 10.9622
861.52 10.9622
844.83 10.9622
828.15 10.9622
961.61 11.0948
944.92 11.0948
928.24 11.0948
911.56 11.0948
894.88 11.0948
878.20 11.0948
861.52 11.0948
844.84 11.0948
978.29 11.0751
961.61 11.0751
944.93 11.0751
928.22 11.0751
911.56 11.0751
894.88 11.0751
878.20 11.0751
861.49 11.0751
911.56 11.2076
894.88 11.2076
878.20 11.2076
861.49 11.2076
911.53 11.1133
894.85 11.1133
878.17 11.1133
861.49 11.1133
928.21 11.1827
911.56 11.1827
894.88 11.1827
878.20 11.1827
928.27 11.2735
911.58 11.2735
894.90 11.2735
878.22 11.2735
944.95 11.1866
928.27 11.1866
911.59 11.1866
894.89 11.1866
944.92 11.1647
928.23 11.1647
911.56 11.1647
894.88 11.1647
944.95 11.2314
928.25 11.2314
911.57 11.2314
894.88 11.2314
961.63 11.2247
944.92 11.2247
928.25 11.2247
911.58 11.2247
978.28 11.2456
961.61 11.2456
944.92 11.2456
928.24 11.2456
978.31 11.2212
961.63 11.2212
944.95 11.2212
928.27 11.2212
1061.72 11.1865
1045.04 11.1865
1028.36 11.1865
1011.68 11.1865
995.00 11.1865
978.32 11.1865
961.63 11.1865
944.95 11.1865
1011.65 11.1994
994.97 11.1994
978.29 11.1994
961.61 11.1994
1011.65 10.901
994.97 10.901
978.28 10.901
961.60 10.901
1028.33 11.0688
1011.65 11.0688
994.97 11.0688
978.29 11.0688
1028.33 10.8452
1011.65 10.8452
994.97 10.8452
978.29 10.8452
1028.33 10.9431
1011.65 10.9431
994.97 10.9431
978.29 10.9431
1045.02 10.7906
1028.33 10.7906
1011.65 10.7906
994.94 10.7906
1045.00 11.0347
1028.30 11.0347
1011.65 11.0347
994.94 11.0347
1061.69 10.8493
1045.01 10.8493
1028.33 10.8493
1011.65 10.8493
1078.38 10.9444
1061.69 10.9444
1044.98 10.9444
1028.33 10.9444
1078.38 10.9249
1061.67 10.9249
1044.98 10.9249
1028.33 10.9249
1095.03 11.0042
1078.35 11.0042
1061.69 11.0042
1045.01 11.0042
1111.74 10.8861
1095.06 10.8861
1078.38 10.8861
1061.70 10.8861
1128.42 11.1126
1111.71 11.1126
1095.06 11.1126
1078.38 11.1126
1111.77 11.0709
1095.09 11.0709
1078.40 11.0709
1061.72 11.0709
1128.44 11.0486
1111.76 11.0486
1095.08 11.0486
1078.38 11.0486
1128.39 11.0564
1111.74 11.0564
1095.06 11.0564
1078.38 11.0564
1145.10 11.2117
1128.42 11.2117
1111.74 11.2117
1095.06 11.2117
1145.08 11.1679
1128.42 11.1679
1111.74 11.1679
1095.06 11.1679
1145.10 11.1202
1128.42 11.1202
1111.74 11.1202
1095.06 11.1202
1145.10 11.1683
1128.42 11.1683
1111.74 11.1683
1095.06 11.1683
1161.79 11.1598
1145.10 11.1598
1128.42 11.1598
1111.74 11.1598
1161.78 11.1316
1145.10 11.1316
1128.42 11.1316
1111.74 11.1316
1161.78 11.1764
1145.10 11.1764
1128.42 11.1764
1111.74 11.1764
1161.79 11.1226
1145.10 11.1226
1128.42 11.1226
1111.74 11.1226
1178.49 11.2419
1161.80 11.2419
1145.12 11.2419
1128.44 11.2419
1178.47 11.1902
1161.79 11.1902
1145.10 11.1902
1128.42 11.1902
1178.47 11.0146
1161.79 11.0146
1145.10 11.0146
1128.42 11.0146
1195.15 11.0963
1178.47 11.0963
1161.79 11.0963
1145.10 11.0963
1195.15 11.122
1178.47 11.122
1161.79 11.122
1145.10 11.122
1178.47 11.0497
1161.79 11.0497
1145.10 11.0497
1128.42 11.0497
1195.14 11.0073
1178.44 11.0073
1161.76 11.0073
1145.08 11.0073
1195.14 11.1283
1178.47 11.1283
1161.78 11.1283
1145.10 11.1283
1211.83 11.1165
1195.12 11.1165
1178.46 11.1165
1161.79 11.1165
1195.15 10.9952
1178.47 10.9952
1161.79 10.9952
1145.10 10.9952
1211.83 11.031
1195.15 11.031
1178.46 11.031
1161.78 11.031
1211.83 11.1065
1195.15 11.1065
1178.47 11.1065
1161.79 11.1065
1211.83 11.1388
1195.15 11.1388
1178.47 11.1388
1161.78 11.1388
1228.54 11.2439
1211.86 11.2439
1195.17 11.2439
1178.49 11.2439
1228.51 11.1879
1211.83 11.1879
1195.15 11.1879
1178.47 11.1879
1228.51 11.0663
1211.83 11.0663
1195.15 11.0663
1178.47 11.0663
1245.19 11.2709
1228.51 11.2709
1211.83 11.2709
1195.15 11.2709
1228.51 11.2772
1211.83 11.2772
1195.15 11.2772
1178.47 11.2772
1228.51 11.157
1211.83 11.157
1195.15 11.157
1178.44 11.157
1228.51 11.2544
1211.83 11.2544
1195.15 11.2544
1178.47 11.2544
1228.51 11.2878
1211.83 11.2878
1195.15 11.2878
1178.46 11.2878
1245.19 11.3025
1228.51 11.3025
1211.83 11.3025
1195.14 11.3025
1245.19 11.3427
1228.51 11.3427
1211.83 11.3427
1195.15 11.3427
1261.87 11.2756
1245.19 11.2756
1228.51 11.2756
1211.83 11.2756
1278.55 11.2303
1261.87 11.2303
1245.19 11.2303
1228.51 11.2303
1278.55 11.295
1261.87 11.295
1245.19 11.295
1228.51 11.295
1295.24 11.3204
1278.55 11.3204
1261.88 11.3204
1245.19 11.3204
1311.92 11.3068
1295.24 11.3068
1278.56 11.3068
1261.87 11.3068
1295.24 11.2811
1278.56 11.2811
1261.87 11.2811
1245.19 11.2811
1295.23 11.3657
1278.56 11.3657
1261.87 11.3657
1245.19 11.3657
1295.24 11.3972
1278.55 11.3972
1261.87 11.3972
1245.19 11.3972
1311.92 11.2214
1295.24 11.2214
1278.56 11.2214
1261.87 11.2214
1311.92 11.2573
1295.24 11.2573
1278.53 11.2573
1261.87 11.2573
1311.92 11.1624
1295.24 11.1624
1278.55 11.1624
1261.85 11.1624
1328.61 11.1748
1311.93 11.1748
1295.24 11.1748
1278.56 11.1748
1328.63 11.1055
1311.95 11.1055
1295.26 11.1055
1278.58 11.1055
1345.31 11.1964
1328.63 11.1964
1311.95 11.1964
1295.26 11.1964
1345.28 11.0745
1328.60 11.0745
1311.92 11.0745
1295.24 11.0745
1345.28 11.0881
1328.60 11.0881
1311.89 11.0881
1295.21 11.0881
1328.60 11.1856
1311.94 11.1856
1295.26 11.1856
1278.58 11.1856
1345.31 11.0994
1328.63 11.0994
1311.95 11.0994
1295.26 11.0994
1361.96 11.1862
1345.28 11.1862
1328.60 11.1862
1311.92 11.1862
1378.65 11.3307
1361.96 11.3307
1345.28 11.3307
1328.60 11.3307
1378.64 11.2375
1361.96 11.2375
1345.28 11.2375
1328.60 11.2375
1395.33 11.1764
1378.64 11.1764
1361.96 11.1764
1345.28 11.1764
1395.33 11.0649
1378.64 11.0649
1361.96 11.0649
1345.28 11.0649
1412.01 11.0946
1395.33 11.0946
1378.64 11.0946
1361.96 11.0946
1412.01 11.1203
1395.32 11.1203
1378.64 11.1203
1361.96 11.1203
1428.69 11.0793
1412.01 11.0793
1395.33 11.0793
1378.64 11.0793
1428.69 11.2586
1412.01 11.2586
1395.33 11.2586
1378.64 11.2586
1445.37 11.2314
1428.69 11.2314
1412.01 11.2314
1395.33 11.2314
1445.40 11.1357
1428.72 11.1357
1412.04 11.1357
1395.35 11.1357
1445.39 11.2909
1428.71 11.2909
1412.03 11.2909
1395.35 11.2909
1445.39 11.263
1428.71 11.263
1412.03 11.263
1395.35 11.263
1462.08 11.1077
1445.40 11.1077
1428.72 11.1077
1412.04 11.1077
1462.05 11.1271
1445.37 11.1271
1428.69 11.1271
1411.98 11.1271
1478.73 11.2572
1462.02 11.2572
1445.37 11.2572
1428.66 11.2572
1562.11 11.2416
1545.43 11.2416
1528.75 11.2416
1512.07 11.2416
1495.41 11.2416
1478.73 11.2416
1462.03 11.2416
1445.37 11.2416
1562.12 11.2558
1545.46 11.2558
1528.78 11.2558
1512.07 11.2558
1495.39 11.2558
1478.70 11.2558
1462.05 11.2558
1445.37 11.2558
1578.82 11.1791
1562.11 11.1791
1545.46 11.1791
1528.75 11.1791
1512.10 11.1791
1495.39 11.1791
1478.73 11.1791
1462.05 11.1791
1595.48 11.099
1578.82 11.099
1562.14 11.099
1545.46 11.099
1528.78 11.099
1512.10 11.099
1495.42 11.099
1478.73 11.099
1628.87 11.2267
1612.18 11.2267
1595.50 11.2267
1578.82 11.2267
1562.14 11.2267
1545.46 11.2267
1528.78 11.2267
1512.10 11.2267
1612.19 11.0429
1595.51 11.0429
1578.83 11.0429
1562.14 11.0429
1545.46 11.0429
1528.78 11.0429
1512.10 11.0429
1495.42 11.0429
1628.87 11.0752
1612.19 11.0752
1595.51 11.0752
1578.82 11.0752
1562.14 11.0752
1545.46 11.0752
1528.78 11.0752
1512.10 11.0752
1645.55 11.1389
1628.87 11.1389
1612.18 11.1389
1595.51 11.1389
1578.82 11.1389
1562.14 11.1389
1545.46 11.1389
1528.78 11.1389
1662.23 11.008
1645.55 11.008
1628.87 11.008
1612.15 11.008
1595.50 11.008
1578.79 11.008
1562.11 11.008
1545.46 11.008
1678.91 10.9773
1662.22 10.9773
1645.55 10.9773
1628.87 10.9773
1612.16 10.9773
1595.48 10.9773
1578.82 10.9773
1562.11 10.9773
1695.62 11.084
1678.94 11.084
1662.26 11.084
1645.55 11.084
1628.87 11.084
1612.19 11.084
1595.51 11.084
1578.82 11.084
1695.59 10.7863
1678.91 10.7863
1662.23 10.7863
1645.52 10.7863
1628.87 10.7863
1612.18 10.7863
1595.48 10.7863
1578.79 10.7863
1695.63 10.7259
1678.92 10.7259
1662.26 10.7259
1645.58 10.7259
1628.90 10.7259
1612.22 10.7259
1595.54 10.7259
1578.85 10.7259
1695.59 10.6776
1678.91 10.6776
1662.23 10.6776
1645.55 10.6776
1628.87 10.6776
1612.18 10.6776
1595.50 10.6776
1578.82 10.6776
1695.62 10.6508
1678.94 10.6508
1662.26 10.6508
1645.58 10.6508
1628.89 10.6508
1612.19 10.6508
1595.53 10.6508
1578.82 10.6508
1695.62 10.621
1678.94 10.621
1662.26 10.621
1645.58 10.621
1628.89 10.621
1612.19 10.621
1595.53 10.621
1578.85 10.621
1562.17 10.621
1545.49 10.621
1528.81 10.621
1512.10 10.621
1495.44 10.621
1478.76 10.621
1462.08 10.621
1445.37 10.621
1428.72 10.621
1412.03 10.621
1395.35 10.621
1378.67 10.621
1361.99 10.621
1345.31 10.621
1328.62 10.621
1311.94 10.621
1295.26 10.621
1278.58 10.621
1261.90 10.621
1245.22 10.621
1228.54 10.621
1211.86 10.621
1195.17 10.621
1178.49 10.621
1161.81 10.621
1145.13 10.621
1128.45 10.621
1111.77 10.621
1095.09 10.621
1078.40 10.621
1061.72 10.621
1045.04 10.621
1028.36 10.621
1011.68 10.621
995.00 10.621
978.31 10.621
961.63 10.621
944.95 10.621
928.27 10.621
911.59 10.621
894.90 10.621
878.22 10.621
861.54 10.621
844.86 10.621
828.18 10.621
811.50 10.621
794.82 10.621
778.14 10.621
761.45 10.621
744.77 10.621
728.09 10.621
711.41 10.621
694.70 10.621
678.05 10.621
661.36 10.621
644.66 10.621
627.98 10.621
611.32 10.621
594.61 10.621
577.93 10.621
561.27 10.621
544.56 10.621
527.91 10.621
511.23 10.621
511.23 10.6092
494.55 10.6092
477.87 10.6092
461.19 10.6092
444.48 10.6092
427.82 10.6092
411.14 10.6092
394.44 10.6092
527.91 10.7697
511.23 10.7697
494.52 10.7697
477.84 10.7697
461.19 10.7697
444.48 10.7697
427.80 10.7697
411.12 10.7697
527.88 10.6822
511.20 10.6822
494.52 10.6822
477.84 10.6822
461.16 10.6822
444.47 10.6822
427.79 10.6822
411.12 10.6822
527.88 10.6145
511.23 10.6145
494.53 10.6145
477.87 10.6145
461.16 10.6145
444.48 10.6145
427.82 10.6145
411.11 10.6145
544.57 10.5334
527.91 10.5334
511.20 10.5334
494.52 10.5334
477.84 10.5334
461.16 10.5334
444.48 10.5334
427.79 10.5334
561.25 10.4933
544.57 10.4933
527.88 10.4933
511.20 10.4933
494.52 10.4933
477.84 10.4933
461.18 10.4933
444.50 10.4933
561.22 10.5666
544.57 10.5666
527.89 10.5666
511.20 10.5666
494.50 10.5666
477.81 10.5666
461.16 10.5666
444.45 10.5666
577.90 10.444
561.22 10.444
544.57 10.444
527.86 10.444
511.20 10.444
494.49 10.444
477.84 10.444
461.13 10.444
577.93 10.386
561.25 10.386
544.57 10.386
527.89 10.386
511.21 10.386
494.53 10.386
477.85 10.386
461.19 10.386
594.58 10.3092
577.90 10.3092
561.22 10.3092
544.54 10.3092
527.89 10.3092
511.20 10.3092
494.50 10.3092
477.81 10.3092
611.30 10.3768
594.61 10.3768
577.93 10.3768
561.28 10.3768
544.60 10.3768
527.89 10.3768
511.23 10.3768
494.55 10.3768
611.32 10.6747
594.64 10.6747
577.96 10.6747
561.28 10.6747
544.59 10.6747
527.88 10.6747
511.20 10.6747
494.55 10.6747
611.32 10.4952
594.61 10.4952
577.93 10.4952
561.25 10.4952
544.59 10.4952
527.88 10.4952
511.23 10.4952
494.52 10.4952
628.01 10.2751
611.33 10.2751
594.64 10.2751
577.93 10.2751
561.26 10.2751
544.57 10.2751
527.89 10.2751
511.23 10.2751
644.68 10.1724
628.00 10.1724
611.32 10.1724
594.64 10.1724
577.96 10.1724
561.25 10.1724
544.57 10.1724
527.89 10.1724
644.63 10.4163
627.95 10.4163
611.29 10.4163
594.59 10.4163
577.93 10.4163
561.22 10.4163
544.57 10.4163
527.86 10.4163
661.36 10.0954
644.65 10.0954
627.97 10.0954
611.32 10.0954
594.61 10.0954
577.96 10.0954
561.25 10.0954
544.59 10.0954
661.31 10.0157
644.63 10.0157
627.95 10.0157
611.29 10.0157
594.61 10.0157
577.90 10.0157
561.23 10.0157
544.54 10.0157
678.02 9.93796
661.31 9.93796
644.63 9.93796
627.95 9.93796
611.29 9.93796
594.61 9.93796
577.91 9.93796
561.25 9.93796
694.71 9.85569
678.02 9.85569
661.34 9.85569
644.68 9.85569
628.00 9.85569
611.30 9.85569
594.61 9.85569
577.96 9.85569
694.70 9.91789
678.05 9.91789
661.34 9.91789
644.68 9.91789
628.00 9.91789
611.32 9.91789
594.64 9.91789
577.94 9.91789
711.41 9.79764
694.70 9.79764
678.05 9.79764
661.34 9.79764
644.66 9.79764
627.98 9.79764
611.29 9.79764
594.64 9.79764
711.38 9.73528
694.70 9.73528
678.02 9.73528
661.34 9.73528
644.65 9.73528
628.00 9.73528
611.32 9.73528
594.64 9.73528
711.41 10.0001
694.70 10.0001
678.05 10.0001
661.36 10.0001
644.68 10.0001
628.00 10.0001
611.29 10.0001
594.64 10.0001
678.03 9.95683
661.35 9.95683
644.67 9.95683
627.99 9.95683
611.31 9.95683
594.63 9.95683
577.94 9.95683
561.29 9.95683
678.02 10.0498
661.37 10.0498
644.69 10.0498
628.00 10.0498
611.30 10.0498
594.62 10.0498
577.94 10.0498
561.25 10.0498
661.37 10.0127
644.66 10.0127
628.01 10.0127
611.30 10.0127
594.62 10.0127
577.93 10.0127
561.28 10.0127
544.57 10.0127
644.66 9.97853
628.00 9.97853
611.32 9.97853
594.61 9.97853
577.93 9.97853
561.25 9.97853
544.57 9.97853
527.89 9.97853
644.66 10.0235
627.98 10.0235
611.30 10.0235
594.61 10.0235
577.96 10.0235
561.25 10.0235
544.58 10.0235
527.89 10.0235
627.95 10.0145
611.26 10.0145
594.61 10.0145
577.93 10.0145
561.25 10.0145
544.52 10.0145
527.86 10.0145
511.20 10.0145
627.95 10.156
611.29 10.156
594.61 10.156
577.90 10.156
561.22 10.156
544.54 10.156
527.85 10.156
511.18 10.156
627.95 10.2299
611.27 10.2299
594.58 10.2299
577.93 10.2299
561.22 10.2299
544.56 10.2299
527.88 10.2299
511.18 10.2299
644.68 10.4022
628.00 10.4022
611.32 10.4022
594.62 10.4022
577.93 10.4022
561.27 10.4022
544.59 10.4022
527.89 10.4022
644.62 10.4421
627.95 10.4421
611.27 10.4421
594.58 10.4421
577.90 10.4421
561.22 10.4421
544.57 10.4421
527.88 10.4421
644.66 10.36
628.00 10.36
611.32 10.36
594.64 10.36
577.96 10.36
561.28 10.36
544.60 10.36
527.89 10.36
661.31 10.168
644.63 10.168
627.98 10.168
611.29 10.168
594.59 10.168
577.93 10.168
561.23 10.168
544.57 10.168
677.99 10.1418
661.34 10.1418
644.66 10.1418
627.98 10.1418
611.27 10.1418
594.61 10.1418
577.90 10.1418
561.25 10.1418
678.02 10.1153
661.31 10.1153
644.66 10.1153
627.97 10.1153
611.29 10.1153
594.61 10.1153
577.93 10.1153
561.25 10.1153
694.67 10.1669
678.02 10.1669
661.34 10.1669
644.66 10.1669
627.98 10.1669
611.29 10.1669
594.61 10.1669
577.90 10.1669
694.73 10.3084
678.02 10.3084
661.36 10.3084
644.68 10.3084
627.97 10.3084
611.32 10.3084
594.64 10.3084
577.95 10.3084
711.38 10.1781
694.70 10.1781
678.02 10.1781
661.34 10.1781
644.66 10.1781
627.97 10.1781
611.29 10.1781
594.61 10.1781
728.07 9.98395
711.38 9.98395
694.70 9.98395
678.02 9.98395
661.34 9.98395
644.66 9.98395
627.98 9.98395
611.29 9.98395
728.06 9.9211
711.38 9.9211
694.70 9.9211
678.02 9.9211
661.34 9.9211
644.66 9.9211
627.98 9.9211
611.29 9.9211
744.75 9.96285
728.06 9.96285
711.38 9.96285
694.70 9.96285
678.02 9.96285
661.34 9.96285
644.63 9.96285
627.95 9.96285
744.72 9.85984
728.03 9.85984
711.36 9.85984
694.67 9.85984
677.99 9.85984
661.31 9.85984
644.65 9.85984
627.95 9.85984
744.72 10.0074
728.04 10.0074
711.38 10.0074
694.67 10.0074
678.02 10.0074
661.34 10.0074
644.66 10.0074
627.98 10.0074
744.75 10.0944
728.03 10.0944
711.38 10.0944
694.70 10.0944
678.02 10.0944
661.34 10.0944
644.66 10.0944
627.98 10.0944
761.43 10.227
744.75 10.227
728.06 10.227
711.38 10.227
694.70 10.227
678.02 10.227
661.34 10.227
644.65 10.227
761.43 10.3883
744.75 10.3883
728.06 10.3883
711.38 10.3883
694.70 10.3883
678.02 10.3883
661.34 10.3883
644.65 10.3883
761.43 10.42
744.75 10.42
728.07 10.42
711.37 10.42
694.70 10.42
678.02 10.42
661.34 10.42
644.66 10.42
694.70 10.2898
678.02 10.2898
661.34 10.2898
644.66 10.2898
694.70 10.3135
678.02 10.3135
661.34 10.3135
644.66 10.3135
711.38 10.3904
694.70 10.3904
678.02 10.3904
661.34 10.3904
711.38 10.5196
694.70 10.5196
678.02 10.5196
661.34 10.5196
728.06 10.3563
711.38 10.3563
694.70 10.3563
678.02 10.3563
728.06 10.2616
711.38 10.2616
694.70 10.2616
678.02 10.2616
744.75 10.4639
728.07 10.4639
711.38 10.4639
694.70 10.4639
744.75 10.3436
728.07 10.3436
711.38 10.3436
694.70 10.3436
744.75 10.1725
728.07 10.1725
711.38 10.1725
694.70 10.1725
761.43 10.3759
744.75 10.3759
728.07 10.3759
711.38 10.3759
761.43 10.259
744.75 10.259
728.07 10.259
711.39 10.259
778.11 10.4974
761.43 10.4974
744.75 10.4974
728.07 10.4974
778.11 10.3477
761.43 10.3477
744.75 10.3477
728.06 10.3477
794.79 10.5291
778.11 10.5291
761.43 10.5291
744.74 10.5291
794.79 10.5053
778.11 10.5053
761.43 10.5053
744.75 10.5053
794.79 10.706
778.11 10.706
761.43 10.706
744.75 10.706
811.47 10.4401
794.79 10.4401
778.11 10.4401
761.43 10.4401
828.15 10.5987
811.47 10.5987
794.79 10.5987
778.11 10.5987
828.15 10.342
811.47 10.342
794.79 10.342
778.11 10.342
844.86 10.1673
828.18 10.1673
811.50 10.1673
794.82 10.1673
844.86 10.492
828.18 10.492
811.50 10.492
794.82 10.492
861.55 10.2402
844.87 10.2402
828.18 10.2402
811.50 10.2402
861.55 10.3647
844.86 10.3647
828.18 10.3647
811.50 10.3647
861.54 10.1383
844.86 10.1383
828.18 10.1383
811.50 10.1383
878.23 10.1842
861.55 10.1842
844.87 10.1842
828.18 10.1842
894.90 10.5031
878.22 10.5031
861.54 10.5031
844.86 10.5031
894.91 10.3709
878.23 10.3709
861.52 10.3709
844.86 10.3709
911.59 10.3738
894.90 10.3738
878.22 10.3738
861.54 10.3738
911.59 10.4172
894.91 10.4172
878.23 10.4172
928.24 10.5019
911.56 10.5019
894.88 10.5019
878.20 10.5019
928.24 10.4488
911.53 10.4488
894.88 10.4488
878.20 10.4488
944.92 10.6868
928.24 10.6868
911.56 10.6868
894.88 10.6868
928.21 10.7218
911.56 10.7218
894.88 10.7218
878.20 10.7218
944.92 10.6758
928.21 10.6758
911.54 10.6758
894.88 10.6758
944.92 10.654
928.24 10.654
911.53 10.654
894.85 10.654
944.90 10.7509
928.19 10.7509
911.53 10.7509
894.85 10.7509
944.90 10.6534
928.22 10.6534
911.53 10.6534
894.88 10.6534
961.60 10.7122
944.95 10.7122
928.25 10.7122
911.56 10.7122
961.60 10.6561
944.91 10.6561
928.24 10.6561
911.56 10.6561
978.29 10.7517
961.61 10.7517
944.90 10.7517
928.24 10.7517
961.63 10.8063
944.92 10.8063
928.25 10.8063
911.55 10.8063
961.58 10.9404
944.89 10.9404
928.22 10.9404
911.53 10.9404
961.58 10.9938
944.92 10.9938
928.24 10.9938
911.53 10.9938
978.26 10.9181
961.58 10.9181
944.90 10.9181
928.25 10.9181
978.29 10.9644
961.61 10.9644
944.92 10.9644
928.24 10.9644
994.97 11.0064
978.29 11.0064
961.61 11.0064
944.92 11.0064
994.97 11.1073
978.29 11.1073
961.61 11.1073
944.92 11.1073
994.97 11.1592
978.29 11.1592
961.61 11.1592
944.92 11.1592
1011.65 11.0072
994.97 11.0072
978.29 11.0072
961.61 11.0072
1011.65 11.0518
994.97 11.0518
978.29 11.0518
961.61 11.0518
994.97 10.9279
978.29 10.9279
961.61 10.9279
944.92 10.9279
995.00 10.8346
978.32 10.8346
961.64 10.8346
944.96 10.8346
1011.65 10.7628
994.97 10.7628
978.26 10.7628
961.61 10.7628
994.97 10.8277
978.31 10.8277
961.63 10.8277
944.95 10.8277
1011.65 10.7624
995.00 10.7624
978.32 10.7624
961.63 10.7624
1011.67 10.8613
994.97 10.8613
978.31 10.8613
961.61 10.8613
1028.33 10.8376
1011.65 10.8376
994.97 10.8376
978.29 10.8376
1028.29 11.0591
1011.62 11.0591
994.94 11.0591
978.28 11.0591
1028.33 11.0068
1011.65 11.0068
994.94 11.0068
978.26 11.0068
1028.34 10.9712
1011.68 10.9712
995.00 10.9712
978.29 10.9712
1028.36 11.0207
1011.67 11.0207
994.99 11.0207
978.31 11.0207
1045.04 11.1166
1028.36 11.1166
1011.67 11.1166
994.99 11.1166
1045.04 11.07
1028.36 11.07
1011.67 11.07
994.99 11.07
1045.02 11.2233
1028.31 11.2233
1011.65 11.2233
994.97 11.2233
1045.01 11.1641
1028.33 11.1641
1011.65 11.1641
994.97 11.1641
1045.01 11.31
1028.33 11.31
1011.65 11.31
994.97 11.31
1061.69 11.2546
1045.01 11.2546
1028.33 11.2546
1011.65 11.2546
1061.69 11.1469
1045.01 11.1469
1028.33 11.1469
1011.65 11.1469
1061.70 11.0668
1045.01 11.0668
1028.30 11.0668
1011.63 11.0668
1061.69 10.9315
1045.02 10.9315
1028.31 10.9315
1011.65 10.9315
1061.70 11.0971
1045.02 11.0971
1028.32 11.0971
1011.65 11.0971
1078.38 10.9415
1061.69 10.9415
1045.01 10.9415
1028.32 10.9415
1078.40 10.9778
1061.72 10.9778
1045.04 10.9778
1028.33 10.9778
1078.41 11.0541
1061.72 11.0541
1045.01 11.0541
1028.34 11.0541
1078.37 11.0143
1061.69 11.0143
1045.04 11.0143
1028.36 11.0143
1078.38 11.189
1061.67 11.189
1044.98 11.189
1028.33 11.189
1095.06 11.0452
1078.38 11.0452
1061.72 11.0452
1045.01 11.0452
1095.03 11.0923
1078.35 11.0923
1061.69 11.0923
1044.98 11.0923
1095.08 11.0328
1078.40 11.0328
1061.70 11.0328
1045.02 11.0328
1095.06 11.0729
1078.36 11.0729
1061.72 11.0729
1045.04 11.0729
1095.06 10.5166
1078.40 10.5166
1061.68 10.5166
1045.03 10.5166
1111.74 10.3055
1095.07 10.3055
1078.41 10.3055
1061.72 10.3055
1111.77 10.6
1095.09 10.6
1078.40 10.6
1061.72 10.6
1111.74 10.1733
1095.06 10.1733
1078.38 10.1733
1061.69 10.1733
1111.74 10.4019
1095.06 10.4019
1078.38 10.4019
1061.69 10.4019
1111.74 10.3952
1095.06 10.3952
1078.38 10.3952
1061.69 10.3952
1128.42 10.3487
1111.74 10.3487
1095.04 10.3487
1078.35 10.3487
1128.42 10.3195
1111.74 10.3195
1095.03 10.3195
1078.38 10.3195
1128.42 10.3832
1111.71 10.3832
1095.06 10.3832
1078.38 10.3832
1128.42 10.448
1111.71 10.448
1095.03 10.448
1078.35 10.448
1145.10 10.349
1128.42 10.349
1111.74 10.349
1095.03 10.349
1128.42 10.4216
1111.74 10.4216
1095.06 10.4216
1078.38 10.4216
1145.10 10.28
1128.42 10.28
1111.74 10.28
1095.06 10.28
1145.08 10.4782
1128.40 10.4782
1111.74 10.4782
1095.06 10.4782
1145.10 10.78
1128.40 10.78
1111.74 10.78
1095.06 10.78
1161.78 10.3989
1145.10 10.3989
1128.39 10.3989
1111.74 10.3989
1095.06 10.3989
1078.35 10.3989
1061.67 10.3989
1044.99 10.3989
1028.31 10.3989
1011.62 10.3989
994.95 10.3989
978.27 10.3989
961.61 10.3989
944.90 10.3989
928.22 10.3989
911.53 10.3989
894.85 10.3989
878.20 10.3989
861.52 10.3989
844.81 10.3989
828.13 10.3989
811.47 10.3989
794.79 10.3989
778.11 10.3989
761.43 10.3989
744.75 10.3989
728.07 10.3989
711.38 10.3989
694.70 10.3989
678.02 10.3989
661.34 10.3989
644.66 10.3989
627.97 10.3989
611.29 10.3989
594.61 10.3989
577.93 10.3989
561.25 10.3989
544.57 10.3989
527.88 10.3989
511.20 10.3989
494.52 10.3989
477.81 10.3989
461.13 10.3989
444.48 10.3989
427.80 10.3989
411.12 10.3989
394.43 10.3989
377.75 10.3989
427.80 10.8321
411.12 10.8321
394.43 10.8321
377.72 10.8321
427.80 10.8134
411.11 10.8134
394.43 10.8134
377.75 10.8134
427.80 10.8973
411.11 10.8973
394.43 10.8973
377.75 10.8973
427.80 10.7281
411.12 10.7281
394.43 10.7281
377.75 10.7281
444.48 10.7884
427.80 10.7884
411.11 10.7884
394.43 10.7884
444.48 10.5198
427.80 10.5198
411.12 10.5198
394.44 10.5198
444.48 10.6738
427.80 10.6738
411.12 10.6738
394.44 10.6738
444.48 10.4266
427.80 10.4266
411.12 10.4266
394.43 10.4266
444.48 10.4845
427.80 10.4845
411.12 10.4845
394.44 10.4845
461.16 10.2782
444.48 10.2782
427.80 10.2782
411.12 10.2782
461.16 10.4996
444.48 10.4996
427.80 10.4996
411.12 10.4996
461.16 10.3162
444.48 10.3162
427.80 10.3162
411.12 10.3162
461.16 10.5481
444.48 10.5481
427.80 10.5481
411.12 10.5481
461.18 10.3887
444.50 10.3887
427.82 10.3887
411.14 10.3887
477.84 10.4718
461.16 10.4718
444.48 10.4718
427.80 10.4718
477.84 10.3185
461.16 10.3185
444.48 10.3185
427.80 10.3185
477.84 10.6663
461.16 10.6663
444.48 10.6663
427.80 10.6663
477.84 10.5641
461.16 10.5641
444.48 10.5641
427.80 10.5641
477.84 10.6434
461.16 10.6434
444.48 10.6434
427.80 10.6434
494.52 10.5442
477.84 10.5442
461.16 10.5442
444.48 10.5442
494.52 10.6588
477.84 10.6588
461.14 10.6588
444.48 10.6588
494.50 10.4684
477.84 10.4684
461.14 10.4684
444.48 10.4684
494.52 10.8073
477.84 10.8073
461.16 10.8073
444.48 10.8073
494.52 10.5964
477.84 10.5964
461.16 10.5964
444.48 10.5964
511.20 10.5197
494.52 10.5197
477.84 10.5197
461.16 10.5197
511.21 10.7348
494.52 10.7348
477.84 10.7348
461.16 10.7348
511.23 10.5742
494.55 10.5742
477.87 10.5742
461.18 10.5742
511.23 10.3822
494.54 10.3822
477.86 10.3822
461.18 10.3822
527.89 10.6586
511.20 10.6586
494.52 10.6586
477.84 10.6586
527.92 10.2049
511.24 10.2049
494.56 10.2049
477.87 10.2049
527.91 10.3725
511.23 10.3725
494.55 10.3725
477.87 10.3725
527.91 10.4158
511.23 10.4158
494.55 10.4158
477.87 10.4158
544.60 10.277
527.92 10.277
511.23 10.277
494.55 10.277
544.59 10.421
527.91 10.421
511.23 10.421
494.55 10.421
561.25 10.4296
544.57 10.4296
527.86 10.4296
511.20 10.4296
561.25 10.3268
544.55 10.3268
527.86 10.3268
511.20 10.3268
561.22 10.2298
544.57 10.2298
527.89 10.2298
511.20 10.2298
561.25 10.3102
544.57 10.3102
527.89 10.3102
511.21 10.3102
577.90 10.5709
561.22 10.5709
544.54 10.5709
527.86 10.5709
577.90 10.3146
561.22 10.3146
544.57 10.3146
527.86 10.3146
577.93 10.3827
561.22 10.3827
544.54 10.3827
527.86 10.3827
577.96 10.2516
561.25 10.2516
544.57 10.2516
527.91 10.2516
594.62 10.3932
577.94 10.3932
561.26 10.3932
544.58 10.3932
594.64 10.4374
577.96 10.4374
561.28 10.4374
544.59 10.4374
594.61 10.3781
577.93 10.3781
561.25 10.3781
544.55 10.3781
594.64 10.4546
577.96 10.4546
561.28 10.4546
544.60 10.4546
611.32 10.4907
594.64 10.4907
577.96 10.4907
561.27 10.4907
611.29 10.2935
594.64 10.2935
577.96 10.2935
561.28 10.2935
611.32 10.4501
594.64 10.4501
577.93 10.4501
561.28 10.4501
611.30 10.4286
594.61 10.4286
577.93 10.4286
561.28 10.4286
627.98 10.5445
611.29 10.5445
594.61 10.5445
577.93 10.5445
628.00 10.5343
611.29 10.5343
594.61 10.5343
577.93 10.5343
594.62 10.6022
577.93 10.6022
561.25 10.6022
544.57 10.6022
577.93 10.4693
561.25 10.4693
577.93 10.5796
561.27 10.5796
561.24 10.6139
544.57 10.6139
577.90 10.6075
561.22 10.6075
561.22 10.4759
544.54 10.4759
577.93 10.5183
561.25 10.5183
577.93 10.6283
561.24 10.6283
577.93 10.4869
561.25 10.4869
577.93 10.5634
561.25 10.5634
577.96 10.41
561.25 10.41
577.93 10.4958
561.25 10.4958
577.90 10.7536
561.22 10.7536
577.93 10.5474
561.24 10.5474
577.96 10.6082
561.28 10.6082
577.96 10.5339
561.25 10.5339
577.93 10.582
561.28 10.582
577.96 10.4352
561.25 10.4352
577.92 10.427
561.25 10.427
594.61 10.4374
577.93 10.4374
594.62 10.3986
577.94 10.3986
594.59 10.2519
577.90 10.2519
594.59 10.3011
577.91 10.3011
594.61 10.4795
577.93 10.4795
594.64 10.2919
577.93 10.2919
594.62 10.3262
577.93 10.3262
594.61 10.3214
577.93 10.3214
594.63 10.3138
577.93 10.3138
594.61 10.3721
577.93 10.3721
611.29 10.2382
594.61 10.2382
594.61 10.2806
577.96 10.2806
594.64 10.2101
577.96 10.2101
611.29 10.4075
594.61 10.4075
611.27 10.3149
594.58 10.3149
611.29 10.3115
594.61 10.3115
611.27 10.3146
594.61 10.3146
611.27 10.5796
594.59 10.5796
611.30 10.4773
594.62 10.4773
627.95 10.4851
611.26 10.4851
611.26 10.5413
594.59 10.5413
627.95 10.5935
611.29 10.5935
611.29 10.5047
594.61 10.5047
628.00 10.441
611.32 10.441
628.00 10.4154
611.29 10.4154
627.98 10.536
611.30 10.536
627.95 10.4717
611.27 10.4717
627.98 10.3754
611.29 10.3754
627.97 10.4428
611.30 10.4428
627.98 10.4764
611.29 10.4764
628.00 10.4274
611.29 10.4274
627.99 10.5575
611.29 10.5575
628.00 10.5191
611.32 10.5191
644.68 10.3924
628.00 10.3924
644.66 10.4201
628.00 10.4201
644.66 10.4525
628.00 10.4525
644.68 10.3825
628.00 10.3825
644.66 10.4573
628.00 10.4573
644.67 10.3818
627.98 10.3818
644.65 10.3931
628.00 10.3931
644.68 10.4829
628.00 10.4829
661.34 10.562
644.66 10.562
661.36 10.5366
644.66 10.5366
661.31 10.542
644.65 10.542
661.34 10.5268
644.66 10.5268
661.34 10.463
644.66 10.463
661.37 10.5165
644.68 10.5165
661.37 10.5189
644.66 10.5189
661.34 10.4998
644.66 10.4998
661.34 10.6326
644.66 10.6326
661.34 10.5383
644.66 10.5383
678.02 10.5992
661.35 10.5992
677.99 10.6057
661.31 10.6057
678.01 10.5762
661.32 10.5762
678.02 10.587
661.34 10.587
678.01 10.5504
661.34 10.5504
678.00 10.4458
661.32 10.4458
678.02 10.5404
661.34 10.5404
678.02 10.4086
661.34 10.4086
677.99 10.3788
661.31 10.3788
694.69 10.4582
678.01 10.4582
694.67 10.5428
677.99 10.5428
694.70 10.4765
678.02 10.4765
694.70 10.4808
678.02 10.4808
694.70 10.4458
678.02 10.4458
694.71 10.457
678.02 10.457
694.70 10.3851
678.01 10.3851
694.70 10.3588
678.01 10.3588
694.70 10.4266
678.02 10.4266
711.38 10.552
694.70 10.552
711.38 10.465
694.70 10.465
711.38 10.5272
694.71 10.5272
711.36 10.5302
694.67 10.5302
711.36 10.5477
694.67 10.5477
711.38 10.5264
694.70 10.5264
711.38 10.4908
694.67 10.4908
711.39 10.5696
694.70 10.5696
711.38 10.5359
694.71 10.5359
728.07 10.5361
711.38 10.5361
694.70 10.5361
678.02 10.5361
661.34 10.5361
644.66 10.5361
627.97 10.5361
611.29 10.5361
594.62 10.5361
577.96 10.5361
561.25 10.5361
544.57 10.5361
527.91 10.5361
511.20 10.5361
494.52 10.5361
477.87 10.5361
461.16 10.5361
444.48 10.5361
427.80 10.5361
411.11 10.5361
394.46 10.5361
377.75 10.5361
361.07 10.5361
344.39 10.5361
327.71 10.5361
311.03 10.5361
327.74 10.5844
311.02 10.5844
327.71 10.6923
311.03 10.6923
344.39 10.6344
327.71 10.6344
344.39 10.505
327.71 10.505
344.42 10.4343
327.71 10.4343
344.42 10.5257
327.71 10.5257
344.42 10.4647
327.74 10.4647
344.39 10.3377
327.71 10.3377
344.38 10.2983
327.73 10.2983
344.39 10.2635
327.71 10.2635
361.07 10.1305
344.42 10.1305
361.07 10.3673
344.39 10.3673
361.04 10.2468
344.36 10.2468
361.07 10.1716
344.39 10.1716
361.08 10.1278
344.39 10.1278
361.05 10.1571
344.36 10.1571
361.04 10.2482
344.36 10.2482
361.10 10.0686
344.42 10.0686
361.07 10.0946
344.42 10.0946
377.78 10.0339
361.08 10.0339
377.76 9.91778
361.07 9.91778
377.75 9.94593
361.07 9.94593
377.75 9.93856
361.07 9.93856
377.73 10.0978
361.04 10.0978
377.78 10.0076
361.07 10.0076
394.44 9.79455
377.78 9.79455
394.44 9.97414
377.78 9.97414
394.43 9.88245
377.78 9.88245
394.43 9.87118
377.75 9.87118
394.41 9.9264
377.75 9.9264
394.43 9.9542
377.72 9.9542
394.40 10.1566
377.75 10.1566
394.43 9.97626
377.72 9.97626
394.43 9.88115
377.72 9.88115
411.11 9.9693
394.43 9.9693
411.12 9.90297
394.44 9.90297
411.12 9.90996
394.43 9.90996
411.14 9.98851
394.46 9.98851
411.14 10.0964
394.46 10.0964
411.12 9.96966
394.41 9.96966
427.80 9.89242
411.08 9.89242
411.12 9.94707
394.44 9.94707
427.80 10.0119
411.12 10.0119
427.80 9.95951
411.12 9.95951
427.78 10.1389
411.12 10.1389
427.81 9.98674
411.12 9.98674
427.78 10.0192
411.12 10.0192
427.80 10.0571
411.12 10.0571
444.51 10.12
427.83 10.12
444.48 10.0543
427.79 10.0543
444.48 9.98076
427.80 9.98076
444.48 10.0049
427.83 10.0049
444.45 9.90324
427.80 9.90324
444.45 9.93082
427.76 9.93082
444.48 10.0426
427.80 10.0426
461.18 9.93791
444.50 9.93791
461.16 9.76165
444.48 9.76165
461.19 9.90879
444.51 9.90879
461.19 9.94126
444.48 9.94126
461.19 9.89694
444.51 9.89694
461.19 9.8008
444.50 9.8008
461.19 9.89194
444.50 9.89194
461.19 10.0113
444.50 10.0113
477.85 9.83737
461.19 9.83737
477.84 9.74208
461.16 9.74208
477.81 9.68876
461.14 9.68876
477.85 9.80908
461.19 9.80908
477.85 9.70098
461.16 9.70098
477.84 9.55386
461.16 9.55386
477.84 9.60878
461.18 9.60878
494.52 9.75925
477.84 9.75925
494.50 9.52507
477.84 9.52507
494.52 9.74851
477.84 9.74851
494.50 9.79246
477.85 9.79246
494.52 9.5984
477.84 9.5984
494.50 9.61044
477.82 9.61044
494.55 9.66403
477.84 9.66403
494.52 9.75864
477.81 9.75864
494.52 9.77552
477.81 9.77552
511.20 9.77451
494.50 9.77451
511.23 9.81644
494.55 9.81644
511.23 9.66213
494.55 9.66213
511.23 9.79821
494.52 9.79821
511.21 9.81471
494.53 9.81471
511.21 9.68725
494.53 9.68725
527.88 9.82308
511.21 9.82308
527.92 9.72084
511.24 9.72084
527.91 9.59823
511.20 9.59823
527.89 9.88161
511.23 9.88161
527.89 9.74071
511.21 9.74071
527.91 9.94792
511.23 9.94792
527.86 9.7812
511.20 9.7812
527.88 9.74387
511.20 9.74387
544.57 10.0062
527.89 10.0062
544.56 9.96332
527.88 9.96332
544.59 9.92709
527.88 9.92709
544.59 9.99914
527.91 9.99914
544.57 10.1909
527.85 10.1909
544.57 10.1147
527.88 10.1147
544.57 10.2122
527.89 10.2122
561.25 10.0927
544.56 10.0927
561.25 10.2757
544.59 10.2757
561.25 10.2024
544.57 10.2024
561.23 10.163
544.54 10.163
561.24 10.2619
544.56 10.2619
561.23 10.3406
544.56 10.3406
561.26 10.4381
544.60 10.4381
561.23 10.2916
544.54 10.2916
577.93 10.5742
561.27 10.5742
577.96 10.3561
561.28 10.3561
577.93 10.5563
561.25 10.5563
577.96 10.5214
561.25 10.5214
577.93 10.424
561.27 10.424
577.93 10.488
561.27 10.488
577.96 10.6413
561.28 10.6413
577.93 10.4842
561.28 10.4842
594.61 10.7888
577.93 10.7888
594.62 10.4619
577.93 10.4619
594.61 10.5463
577.93 10.5463
594.61 10.6533
577.93 10.6533
594.61 10.7821
577.96 10.7821
594.61 10.5862
577.93 10.5862
611.32 10.6798
594.61 10.6798
611.30 10.8351
594.61 10.8351
611.27 10.9079
594.59 10.9079
611.30 10.7568
594.61 10.7568
611.27 10.8792
594.59 10.8792
611.29 10.9196
594.63 10.9196
611.30 10.8279
594.64 10.8279
611.29 10.8179
594.59 10.8179
627.95 10.8498
611.27 10.8498
627.95 10.7815
611.27 10.7815
627.96 10.8111
611.29 10.8111
628.00 10.944
611.32 10.944
627.97 10.9477
611.32 10.9477
627.95 11.0633
611.26 11.0633
627.95 10.9934
611.26 10.9934
627.97 11.0222
611.30 11.0222
644.63 11.1595
627.95 11.1595
644.66 10.9913
627.98 10.9913
644.68 10.9446
627.98 10.9446
644.65 10.9661
627.98 10.9661
644.68 10.9155
628.00 10.9155
644.66 10.9132
627.95 10.9132
644.63 11.0622
627.98 11.0622
644.63 10.9099
627.95 10.9099
661.31 11.0218
644.63 11.0218
661.31 10.9708
644.66 10.9708
661.30 10.8243
644.63 10.8243
661.34 10.9003
644.66 10.9003
661.36 10.9126
644.65 10.9126
661.34 10.7871
644.65 10.7871
661.34 10.7998
644.63 10.7998
678.04 10.7445
661.33 10.7445
678.04 10.8503
661.36 10.8503
678.05 10.7816
661.34 10.7816
678.02 10.7365
661.34 10.7365
678.05 10.7488
661.35 10.7488
678.02 10.7415
661.34 10.7415
678.02 10.8162
661.34 10.8162
678.04 10.6752
661.37 10.6752
678.03 10.8044
661.37 10.8044
694.70 10.7897
678.02 10.7897
694.70 10.7777
678.02 10.7777
694.70 10.7223
678.02 10.7223
694.70 10.8796
678.02 10.8796
694.70 10.8363
678.02 10.8363
694.73 10.7736
678.05 10.7736
694.73 10.7864
678.05 10.7864
711.38 10.9043
694.70 10.9043
711.38 10.9273
694.70 10.9273
711.38 10.8542
694.68 10.8542
711.38 10.8036
694.67 10.8036
678.02 10.8036
661.32 10.8036
644.66 10.8036
627.98 10.8036
611.27 10.8036
594.59 10.8036
577.91 10.8036
561.25 10.8036
544.54 10.8036
527.86 10.8036
511.21 10.8036
494.52 10.8036
477.84 10.8036
461.14 10.8036
444.45 10.8036
427.77 10.8036
411.09 10.8036
394.44 10.8036
377.72 10.8036
361.04 10.8036
344.37 10.8036
327.68 10.8036
311.03 10.8036
327.69 10.7735
311.03 10.7735
327.68 10.842
311.00 10.842
327.68 10.6774
311.03 10.6774
327.71 10.6245
311.03 10.6245
344.39 10.7532
327.71 10.7532
344.39 10.7556
327.68 10.7556
344.39 10.7609
327.68 10.7609
344.39 10.7307
327.68 10.7307
344.36 10.7943
327.68 10.7943
344.39 10.8177
327.71 10.8177
344.39 10.6946
327.71 10.6946
344.39 10.7323
327.71 10.7323
361.07 10.8147
344.39 10.8147
361.07 10.8457
344.39 10.8457
361.07 10.7065
344.39 10.7065
361.07 10.7098
344.39 10.7098
361.07 10.7936
344.39 10.7936
361.07 10.6507
344.39 10.6507
361.07 10.7258
344.39 10.7258
377.75 10.7209
361.07 10.7209
377.75 10.6527
361.07 10.6527
377.75 10.7549
361.07 10.7549
377.75 10.7468
361.07 10.7468
377.75 10.6952
361.07 10.6952
377.75 10.8164
361.07 10.8164
377.75 10.8285
361.07 10.8285
377.75 10.7862
361.07 10.7862
394.44 10.7394
377.75 10.7394
394.44 10.8922
377.75 10.8922
394.44 10.8997
377.75 10.8997
394.41 10.9347
377.75 10.9347
394.44 10.919
377.75 10.919
394.43 11.0457
377.75 11.0457
394.43 10.9066
377.75 10.9066
394.44 10.9138
377.75 10.9138
411.12 10.8517
394.43 10.8517
411.12 11.069
394.43 11.069
411.12 11.0009
394.44 11.0009
411.12 10.952
394.44 10.952
411.12 10.9586
394.44 10.9586
411.12 10.9832
394.44 10.9832
411.11 10.9409
394.43 10.9409
427.80 11.0082
411.12 11.0082
427.80 10.8872
411.12 10.8872
427.80 11.0596
411.11 11.0596
427.80 10.9962
411.12 10.9962
427.80 10.9359
411.12 10.9359
427.80 10.8516
411.12 10.8516
427.80 10.8576
411.12 10.8576
427.80 10.8014
411.12 10.8014
444.48 10.6716
427.80 10.6716
444.50 10.7769
427.82 10.7769
444.48 10.8614
427.80 10.8614
444.48 10.8293
427.80 10.8293
444.48 10.8033
427.80 10.8033
444.48 10.6994
427.80 10.6994
444.48 10.8521
427.80 10.8521
