278.99 10.7789
262.31 10.7789
245.63 10.7789
228.95 10.7789
212.26 10.7789
195.58 10.7789
178.92 10.7789
162.24 10.7789
145.56 10.7789
128.86 10.7789
112.20 10.7789
295.69 10.0984
279.01 10.0984
262.31 10.0984
245.65 10.0984
228.97 10.0984
212.28 10.0984
195.58 10.0984
178.92 10.0984
162.24 10.0984
145.56 10.0984
145.54 12.4816
128.88 12.4816
245.61 10.0799
228.93 10.0799
212.27 10.0799
195.56 10.0799
178.88 10.0799
162.22 10.0799
145.52 10.0799
128.84 10.0799
112.18 10.0799
245.61 10.429
228.93 10.429
212.24 10.429
195.56 10.429
178.90 10.429
162.18 10.429
145.52 10.429
128.84 10.429
112.16 10.429
95.49 10.429
212.26 11.3662
195.58 11.3662
178.90 11.3662
162.20 11.3662
145.52 11.3662
128.84 11.3662
112.16 11.3662
95.47 11.3662
78.79 11.3662
429.14 10.2266
412.46 10.2266
395.78 10.2266
379.10 10.2266
362.42 10.2266
345.74 10.2266
329.06 10.2266
312.38 10.2266
312.37 9.90801
295.69 9.90801
278.99 9.90801
262.33 9.90801
245.63 9.90801
228.94 9.90801
212.26 9.90801
195.58 9.90801
279.01 12.0221
262.33 12.0221
245.65 12.0221
228.97 12.0221
212.27 12.0221
195.58 12.0221
178.90 12.0221
162.22 12.0221
145.54 12.0221
128.86 12.0221
278.99 13.2855
262.33 13.2855
245.63 13.2855
228.97 13.2855
212.28 13.2855
195.58 13.2855
178.90 13.2855
162.22 13.2855
145.55 13.2855
128.85 13.2855
112.18 13.2855
95.49 13.2855
212.26 11.6665
195.58 11.6665
178.90 11.6665
162.24 11.6665
145.54 11.6665
128.86 11.6665
112.19 11.6665
95.52 11.6665
78.81 11.6665
212.24 10.1101
195.56 10.1101
178.89 10.1101
162.20 10.1101
145.54 10.1101
128.86 10.1101
112.18 10.1101
95.48 10.1101
412.46 11.952
395.76 11.952
379.10 11.952
362.40 11.952
345.74 11.952
329.02 11.952
312.35 11.952
295.67 11.952
279.01 11.952
262.33 11.952
262.29 9.92666
245.61 9.92666
228.95 9.92666
212.25 9.92666
195.56 9.92666
178.88 9.92666
162.20 9.92666
145.51 9.92666
128.84 9.92666
112.15 9.92666
295.69 9.83925
278.99 9.83925
262.31 9.83925
245.63 9.83925
228.97 9.83925
212.28 9.83925
195.58 9.83925
178.92 9.83925
162.22 9.83925
145.54 9.83925
128.88 9.83925
112.18 9.83925
279.01 9.90608
262.33 9.90608
245.63 9.90608
228.97 9.90608
212.28 9.90608
195.60 9.90608
178.92 9.90608
162.22 9.90608
145.56 9.90608
128.86 9.90608
112.18 9.90608
295.67 10.2095
278.99 10.2095
262.33 10.2095
245.65 10.2095
228.97 10.2095
212.28 10.2095
195.60 10.2095
178.90 10.2095
162.22 10.2095
145.54 10.2095
128.86 10.2095
112.20 10.2095
279.01 9.91933
262.33 9.91933
245.65 9.91933
228.97 9.91933
212.28 9.91933
195.60 9.91933
178.92 9.91933
162.24 9.91933
145.56 9.91933
128.86 9.91933
112.18 9.91933
95.50 9.91933
262.31 10.1163
245.65 10.1163
228.95 10.1163
212.29 10.1163
195.61 10.1163
178.93 10.1163
162.25 10.1163
145.57 10.1163
128.88 10.1163
112.19 10.1163
262.33 11.1639
245.67 11.1639
228.99 11.1639
212.31 11.1639
195.63 11.1639
178.93 11.1639
162.27 11.1639
145.57 11.1639
128.88 11.1639
112.20 11.1639
278.97 12.0509
262.29 12.0509
245.61 12.0509
228.90 12.0509
212.24 12.0509
195.56 12.0509
178.90 12.0509
162.19 12.0509
145.54 12.0509
128.86 12.0509
112.14 12.0509
228.95 13.0206
212.26 13.0206
195.57 13.0206
178.90 13.0206
162.22 13.0206
145.54 13.0206
162.22 10.3872
145.54 10.3872
128.87 10.3872
178.90 9.80739
162.25 9.80739
145.55 9.80739
128.87 9.80739
162.22 13.9905
145.53 13.9905
128.85 13.9905
178.90 9.91279
162.22 9.91279
145.54 9.91279
145.57 14.7467
128.86 14.7467
112.18 14.7467
178.90 13.987
162.22 13.987
145.54 13.987
195.60 14.5443
178.90 14.5443
162.22 14.5443
162.20 14.3696
145.54 14.3696
128.83 14.3696
162.21 13.26
145.53 13.26
128.88 13.26
145.56 14.0373
128.85 14.0373
112.17 14.0373
162.24 15.1018
145.53 15.1018
128.85 15.1018
228.94 14.2499
212.29 14.2499
195.61 14.2499
195.59 14.4009
178.93 14.4009
162.23 14.4009
195.58 14.8943
178.90 14.8943
162.24 14.8943
278.97 14.1387
262.27 14.1387
245.60 14.1387
245.63 14.6989
228.95 14.6989
212.24 14.6989
212.26 15.5015
195.58 15.5015
178.92 15.5015
178.90 15.0299
162.24 15.0299
145.54 15.0299
212.26 16.7868
195.58 16.7868
178.92 16.7868
362.42 15.2328
345.72 15.2328
329.01 15.2328
312.35 15.2328
312.37 15.7779
295.69 15.7779
279.01 15.7779
312.38 14.4964
295.68 14.4964
279.00 14.4964
262.32 14.4964
245.63 14.4964
228.96 14.4964
212.27 14.4964
195.61 14.4964
178.93 14.4964
162.23 14.4964
145.51 14.4964
128.87 14.4964
162.22 14.948
145.56 14.948
128.86 14.948
162.22 14.4363
145.54 14.4363
128.86 14.4363
162.22 15.2373
145.54 15.2373
128.88 15.2373
195.61 14.7458
178.91 14.7458
162.24 14.7458
162.24 14.8535
145.56 14.8535
128.88 14.8535
178.92 14.4744
162.22 14.4744
145.54 14.4744
162.20 14.3537
145.52 14.3537
128.84 14.3537
162.24 13.4982
145.53 13.4982
128.86 13.4982
162.22 13.908
145.53 13.908
128.86 13.908
195.60 14.818
178.90 14.818
162.22 14.818
178.89 14.1228
162.22 14.1228
145.54 14.1228
162.22 15.5048
145.54 15.5048
128.85 15.5048
262.33 14.8244
245.63 14.8244
228.96 14.8244
212.26 14.8244
195.59 14.8244
178.90 14.8244
228.93 13.8998
212.24 13.8998
195.56 13.8998
178.85 13.8998
162.20 13.8998
145.54 13.8998
245.63 14.6227
228.94 14.6227
212.28 14.6227
295.66 14.4294
279.01 14.4294
262.33 14.4294
245.62 14.4294
228.97 14.4294
212.27 14.4294
195.60 14.4294
178.90 14.4294
162.24 14.4294
195.58 13.8863
178.88 13.8863
162.20 13.8863
145.52 13.8863
128.84 13.8863
112.16 13.8863
145.53 13.0367
128.86 13.0367
112.19 13.0367
195.56 14.6026
178.88 14.6026
162.20 14.6026
145.52 14.6026
128.83 14.6026
195.56 13.4039
178.90 13.4039
162.22 13.4039
162.22 15.389
145.52 15.389
128.84 15.389
162.22 15.1015
145.54 15.1015
128.86 15.1015
212.26 14.3852
195.58 14.3852
178.90 14.3852
212.29 14.9183
195.60 14.9183
178.92 14.9183
162.24 14.9183
145.56 14.9183
128.88 14.9183
279.01 12.5443
262.32 12.5443
245.65 12.5443
228.97 12.5443
212.26 12.5443
195.60 12.5443
195.61 14.356
178.92 14.356
162.24 14.356
178.90 14.1713
162.22 14.1713
145.54 14.1713
145.56 14.0629
128.86 14.0629
112.18 14.0629
178.90 14.8363
162.22 14.8363
145.54 14.8363
162.22 14.5376
145.52 14.5376
128.84 14.5376
162.20 13.9351
145.54 13.9351
128.86 13.9351
195.56 14.475
178.90 14.475
162.22 14.475
162.22 14.3233
145.54 14.3233
128.86 14.3233
178.90 14.6823
162.22 14.6823
145.54 14.6823
145.54 14.4001
128.86 14.4001
112.18 14.4001
178.90 14.1797
162.22 14.1797
145.54 14.1797
195.58 15.2146
178.90 15.2146
162.22 15.2146
162.22 14.5028
145.54 14.5028
128.86 14.5028
178.90 14.9088
162.22 14.9088
145.54 14.9088
145.54 14.2077
128.86 14.2077
112.18 14.2077
145.54 14.5625
128.86 14.5625
112.18 14.5625
145.54 13.8943
128.86 13.8943
112.18 13.8943
162.22 14.4171
145.54 14.4171
128.86 14.4171
195.58 15.0375
178.90 15.0375
162.22 15.0375
178.90 14.7343
162.22 14.7343
145.54 14.7343
178.90 14.4721
162.22 14.4721
145.54 14.4721
162.22 15.9648
145.54 15.9648
128.86 15.9648
162.22 14.1235
145.54 14.1235
128.86 14.1235
145.54 14.3304
128.86 14.3304
112.18 14.3304
162.22 14.8294
145.54 14.8294
128.86 14.8294
195.58 13.7011
178.90 13.7011
162.22 13.7011
162.22 14.0495
145.54 14.0495
128.86 14.0495
178.90 14.7395
162.22 14.7395
145.54 14.7395
312.35 13.9277
295.67 13.9277
278.99 13.9277
262.31 13.9277
245.61 13.9277
228.95 13.9277
295.67 14.7124
278.99 14.7124
262.31 14.7124
245.63 14.7124
228.94 14.7124
212.26 14.7124
195.58 14.7124
178.90 14.7124
162.22 14.7124
162.22 14.4032
145.54 14.4032
128.86 14.4032
178.90 13.7416
162.22 13.7416
145.54 13.7416
128.86 13.7416
212.29 14.0028
195.61 14.0028
178.93 14.0028
178.92 13.931
162.24 13.931
145.56 13.931
178.92 14.6776
162.24 14.6776
145.56 14.6776
162.24 15.2279
145.56 15.2279
128.88 15.2279
162.22 13.954
145.54 13.954
128.86 13.954
212.26 14.1903
195.56 14.1903
178.90 14.1903
228.97 14.3033
212.28 14.3033
195.60 14.3033
178.92 14.3033
162.24 14.3033
145.54 14.3033
195.60 13.728
178.92 13.728
162.24 13.728
162.24 14.3869
145.53 14.3869
128.87 14.3869
145.55 14.1337
128.87 14.1337
112.21 14.1337
145.54 14.7186
128.84 14.7186
112.18 14.7186
178.92 13.625
162.22 13.625
145.53 13.625
228.95 14.6572
212.27 14.6572
195.61 14.6572
228.95 11.5579
212.27 11.5579
195.59 11.5579
178.91 11.5579
162.22 11.5579
145.55 11.5579
329.03 11.114
312.35 11.114
295.67 11.114
279.01 11.114
262.33 11.114
245.65 11.114
228.97 11.114
329.06 13.5335
312.36 13.5335
295.68 13.5335
279.02 13.5335
262.32 13.5335
245.63 13.5335
228.97 13.5335
212.27 13.5335
195.61 13.5335
212.27 14.0923
195.59 14.0923
178.91 14.0923
162.22 14.0923
145.55 14.0923
128.88 14.0923
162.23 15.1673
145.55 15.1673
128.88 15.1673
145.56 9.65058
128.85 9.65058
112.18 9.65058
178.91 13.2202
162.22 13.2202
145.54 13.2202
178.90 12.2596
162.22 12.2596
145.54 12.2596
178.90 11.204
162.21 11.204
145.53 11.204
262.30 12.3827
245.65 12.3827
228.94 12.3827
295.65 13.9878
278.96 13.9878
262.28 13.9878
278.96 12.2512
262.29 12.2512
245.60 12.2512
278.96 12.0969
262.29 12.0969
245.61 12.0969
228.92 12.0969
212.25 12.0969
195.56 12.0969
178.88 12.0969
162.22 12.0969
145.52 12.0969
145.52 10.5442
128.84 10.5442
112.16 10.5442
312.35 9.96517
295.69 9.96517
278.99 9.96517
278.98 10.1706
262.31 10.1706
245.65 10.1706
262.33 10.3569
245.65 10.3569
228.96 10.3569
295.69 9.26472
279.01 9.26472
262.31 9.26472
245.63 9.26472
228.97 9.26472
212.29 9.26472
195.60 9.26472
178.92 9.26472
162.24 9.26472
145.56 9.26472
128.88 9.26472
112.20 9.26472
178.91 9.42458
162.22 9.42458
145.54 9.42458
228.95 10.2429
212.26 10.2429
195.58 10.2429
228.94 9.56991
212.26 9.56991
195.60 9.56991
278.97 9.45127
262.29 9.45127
245.63 9.45127
228.93 9.45127
212.26 9.45127
195.58 9.45127
178.88 9.45127
162.20 9.45127
145.54 9.45127
162.24 9.5446
145.56 9.5446
128.86 9.5446
245.65 9.30897
228.95 9.30897
212.28 9.30897
195.60 9.30897
178.90 9.30897
162.22 9.30897
262.31 9.69904
245.65 9.69904
228.97 9.69904
212.28 9.69904
195.60 9.69904
178.92 9.69904
212.26 10.165
195.58 10.165
178.90 10.165
162.20 10.165
145.54 10.165
128.86 10.165
195.58 9.84329
178.90 9.84329
162.20 9.84329
145.52 9.84329
128.86 9.84329
112.17 9.84329
128.88 9.98072
112.20 9.98072
145.54 9.78753
128.86 9.78753
112.18 9.78753
162.22 10.9848
145.54 10.9848
128.84 10.9848
162.22 10.6886
145.54 10.6886
128.86 10.6886
178.90 10.4826
162.22 10.4826
145.54 10.4826
178.90 10.3572
162.22 10.3572
145.54 10.3572
145.54 9.97188
128.86 9.97188
112.18 9.97188
162.22 11.1464
145.54 11.1464
128.86 11.1464
162.22 10.5223
145.54 10.5223
128.86 10.5223
162.22 10.6634
145.54 10.6634
128.86 10.6634
162.22 12.1897
145.54 12.1897
128.86 12.1897
145.54 12.6012
128.86 12.6012
112.18 12.6012
145.55 12.1181
128.87 12.1181
112.19 12.1181
178.92 11.2069
162.24 11.2069
145.56 11.2069
195.60 11.357
178.92 11.357
162.24 11.357
162.22 13.2849
145.54 13.2849
128.86 13.2849
162.22 10.7588
145.56 10.7588
128.86 10.7588
145.52 13.805
128.84 13.805
112.18 13.805
162.22 13.055
145.56 13.055
128.86 13.055
178.90 13.3817
162.22 13.3817
145.54 13.3817
145.54 13.4682
128.86 13.4682
112.20 13.4682
178.89 12.977
162.22 12.977
145.54 12.977
145.54 13.2682
128.86 13.2682
112.15 13.2682
162.24 13.8644
145.56 13.8644
128.88 13.8644
195.58 13.2693
178.90 13.2693
162.24 13.2693
178.92 14.178
162.24 14.178
145.54 14.178
178.90 13.7047
162.20 13.7047
145.52 13.7047
162.22 13.6203
145.54 13.6203
128.84 13.6203
178.90 12.9872
162.22 12.9872
145.54 12.9872
145.54 13.9929
128.84 13.9929
112.18 13.9929
145.54 14.2232
128.84 14.2232
112.16 14.2232
195.58 13.5942
178.90 13.5942
162.22 13.5942
162.22 13.5736
145.54 13.5736
128.84 13.5736
162.22 13.3882
145.54 13.3882
128.86 13.3882
145.54 14.3264
128.86 14.3264
112.16 14.3264
162.24 14.7506
145.54 14.7506
128.88 14.7506
212.25 13.787
195.59 13.787
178.90 13.787
178.88 13.9038
162.22 13.9038
145.54 13.9038
145.56 12.96
128.88 12.96
112.20 12.96
162.24 13.9808
145.56 13.9808
128.86 13.9808
162.22 13.7587
145.56 13.7587
128.86 13.7587
145.52 13.1951
128.86 13.1951
112.18 13.1951
178.90 14.6051
162.22 14.6051
145.52 14.6051
195.57 12.7886
178.88 12.7886
162.22 12.7886
212.26 13.7156
195.60 13.7156
178.90 13.7156
162.24 13.7156
145.56 13.7156
128.86 13.7156
145.54 13.1754
128.86 13.1754
112.20 13.1754
145.54 13.1459
128.83 13.1459
112.18 13.1459
178.92 14.0196
162.24 14.0196
145.54 14.0196
212.25 14.3453
195.58 14.3453
178.88 14.3453
178.88 12.982
162.20 12.982
145.52 12.982
212.26 14.4714
195.61 14.4714
178.93 14.4714
162.23 14.4714
145.54 14.4714
128.87 14.4714
162.22 15.054
145.54 15.054
128.86 15.054
178.93 13.5331
162.23 13.5331
145.56 13.5331
145.54 14.0596
128.84 14.0596
112.16 14.0596
162.22 14.2879
145.53 14.2879
128.85 14.2879
128.87 13.6542
112.19 13.6542
95.51 13.6542
162.21 13.7149
145.53 13.7149
128.85 13.7149
162.22 14.7162
145.56 14.7162
128.88 14.7162
145.54 14.1837
128.86 14.1837
112.18 14.1837
162.22 14.4869
145.54 14.4869
128.85 14.4869
145.55 15.1805
128.87 15.1805
112.19 15.1805
178.90 13.6323
162.22 13.6323
145.54 13.6323
429.12 13.829
412.44 13.829
395.76 13.829
395.74 13.8455
379.06 13.8455
362.37 13.8455
362.38 11.696
345.69 11.696
329.01 11.696
329.01 14.3969
312.33 14.3969
295.65 14.3969
312.33 12.3003
295.65 12.3003
278.97 12.3003
262.29 12.3003
245.61 12.3003
228.93 12.3003
212.24 12.3003
195.56 12.3003
178.88 12.3003
162.20 12.3003
145.52 12.3003
279.00 12.5729
262.31 12.5729
245.65 12.5729
228.95 12.5729
212.27 12.5729
195.61 12.5729
178.93 12.5729
162.22 12.5729
145.56 12.5729
128.88 12.5729
112.20 12.5729
145.56 13.2959
128.88 13.2959
112.18 13.2959
178.91 14.2948
162.22 14.2948
145.54 14.2948
195.58 12.8479
178.90 12.8479
162.24 12.8479
162.22 13.8563
145.54 13.8563
128.86 13.8563
178.88 13.7049
162.20 13.7049
145.54 13.7049
195.60 14.176
178.90 14.176
162.22 14.176
162.24 12.9897
145.54 12.9897
128.86 12.9897
145.54 13.8153
128.86 13.8153
112.18 13.8153
95.48 13.8153
145.54 14.4937
128.88 14.4937
112.20 14.4937
178.92 14.0383
162.24 14.0383
145.56 14.0383
195.58 14.6315
178.90 14.6315
162.22 14.6315
212.26 13.1462
195.58 13.1462
178.90 13.1462
162.22 13.1462
145.54 13.1462
128.86 13.1462
178.91 13.7763
162.23 13.7763
145.55 13.7763
145.53 14.128
128.86 14.128
112.18 14.128
178.90 14.2947
162.22 14.2947
145.54 14.2947
178.90 13.7446
162.22 13.7446
145.56 13.7446
329.04 14.8633
312.35 14.8633
295.67 14.8633
278.99 14.8633
262.31 14.8633
245.63 14.8633
228.94 14.8633
212.26 14.8633
195.58 14.8633
178.90 14.8633
162.22 14.8633
145.53 14.8633
178.91 14.9974
162.23 14.9974
145.55 14.9974
145.54 14.1878
128.87 14.1878
112.20 14.1878
162.23 15.3567
145.51 15.3567
128.87 15.3567
178.91 14.64
162.23 14.64
145.57 14.64
145.55 14.816
128.89 14.816
112.18 14.816
162.25 13.9849
145.54 13.9849
128.86 13.9849
312.35 15.0834
295.67 15.0834
278.99 15.0834
278.99 15.2731
262.31 15.2731
245.63 15.2731
228.97 15.2731
212.26 15.2731
195.61 15.2731
412.42 16.4006
395.73 16.4006
379.05 16.4006
362.38 16.4006
345.70 16.4006
329.04 16.4006
312.35 16.4006
295.65 16.4006
278.99 16.4006
262.29 16.4006
245.60 16.4006
228.95 16.4006
212.26 16.4006
195.56 16.4006
245.60 14.6397
228.94 14.6397
212.29 14.6397
195.61 14.6397
178.90 14.6397
162.22 14.6397
612.62 14.0511
595.96 14.0511
579.27 14.0511
562.60 14.0511
545.91 14.0511
529.23 14.0511
512.55 14.0511
495.87 14.0511
479.17 14.0511
545.91 14.0307
529.22 14.0307
512.53 14.0307
579.27 11.381
562.59 11.381
545.91 11.381
545.91 12.4967
529.23 12.4967
512.53 12.4967
495.87 12.4967
479.21 12.4967
462.51 12.4967
445.82 12.4967
429.14 12.4967
412.46 12.4967
395.78 12.4967
379.10 12.4967
379.08 10.9844
362.40 10.9844
345.71 10.9844
329.04 10.9844
312.35 10.9844
295.67 10.9844
278.98 10.9844
262.31 10.9844
245.65 10.9844
228.97 10.9844
212.26 10.9844
195.58 10.9844
312.35 10.3486
295.67 10.3486
279.01 10.3486
262.31 10.3486
245.65 10.3486
228.97 10.3486
212.28 10.3486
195.58 10.3486
178.92 10.3486
162.24 10.3486
145.56 10.3486
128.86 10.3486
145.56 10.6517
128.86 10.6517
112.18 10.6517
312.35 11.3257
295.69 11.3257
279.01 11.3257
262.31 11.3257
245.63 11.3257
228.97 11.3257
212.29 11.3257
195.58 11.3257
178.90 11.3257
162.22 11.3257
145.54 11.3257
128.86 11.3257
312.35 14.5943
295.67 14.5943
278.99 14.5943
262.31 14.5943
245.63 14.5943
228.94 14.5943
212.26 14.5943
195.58 14.5943
178.90 14.5943
162.22 14.5943
145.54 14.5943
128.83 14.5943
245.63 10.4278
228.94 10.4278
212.28 10.4278
195.58 10.4278
178.90 10.4278
162.22 10.4278
145.54 10.4278
128.85 10.4278
112.17 10.4278
95.49 10.4278
295.67 10.1972
278.99 10.1972
262.31 10.1972
245.63 10.1972
228.95 10.1972
212.28 10.1972
195.58 10.1972
178.90 10.1972
162.22 10.1972
145.54 10.1972
128.86 10.1972
245.63 11.9845
228.95 11.9845
212.26 11.9845
195.58 11.9845
178.90 11.9845
162.24 11.9845
145.54 11.9845
128.86 11.9845
112.18 11.9845
162.22 12.9348
145.56 12.9348
162.22 10.1545
145.54 10.1545
128.86 10.1545
228.97 11.2955
212.26 11.2955
195.60 11.2955
178.90 11.2955
162.22 11.2955
145.54 11.2955
312.35 11.9353
295.67 11.9353
278.99 11.9353
262.31 11.9353
245.63 11.9353
228.95 11.9353
212.26 11.9353
195.58 11.9353
178.90 11.9353
162.22 11.9353
145.54 11.9353
128.86 11.9353
312.36 11.1055
295.67 11.1055
278.99 11.1055
262.31 11.1055
245.63 11.1055
228.95 11.1055
212.27 11.1055
195.58 11.1055
178.92 11.1055
162.22 11.1055
145.54 11.1055
128.86 11.1055
345.72 11.9782
329.06 11.9782
312.35 11.9782
295.67 11.9782
278.99 11.9782
262.31 11.9782
245.63 11.9782
228.95 11.9782
212.26 11.9782
195.58 11.9782
178.90 11.9782
162.22 11.9782
262.31 11.2073
245.62 11.2073
228.94 11.2073
228.95 11.1688
212.26 11.1688
195.58 11.1688
195.58 10.8602
178.90 10.8602
162.22 10.8602
178.90 10.8884
162.22 10.8884
145.54 10.8884
128.88 10.8884
112.18 10.8884
162.20 11.7484
145.52 11.7484
128.84 11.7484
145.54 11.2375
128.86 11.2375
112.18 11.2375
178.90 11.5842
162.23 11.5842
195.58 11.1567
178.90 11.1567
162.22 11.1567
162.22 12.1531
145.54 12.1531
128.88 12.1531
245.65 12.9784
228.94 12.9784
212.26 12.9784
278.99 11.5496
262.31 11.5496
245.62 11.5496
329.03 12.6308
312.35 12.6308
295.69 12.6308
278.99 12.6308
262.30 12.6308
245.63 12.6308
228.95 12.6308
212.27 12.6308
195.58 12.6308
178.92 12.6308
162.22 12.6308
145.54 12.6308
195.58 13.2348
178.90 13.2348
162.22 13.2348
162.22 13.3907
145.56 13.3907
128.88 13.3907
212.26 12.823
195.58 12.823
178.90 12.823
162.21 12.823
145.54 12.823
128.86 12.823
128.85 12.7221
112.18 12.7221
162.22 12.7125
145.54 12.7125
128.86 12.7125
195.58 12.0091
178.90 12.0091
162.22 12.0091
162.22 13.0187
145.54 13.0187
128.86 13.0187
395.76 11.3862
379.08 11.3862
362.37 11.3862
345.72 11.3862
329.03 11.3862
312.32 11.3862
295.67 11.3862
278.99 11.3862
262.31 11.3862
245.63 11.3862
228.95 11.3862
212.26 11.3862
295.67 11.6326
278.99 11.6326
262.31 11.6326
245.62 11.6326
228.94 11.6326
212.26 11.6326
195.58 11.6326
178.90 11.6326
162.22 11.6326
145.54 11.6326
128.86 11.6326
112.18 11.6326
212.26 13.5855
195.58 13.5855
178.90 13.5855
162.22 13.5855
145.53 13.5855
128.85 13.5855
112.17 13.5855
95.49 13.5855
162.22 12.1023
145.54 12.1023
329.03 11.5624
312.35 11.5624
295.67 11.5624
278.99 11.5624
262.31 11.5624
245.63 11.5624
228.95 11.5624
212.26 11.5624
195.58 11.5624
178.90 11.5624
162.22 11.5624
145.54 11.5624
262.31 11.0288
245.63 11.0288
228.95 11.0288
212.26 11.0288
195.58 11.0288
178.90 11.0288
162.22 11.0288
145.54 11.0288
128.86 11.0288
112.18 11.0288
162.25 12.154
145.56 12.154
178.90 11.7565
162.22 11.7565
145.54 11.7565
195.58 11.9631
178.90 11.9631
162.22 11.9631
162.25 11.3237
145.56 11.3237
128.88 11.3237
195.59 12.0329
178.90 12.0329
162.22 12.0329
145.56 12.0329
128.86 12.0329
112.17 12.0329
145.54 12.572
128.86 12.572
128.85 13.2325
112.17 13.2325
95.50 13.2325
128.86 12.4757
112.18 12.4757
362.40 12.3926
345.72 12.3926
329.04 12.3926
329.04 13.2542
312.35 13.2542
295.67 13.2542
295.65 12.8703
278.97 12.8703
262.29 12.8703
262.31 13.0732
245.63 13.0732
228.95 13.0732
278.99 12.5577
262.31 12.5577
245.63 12.5577
228.97 12.5577
212.29 12.5577
195.60 12.5577
178.92 12.5577
162.24 12.5577
145.56 12.5577
128.88 12.5577
145.56 12.4155
128.86 12.4155
112.17 12.4155
162.20 12.8102
145.52 12.8102
128.84 12.8102
162.20 12.6067
145.52 12.6067
128.84 12.6067
145.56 13.8034
128.85 13.8034
112.18 13.8034
162.22 13.1234
145.53 13.1234
128.86 13.1234
212.26 14.938
195.60 14.938
178.92 14.938
262.33 12.3168
245.65 12.3168
228.95 12.3168
329.04 13.7844
312.35 13.7844
295.67 13.7844
278.99 13.7844
262.31 13.7844
245.63 13.7844
228.96 13.7844
212.26 13.7844
195.60 13.7844
178.90 13.7844
162.22 13.7844
145.54 13.7844
145.54 13.0368
128.86 13.0368
112.18 13.0368
145.56 12.5288
128.86 12.5288
112.18 12.5288
145.54 13.5664
128.86 13.5664
112.18 13.5664
162.20 13.8562
145.52 13.8562
128.84 13.8562
195.58 15.2224
178.90 15.2224
162.22 15.2224
162.22 12.6337
145.54 12.6337
128.86 12.6337
162.22 13.7468
145.52 13.7468
128.88 13.7468
178.90 14.3577
162.22 14.3577
145.52 14.3577
145.54 13.8921
128.86 13.8921
112.18 13.8921
162.22 13.1952
145.54 13.1952
128.86 13.1952
178.88 15.0477
162.20 15.0477
145.52 15.0477
162.22 14.5785
145.52 14.5785
128.84 14.5785
195.58 15.3805
178.90 15.3805
162.22 15.3805
162.22 14.6336
145.53 14.6336
128.86 14.6336
112.17 14.6336
162.22 14.7654
145.52 14.7654
128.84 14.7654
212.26 15.8474
195.56 15.8474
178.88 15.8474
178.90 15.5174
162.22 15.5174
145.56 15.5174
178.88 14.9649
162.19 14.9649
145.52 14.9649
145.54 15.1112
128.81 15.1112
112.18 15.1112
95.47 15.1112
145.54 15.4038
128.84 15.4038
112.16 15.4038
195.57 15.5089
178.92 15.5089
162.24 15.5089
162.20 15.7474
145.54 15.7474
128.84 15.7474
195.58 16.4056
178.90 16.4056
162.22 16.4056
178.93 15.9106
162.25 15.9106
145.57 15.9106
128.86 15.9106
195.58 16.1105
178.92 16.1105
162.24 16.1105
178.91 15.3021
162.25 15.3021
145.55 15.3021
128.88 15.3021
178.92 15.511
162.22 15.511
145.56 15.511
128.88 15.511
212.26 16.4396
195.58 16.4396
178.90 16.4396
178.90 15.721
162.24 15.721
145.53 15.721
712.69 16.0016
696.00 16.0016
679.34 16.0016
679.36 15.4602
662.66 15.4602
645.96 15.4602
645.98 15.7521
629.30 15.7521
612.62 15.7521
762.75 15.2786
746.09 15.2786
729.41 15.2786
829.48 12.9476
812.81 12.9476
796.13 12.9476
829.46 13.5906
812.77 13.5906
796.06 13.5906
779.41 13.5906
762.75 13.5906
746.05 13.5906
729.39 13.5906
712.71 13.5906
696.03 13.5906
679.32 13.5906
712.73 14.5904
696.04 14.5904
679.36 14.5904
662.68 14.5904
645.98 14.5904
629.32 14.5904
612.62 14.5904
595.96 14.5904
579.27 14.5904
562.57 14.5904
545.91 14.5904
529.21 14.5904
595.94 13.271
579.25 13.271
562.58 13.271
545.87 13.271
529.19 13.271
512.53 13.271
495.83 13.271
479.15 13.271
629.32 12.2341
612.64 12.2341
595.94 12.2341
579.27 12.2341
562.59 12.2341
545.91 12.2341
529.23 12.2341
512.53 12.2341
495.85 12.2341
479.17 12.2341
462.49 12.2341
462.49 11.2377
445.80 11.2377
429.14 11.2377
412.44 11.2377
395.76 11.2377
379.08 11.2377
362.42 11.2377
345.72 11.2377
329.04 11.2377
312.37 11.2377
312.33 11.22
295.64 11.22
278.99 11.22
262.28 11.22
245.61 11.22
228.93 11.22
212.25 11.22
195.56 11.22
178.88 11.22
162.20 11.22
145.52 11.22
278.99 11.3358
262.28 11.3358
245.63 11.3358
228.95 11.3358
212.26 11.3358
195.56 11.3358
178.88 11.3358
162.20 11.3358
145.54 11.3358
128.84 11.3358
112.16 11.3358
278.99 11.2042
262.33 11.2042
245.63 11.2042
228.97 11.2042
212.28 11.2042
195.60 11.2042
178.90 11.2042
162.24 11.2042
145.56 11.2042
128.86 11.2042
112.20 11.2042
278.99 14.2143
262.33 14.2143
245.63 14.2143
228.95 14.2143
212.29 14.2143
195.58 14.2143
178.92 14.2143
162.24 14.2143
145.56 14.2143
128.88 14.2143
112.18 14.2143
145.56 11.3403
128.86 11.3403
112.17 11.3403
145.52 11.5011
128.84 11.5011
112.16 11.5011
145.54 11.7919
128.86 11.7919
112.16 11.7919
145.54 12.3112
128.81 12.3112
112.16 12.3112
379.03 11.6024
362.38 11.6024
345.71 11.6024
345.72 13.5273
329.01 13.5273
312.35 13.5273
312.33 11.0615
295.67 11.0615
278.99 11.0615
312.33 14.1233
295.65 14.1233
278.97 14.1233
262.29 14.1233
245.61 14.1233
228.93 14.1233
212.25 14.1233
195.58 14.1233
178.90 14.1233
162.22 14.1233
145.52 14.1233
128.84 14.1233
162.22 13.6728
145.54 13.6728
128.86 13.6728
195.58 14.3214
178.90 14.3214
162.24 14.3214
145.56 14.3214
495.87 14.8268
479.19 14.8268
462.51 14.8268
462.49 13.7999
445.83 13.7999
429.12 13.7999
429.12 14.8364
412.44 14.8364
395.78 14.8364
395.75 13.2085
379.08 13.2085
362.40 13.2085
345.72 13.2085
329.03 13.2085
312.35 13.2085
312.33 14.2136
295.67 14.2136
278.99 14.2136
278.99 13.9845
262.30 13.9845
245.64 13.9845
245.63 14.2139
228.92 14.2139
212.24 14.2139
228.92 14.6594
212.24 14.6594
195.56 14.6594
178.88 14.6594
162.20 14.6594
145.52 14.6594
128.81 14.6594
112.16 14.6594
95.48 14.6594
445.79 14.39
429.11 14.39
412.42 14.39
412.44 14.1664
395.78 14.1664
379.08 14.1664
379.10 12.8872
362.42 12.8872
345.72 12.8872
329.06 12.8872
312.37 12.8872
295.69 12.8872
278.99 12.8872
262.31 12.8872
245.63 12.8872
228.97 12.8872
212.26 12.8872
195.58 12.8872
262.26 13.4683
245.61 13.4683
228.93 13.4683
212.25 13.4683
195.56 13.4683
178.88 13.4683
162.20 13.4683
145.52 13.4683
128.84 13.4683
112.16 13.4683
95.46 13.4683
245.63 13.9264
228.95 13.9264
212.26 13.9264
195.58 13.9264
178.89 13.9264
162.22 13.9264
145.54 13.9264
128.88 13.9264
112.20 13.9264
145.54 9.44726
128.86 9.44726
112.18 9.44726
295.67 13.1128
278.99 13.1128
262.31 13.1128
245.63 13.1128
228.95 13.1128
212.26 13.1128
195.58 13.1128
178.90 13.1128
162.24 13.1128
145.54 13.1128
128.86 13.1128
112.20 13.1128
312.33 12.4277
295.65 12.4277
278.97 12.4277
262.29 12.4277
245.61 12.4277
228.94 12.4277
212.26 12.4277
195.58 12.4277
178.88 12.4277
162.20 12.4277
145.52 12.4277
128.84 12.4277
295.65 9.95234
278.99 9.95234
262.29 9.95234
245.61 9.95234
228.93 9.95234
212.24 9.95234
195.56 9.95234
178.88 9.95234
162.20 9.95234
145.52 9.95234
128.84 9.95234
112.18 9.95234
95.50 9.95234
295.65 9.47831
278.97 9.47831
262.29 9.47831
245.61 9.47831
228.95 9.47831
212.26 9.47831
195.58 9.47831
178.90 9.47831
162.22 9.47831
145.54 9.47831
128.84 9.47831
112.16 9.47831
278.99 10.5385
262.31 10.5385
245.63 10.5385
228.94 10.5385
212.26 10.5385
195.58 10.5385
178.90 10.5385
162.22 10.5385
145.54 10.5385
128.88 10.5385
112.20 10.5385
95.52 10.5385
145.54 10.6026
128.86 10.6026
112.16 10.6026
145.54 9.88308
128.86 9.88308
112.18 9.88308
128.86 14.0116
112.20 14.0116
95.52 14.0116
145.55 12.7051
128.87 12.7051
112.20 12.7051
145.54 11.5668
128.88 11.5668
112.20 11.5668
178.93 15.2336
162.23 15.2336
145.54 15.2336
145.54 14.6277
128.86 14.6277
112.17 14.6277
162.24 15.071
145.56 15.071
128.88 15.071
195.59 15.3679
178.91 15.3679
162.21 15.3679
162.25 14.9839
145.57 14.9839
128.89 14.9839
178.91 16.1275
162.25 16.1275
145.57 16.1275
178.94 17.2831
162.25 17.2831
145.55 17.2831
128.86 17.2831
178.90 15.5103
162.22 15.5103
145.54 15.5103
245.63 15.3063
228.94 15.3063
212.26 15.3063
195.58 15.3063
245.60 16.6485
228.94 16.6485
212.24 16.6485
195.56 16.6485
178.88 16.6485
162.19 16.6485
212.26 16.5266
195.58 16.5266
178.92 16.5266
162.21 16.5266
212.27 15.3555
195.59 15.3555
178.91 15.3555
162.22 15.3555
212.26 16.0949
195.58 16.0949
178.92 16.0949
429.16 14.5689
412.48 14.5689
395.80 14.5689
379.10 14.5689
362.41 14.5689
395.78 15.3116
379.09 15.3116
362.41 15.3116
345.73 15.3116
329.05 15.3116
312.35 15.3116
295.69 15.3116
279.01 15.3116
262.32 15.3116
245.65 15.3116
228.96 15.3116
212.28 15.3116
195.60 15.3116
178.92 15.3116
178.90 18.7079
162.22 18.7079
145.54 18.7079
128.86 18.7079
178.90 14.7681
162.22 14.7681
145.54 14.7681
128.86 14.7681
195.59 16.4653
178.90 16.4653
162.22 16.4653
195.58 15.1622
178.90 15.1622
162.20 15.1622
178.90 15.8692
162.22 15.8692
145.54 15.8692
278.99 14.6671
262.31 14.6671
245.62 14.6671
228.95 14.6671
245.63 14.3181
228.95 14.3181
212.26 14.3181
212.26 15.4208
195.58 15.4208
178.90 15.4208
178.90 16.1898
162.22 16.1898
145.54 16.1898
262.31 14.9144
245.65 14.9144
228.95 14.9144
212.28 14.9144
195.58 14.9144
178.90 14.9144
178.90 15.3488
162.22 15.3488
145.54 15.3488
145.54 15.3306
128.86 15.3306
112.18 15.3306
162.24 15.1741
145.54 15.1741
128.88 15.1741
112.19 15.1741
162.22 14.5871
145.54 14.5871
128.86 14.5871
128.85 14.9856
112.18 14.9856
95.50 14.9856
145.54 15.5997
128.86 15.5997
112.18 15.5997
178.90 14.572
162.22 14.572
145.54 14.572
162.22 15.9449
145.56 15.9449
128.86 15.9449
212.26 14.6894
195.59 14.6894
178.90 14.6894
178.90 15.0514
162.24 15.0514
145.54 15.0514
128.86 15.0514
195.59 14.8768
178.90 14.8768
162.22 14.8768
295.69 15.3246
278.99 15.3246
262.31 15.3246
345.72 13.7813
329.03 13.7813
312.35 13.7813
295.69 13.7813
278.99 13.7813
262.31 13.7813
245.63 13.7813
228.95 13.7813
212.26 13.7813
212.28 11.5326
195.58 11.5326
178.90 11.5326
162.24 11.5326
212.25 12.2499
195.56 12.2499
178.90 12.2499
162.20 12.2499
145.52 12.2499
145.54 16.6203
128.86 16.6203
112.18 16.6203
295.67 13.9283
279.01 13.9283
262.31 13.9283
245.65 13.9283
228.93 13.9283
212.28 13.9283
195.55 13.9283
178.90 13.9283
162.22 13.9283
145.54 13.9283
128.86 13.9283
112.18 13.9283
145.54 14.2709
128.86 14.2709
112.20 14.2709
162.22 13.4757
145.56 13.4757
128.85 13.4757
128.86 12.8401
112.18 12.8401
95.50 12.8401
145.56 13.9891
128.86 13.9891
112.18 13.9891
178.90 14.0538
162.22 14.0538
145.56 14.0538
195.58 14.5922
178.90 14.5922
162.22 14.5922
162.22 13.8445
145.54 13.8445
128.86 13.8445
128.86 14.6944
112.18 14.6944
95.50 14.6944
195.58 13.2171
178.90 13.2171
162.22 13.2171
145.54 13.2171
128.86 13.2171
112.18 13.2171
162.22 15.4616
145.54 15.4616
128.86 15.4616
178.90 15.9724
162.22 15.9724
145.54 15.9724
162.24 14.8024
145.54 14.8024
128.86 14.8024
178.90 15.5255
162.22 15.5255
145.54 15.5255
162.22 14.3346
145.54 14.3346
128.84 14.3346
112.18 14.3346
162.22 15.047
145.54 15.047
128.85 15.047
178.90 16.6644
162.22 16.6644
145.54 16.6644
178.92 15.1112
162.22 15.1112
145.54 15.1112
145.54 16.0306
128.86 16.0306
112.18 16.0306
145.55 14.5539
128.87 14.5539
112.18 14.5539
145.54 14.7012
128.88 14.7012
112.20 14.7012
212.26 15.3963
195.58 15.3963
178.90 15.3963
178.90 15.5122
162.21 15.5122
145.53 15.5122
195.57 15.7942
178.90 15.7942
162.22 15.7942
212.26 15.9813
195.58 15.9813
178.90 15.9813
162.22 15.9813
195.59 17.1858
178.91 17.1858
162.23 17.1858
145.55 17.1858
329.04 17.1205
312.35 17.1205
295.69 17.1205
278.99 17.1205
278.99 18.4082
262.31 18.4082
245.63 18.4082
312.35 13.4217
295.67 13.4217
278.99 13.4217
262.31 13.4217
312.33 14.0532
295.64 14.0532
278.99 14.0532
262.29 14.0532
245.61 14.0532
228.93 14.0532
212.24 14.0532
212.26 14.7561
195.56 14.7561
178.92 14.7561
162.22 14.7561
162.24 16.3889
145.56 16.3889
128.90 16.3889
112.20 16.3889
178.88 15.2544
162.22 15.2544
145.52 15.2544
178.90 14.2469
162.22 14.2469
145.56 14.2469
162.22 16.9257
145.52 16.9257
128.86 16.9257
195.60 16.1246
178.91 16.1246
162.25 16.1246
145.54 16.1246
162.25 15.6821
145.56 15.6821
128.88 15.6821
195.56 14.4364
178.90 14.4364
162.20 14.4364
178.92 13.8562
162.24 13.8562
145.56 13.8562
128.86 13.8562
195.60 15.384
178.91 15.384
162.24 15.384
162.24 14.9737
145.54 14.9737
128.86 14.9737
112.17 14.9737
162.24 15.0366
145.55 15.0366
128.88 15.0366
128.86 13.6488
112.18 13.6488
95.52 13.6488
145.56 14.9005
128.88 14.9005
112.20 14.9005
195.56 14.5833
178.88 14.5833
162.20 14.5833
178.92 14.5411
162.22 14.5411
145.54 14.5411
162.20 16.515
145.52 16.515
128.84 16.515
178.92 15.299
162.24 15.299
145.54 15.299
128.86 15.299
145.54 14.0157
128.86 14.0157
112.20 14.0157
162.22 13.6953
145.54 13.6953
128.84 13.6953
545.91 14.6944
529.24 14.6944
512.55 14.6944
679.34 15.8437
662.66 15.8437
645.98 15.8437
662.68 19.5528
645.98 19.5528
629.32 19.5528
612.62 19.5528
595.96 19.5528
579.27 19.5528
562.57 19.5528
545.89 19.5528
529.21 19.5528
512.55 19.5528
495.87 19.5528
479.19 19.5528
462.50 19.5528
445.82 19.5528
462.49 19.6731
445.80 19.6731
429.10 19.6731
412.44 19.6731
395.76 19.6731
379.08 19.6731
362.40 19.6731
345.71 19.6731
329.03 19.6731
312.35 19.6731
295.67 19.6731
278.97 19.6731
262.29 19.6731
295.65 13.6841
278.97 13.6841
262.29 13.6841
245.60 13.6841
228.92 13.6841
212.25 13.6841
195.56 13.6841
178.88 13.6841
162.22 13.6841
162.24 15.4539
145.54 15.4539
128.88 15.4539
178.90 15.5647
162.24 15.5647
145.56 15.5647
178.88 14.5121
162.20 14.5121
145.52 14.5121
162.24 17.3212
145.56 17.3212
128.88 17.3212
195.60 15.8941
178.92 15.8941
162.22 15.8941
278.97 14.2876
262.31 14.2876
245.61 14.2876
228.94 14.2876
228.93 15.2561
212.25 15.2561
195.56 15.2561
295.68 15.073
278.99 15.073
262.31 15.073
245.63 15.073
228.95 15.073
212.27 15.073
195.61 15.073
195.59 17.2246
178.88 17.2246
162.23 17.2246
178.90 15.2823
162.22 15.2823
145.53 15.2823
228.95 17.1589
212.28 17.1589
195.58 17.1589
178.92 17.1589
162.24 17.1589
145.54 17.1589
162.22 16.7887
145.54 16.7887
128.86 16.7887
212.26 16.5078
195.58 16.5078
178.90 16.5078
212.27 16.0435
195.58 16.0435
178.91 16.0435
212.26 15.2011
195.58 15.2011
178.92 15.2011
228.94 14.3784
212.27 14.3784
195.58 14.3784
178.90 14.3784
162.22 14.3784
145.54 14.3784
128.88 14.3784
178.90 16.9634
162.22 16.9634
145.54 16.9634
178.90 14.8645
162.22 14.8645
145.54 14.8645
128.86 14.8645
178.90 16.8062
162.22 16.8062
145.54 16.8062
212.27 16.4273
195.59 16.4273
178.91 16.4273
178.90 13.2577
162.20 13.2577
145.52 13.2577
162.22 19.5207
145.54 19.5207
128.86 19.5207
295.69 15.4471
278.99 15.4471
262.31 15.4471
262.31 14.5341
245.65 14.5341
228.97 14.5341
228.97 14.095
212.28 14.095
195.60 14.095
178.90 14.095
162.24 14.095
145.54 14.095
162.24 15.2021
145.54 15.2021
128.86 15.2021
162.22 15.4729
145.54 15.4729
128.83 15.4729
295.65 19.3576
279.01 19.3576
262.31 19.3576
262.31 16.0083
245.63 16.0083
228.94 16.0083
212.26 16.0083
195.59 16.0083
178.90 16.0083
195.58 16.705
178.90 16.705
162.22 16.705
145.56 16.705
128.88 16.705
112.18 16.705
162.22 14.8166
145.54 14.8166
128.84 14.8166
162.22 15.5999
145.54 15.5999
128.86 15.5999
178.90 15.1771
162.22 15.1771
145.56 15.1771
162.24 15.4757
145.54 15.4757
128.86 15.4757
162.20 15.4859
145.52 15.4859
128.84 15.4859
195.58 15.3867
178.90 15.3867
162.22 15.3867
212.25 16.0811
195.56 16.0811
178.88 16.0811
162.20 16.0811
262.31 17.3297
245.63 17.3297
228.94 17.3297
212.26 17.3297
195.60 17.3297
178.92 17.3297
178.90 18.6401
162.22 18.6401
145.54 18.6401
212.24 15.9755
195.56 15.9755
178.90 15.9755
162.22 15.9755
162.23 15.3132
145.55 15.3132
128.86 15.3132
279.00 15.0333
262.31 15.0333
245.64 15.0333
245.65 17.1873
228.97 17.1873
212.26 17.1873
228.95 15.7763
212.26 15.7763
195.58 15.7763
178.90 15.7763
245.66 17.1362
228.96 17.1362
212.30 17.1362
195.62 17.1362
195.60 16.1081
178.92 16.1081
162.24 16.1081
195.58 16.8456
178.88 16.8456
162.24 16.8456
145.56 16.8456
178.92 15.6721
162.24 15.6721
145.56 15.6721
178.93 15.2767
162.23 15.2767
145.55 15.2767
128.86 15.2767
178.94 15.932
162.23 15.932
145.55 15.932
195.57 16.5009
178.90 16.5009
162.22 16.5009
145.54 16.5009
145.54 15.5166
128.86 15.5166
112.18 15.5166
178.90 16.8303
162.22 16.8303
145.54 16.8303
162.20 18.5103
145.52 18.5103
128.86 18.5103
178.90 16.3561
162.22 16.3561
145.54 16.3561
295.65 16.0542
278.97 16.0542
262.29 16.0542
245.63 16.0542
262.31 15.7961
245.63 15.7961
228.97 15.7961
245.63 15.426
228.94 15.426
212.25 15.426
329.04 19.4952
312.37 19.4952
295.67 19.4952
278.99 19.4952
262.31 19.4952
245.65 19.4952
228.97 19.4952
212.29 19.4952
195.60 19.4952
178.92 19.4952
162.24 19.4952
145.56 19.4952
312.36 16.5178
295.67 16.5178
278.99 16.5178
262.31 16.5178
245.63 16.5178
228.93 16.5178
212.25 16.5178
195.56 16.5178
178.88 16.5178
162.20 16.5178
345.72 16.0584
329.04 16.0584
312.35 16.0584
429.12 15.4171
412.44 15.4171
395.76 15.4171
379.08 15.4171
362.40 15.4171
345.72 15.4171
329.05 15.4171
312.35 15.4171
295.67 15.4171
278.99 15.4171
262.31 15.4171
245.63 15.4171
228.95 15.4171
212.28 15.4171
245.65 17.6577
228.96 17.6577
212.26 17.6577
195.57 17.6577
412.45 17.4885
395.76 17.4885
379.08 17.4885
362.42 17.4885
345.74 17.4885
329.04 17.4885
312.35 17.4885
345.72 15.3106
329.03 15.3106
312.35 15.3106
295.67 15.3106
279.01 15.3106
262.31 15.3106
245.65 15.3106
228.97 15.3106
278.99 15.5024
262.33 15.5024
245.63 15.5024
228.97 15.5024
212.28 15.5024
195.58 15.5024
178.90 15.5024
162.22 15.5024
162.22 17.3586
145.54 17.3586
128.86 17.3586
212.26 16.8023
195.58 16.8023
178.92 16.8023
195.60 15.9803
178.90 15.9803
162.23 15.9803
145.54 15.9803
228.97 15.2199
212.28 15.2199
195.60 15.2199
195.59 15.6279
178.91 15.6279
162.22 15.6279
145.57 15.6279
145.56 19.21
128.86 19.21
112.17 19.21
145.56 16.0287
128.88 16.0287
112.18 16.0287
195.56 16.2199
178.88 16.2199
162.20 16.2199
162.22 16.4966
145.54 16.4966
128.86 16.4966
145.52 15.7581
128.84 15.7581
112.16 15.7581
162.22 19.1132
145.56 19.1132
128.88 19.1132
178.92 17.2554
162.24 17.2554
145.56 17.2554
178.91 16.45
162.22 16.45
145.56 16.45
212.26 15.6735
195.60 15.6735
178.92 15.6735
162.24 15.6735
228.96 16.5247
212.30 16.5247
195.62 16.5247
178.92 16.5247
162.24 16.5247
145.56 16.5247
212.26 15.6246
195.58 15.6246
178.90 15.6246
162.22 15.6246
329.04 14.2331
312.36 14.2331
295.68 14.2331
279.00 14.2331
279.00 15.974
262.32 15.974
245.65 15.974
245.64 15.1684
228.98 15.1684
212.30 15.1684
195.60 15.1684
195.58 15.3092
178.91 15.3092
162.25 15.3092
145.53 15.3092
145.54 15.0868
128.86 15.0868
112.18 15.0868
145.54 18.536
128.86 18.536
112.20 18.536
145.54 18.8096
128.88 18.8096
112.17 18.8096
245.62 15.9877
228.94 15.9877
212.26 15.9877
278.99 19.137
262.33 19.137
245.62 19.137
362.42 15.7716
345.74 15.7716
329.03 15.7716
429.14 16.4366
412.46 16.4366
395.76 16.4366
379.10 16.4366
362.40 16.4366
345.72 16.4366
329.03 16.4366
312.35 16.4366
295.67 16.4366
278.99 16.4366
262.31 16.4366
245.63 16.4366
228.95 16.4366
212.26 16.4366
212.26 16.4284
195.58 16.4284
178.90 16.4284
162.22 16.4284
262.29 14.9663
245.61 14.9663
228.93 14.9663
212.24 14.9663
195.56 14.9663
178.88 14.9663
162.22 14.9663
145.52 14.9663
128.84 14.9663
112.16 14.9663
212.27 15.3253
195.59 15.3253
178.91 15.3253
312.35 15.9814
295.67 15.9814
278.99 15.9814
312.36 14.5746
295.65 14.5746
279.00 14.5746
262.31 14.5746
245.66 14.5746
228.94 14.5746
212.27 14.5746
195.61 14.5746
178.91 14.5746
162.23 14.5746
178.95 14.8153
162.24 14.8153
145.56 14.8153
128.88 14.8153
178.89 15.4463
162.21 15.4463
145.53 15.4463
128.85 15.4463
162.22 15.8259
145.54 15.8259
128.86 15.8259
145.54 16.0383
128.88 16.0383
112.17 16.0383
145.52 19.2585
128.85 19.2585
112.17 19.2585
212.26 18.6262
195.58 18.6262
178.90 18.6262
178.90 15.592
162.24 15.592
145.53 15.592
228.95 17.2248
212.27 17.2248
195.60 17.2248
195.56 16.0481
178.90 16.0481
162.22 16.0481
145.54 16.0481
162.22 15.0788
145.54 15.0788
128.88 15.0788
145.54 15.7371
128.84 15.7371
112.16 15.7371
162.23 16.2065
145.52 16.2065
128.86 16.2065
295.67 16.3428
278.99 16.3428
262.31 16.3428
262.31 13.6477
245.63 13.6477
228.93 13.6477
228.94 15.9203
212.26 15.9203
195.58 15.9203
178.90 15.9203
162.22 15.9203
145.54 15.9203
145.54 14.8251
128.85 14.8251
112.18 14.8251
245.63 18.5452
228.94 18.5452
212.26 18.5452
195.58 18.5452
178.90 18.5452
162.22 18.5452
162.21 15.1662
145.54 15.1662
128.86 15.1662
212.26 15.5048
195.58 15.5048
178.90 15.5048
245.63 18.197
228.95 18.197
212.26 18.197
195.58 18.197
295.67 14.7029
278.99 14.7029
262.31 14.7029
245.63 14.7029
228.95 14.7029
212.26 14.7029
195.58 14.7029
178.90 14.7029
162.22 14.7029
145.54 14.7029
195.58 14.2258
178.90 14.2258
162.22 14.2258
162.22 17.5912
145.54 17.5912
128.86 17.5912
112.18 17.5912
162.22 16.1146
145.54 16.1146
128.86 16.1146
145.54 15.6358
128.86 15.6358
112.18 15.6358
145.54 16.8592
128.86 16.8592
112.18 16.8592
228.95 15.0726
212.26 15.0726
195.58 15.0726
195.58 17.3387
178.90 17.3387
162.22 17.3387
178.90 15.1858
162.22 15.1858
145.54 15.1858
329.03 15.462
312.35 15.462
295.67 15.462
278.99 15.462
329.06 16.4412
312.37 16.4412
295.69 16.4412
279.01 16.4412
262.33 16.4412
245.63 16.4412
228.97 16.4412
212.29 16.4412
195.60 16.4412
178.92 16.4412
212.27 16.0565
195.59 16.0565
178.90 16.0565
245.65 15.2762
228.97 15.2762
212.29 15.2762
195.60 15.2762
178.92 15.2762
162.24 15.2762
145.56 15.2762
195.60 15.9916
178.92 15.9916
162.24 15.9916
178.90 16.5456
162.24 16.5456
145.56 16.5456
128.88 16.5456
228.95 18.8691
212.26 18.8691
195.58 18.8691
195.60 12.9119
178.92 12.9119
162.24 12.9119
162.22 15.0793
145.56 15.0793
128.86 15.0793
145.56 13.8532
128.86 13.8532
112.17 13.8532
145.52 13.1627
128.86 13.1627
112.16 13.1627
145.56 13.8572
128.88 13.8572
112.20 13.8572
162.23 15.917
145.55 15.917
128.88 15.917
162.22 16.4151
145.52 16.4151
128.86 16.4151
178.92 14.814
162.24 14.814
145.56 14.814
178.92 14.3431
162.24 14.3431
145.56 14.3431
162.22 15.4557
145.54 15.4557
128.88 15.4557
112.20 15.4557
162.24 14.9685
145.56 14.9685
128.88 14.9685
178.90 14.9447
162.22 14.9447
145.54 14.9447
145.54 14.6164
128.86 14.6164
112.19 14.6164
178.90 14.4665
162.21 14.4665
145.54 14.4665
278.99 17.8694
262.31 17.8694
245.63 17.8694
245.63 15.6088
228.94 15.6088
212.27 15.6088
195.56 15.6088
178.90 15.6088
162.22 15.6088
145.54 15.6088
145.54 15.8847
128.86 15.8847
112.18 15.8847
162.20 16.3415
145.54 16.3415
128.86 16.3415
162.22 15.1909
145.54 15.1909
128.86 15.1909
162.20 15.3284
145.52 15.3284
128.85 15.3284
195.59 15.9247
178.88 15.9247
162.22 15.9247
212.26 15.5252
195.58 15.5252
178.90 15.5252
162.22 15.5252
195.58 17.0082
178.90 17.0082
162.22 17.0082
145.54 17.0082
128.86 17.0082
112.18 17.0082
195.58 16.4107
178.90 16.4107
162.22 16.4107
162.22 15.7449
145.54 15.7449
128.86 15.7449
145.54 15.7567
128.86 15.7567
112.18 15.7567
145.54 17.6917
128.86 17.6917
112.18 17.6917
145.54 15.181
128.86 15.181
112.18 15.181
262.31 17.4411
245.63 17.4411
228.95 17.4411
228.95 16.8456
212.26 16.8456
195.58 16.8456
212.26 15.2031
195.58 15.2031
178.90 15.2031
412.44 16.0416
395.76 16.0416
379.08 16.0416
362.40 16.0416
345.71 16.0416
329.03 16.0416
312.35 16.0416
295.67 16.0416
278.99 16.0416
278.99 14.373
262.31 14.373
245.63 14.373
262.31 19.3399
245.63 19.3399
228.94 19.3399
212.26 19.3399
195.58 19.3399
178.90 19.3399
178.90 15.9013
162.22 15.9013
145.54 15.9013
195.58 15.2923
178.90 15.2923
162.22 15.2923
162.22 16.5437
145.54 16.5437
128.86 16.5437
178.90 15.9313
162.22 15.9313
145.54 15.9313
295.67 15.477
278.99 15.477
262.31 15.477
245.62 15.477
345.72 15.312
329.04 15.312
312.35 15.312
295.67 15.312
278.99 15.312
262.31 15.312
245.63 15.312
228.95 15.312
212.26 15.312
195.58 15.312
178.90 15.312
162.22 15.312
195.58 16.6457
178.90 16.6457
162.22 16.6457
228.95 15.3393
212.26 15.3393
195.58 15.3393
178.90 15.3393
162.22 15.3393
145.54 15.3393
128.86 15.3393
162.22 16.0541
145.54 16.0541
128.86 16.0541
162.22 18.8038
145.54 18.8038
128.86 18.8038
178.90 17.1147
162.22 17.1147
145.54 17.1147
162.22 14.8147
145.54 14.8147
128.86 14.8147
112.18 14.8147
162.22 17.6627
145.54 17.6627
128.86 17.6627
212.26 15.4111
195.58 15.4111
178.90 15.4111
178.90 14.6101
162.22 14.6101
145.54 14.6101
162.22 15.0248
145.54 15.0248
128.86 15.0248
178.90 15.6422
162.22 15.6422
145.54 15.6422
128.86 15.6422
162.22 16.3773
145.54 16.3773
128.86 16.3773
162.22 15.4955
145.54 15.4955
128.86 15.4955
112.18 15.4955
162.22 16.996
145.54 16.996
128.86 16.996
212.29 15.8752
195.61 15.8752
178.93 15.8752
178.90 14.5905
162.22 14.5905
145.54 14.5905
162.25 15.6511
145.57 15.6511
128.89 15.6511
128.86 17.797
112.20 17.797
95.52 17.797
145.56 15.6877
128.85 15.6877
112.20 15.6877
212.29 15.2313
195.61 15.2313
178.93 15.2313
178.90 16.2594
162.21 16.2594
145.53 16.2594
228.96 15.2952
212.26 15.2952
195.60 15.2952
195.59 14.6223
178.93 14.6223
162.25 14.6223
162.19 16.7674
145.51 16.7674
128.83 16.7674
145.51 16.3566
128.82 16.3566
112.15 16.3566
162.24 15.6963
145.53 15.6963
128.85 15.6963
128.86 14.5591
112.17 14.5591
95.52 14.5591
162.23 15.3371
145.54 15.3371
128.88 15.3371
195.60 14.7501
178.92 14.7501
162.22 14.7501
162.20 16.7981
145.54 16.7981
128.84 16.7981
162.24 19.4716
145.56 19.4716
128.86 19.4716
312.35 15.7934
295.67 15.7934
279.01 15.7934
262.31 15.7934
262.33 15.2607
245.63 15.2607
228.95 15.2607
212.26 15.2607
195.58 15.2607
178.90 15.2607
162.21 15.2607
178.91 14.6745
162.25 14.6745
145.54 14.6745
128.86 14.6745
162.22 16.4611
145.53 16.4611
128.86 16.4611
112.20 16.4611
212.27 15.4039
195.59 15.4039
178.90 15.4039
178.91 16.0224
162.22 16.0224
145.54 16.0224
228.93 18.6083
212.25 18.6083
195.56 18.6083
178.88 18.6083
162.22 18.6083
145.52 18.6083
128.86 18.6083
262.29 15.8187
245.63 15.8187
228.93 15.8187
228.93 15.919
212.25 15.919
195.56 15.919
245.60 17.4375
228.95 17.4375
212.25 17.4375
212.25 15.7397
195.56 15.7397
178.90 15.7397
228.97 14.8661
212.29 14.8661
195.60 14.8661
178.92 14.8661
162.24 14.8661
145.56 14.8661
178.92 15.2176
162.24 15.2176
145.56 15.2176
128.87 15.2176
162.24 15.4151
145.56 15.4151
128.88 15.4151
162.24 16.461
145.56 16.461
128.88 16.461
112.20 16.461
162.22 15.2185
145.52 15.2185
128.84 15.2185
195.59 15.9518
178.87 15.9518
162.22 15.9518
178.90 14.8636
162.22 14.8636
145.54 14.8636
178.88 17.1744
162.20 17.1744
145.52 17.1744
145.51 15.5712
128.84 15.5712
112.16 15.5712
162.19 16.8415
145.52 16.8415
128.84 16.8415
145.53 15.997
128.86 15.997
112.20 15.997
145.54 16.6815
128.88 16.6815
112.20 16.6815
212.28 15.4671
195.60 15.4671
178.92 15.4671
178.92 15.1237
162.22 15.1237
145.56 15.1237
178.92 15.9163
162.24 15.9163
145.56 15.9163
162.22 16.283
145.52 16.283
128.86 16.283
178.92 14.8249
162.23 14.8249
145.54 14.8249
162.24 15.7902
145.53 15.7902
128.88 15.7902
112.18 15.7902
145.56 15.44
128.86 15.44
112.20 15.44
178.90 16.6929
162.22 16.6929
145.54 16.6929
145.53 15.5013
128.84 15.5013
112.16 15.5013
162.24 19.1749
145.56 19.1749
128.86 19.1749
395.74 14.5647
379.05 14.5647
362.40 14.5647
429.12 16.184
412.42 16.184
395.74 16.184
379.08 16.184
362.40 16.184
345.69 16.184
329.01 16.184
312.33 16.184
295.65 16.184
278.97 16.184
262.29 16.184
245.61 16.184
228.93 16.184
212.25 16.184
195.56 16.184
195.56 15.1261
178.88 15.1261
162.20 15.1261
145.52 15.1261
162.22 15.418
145.54 15.418
128.86 15.418
112.18 15.418
162.24 16.5593
145.56 16.5593
128.86 16.5593
128.88 16.0803
112.18 16.0803
95.50 16.0803
145.54 15.4476
128.88 15.4476
112.18 15.4476
145.56 15.1491
128.86 15.1491
112.17 15.1491
162.20 16.6641
145.54 16.6641
128.86 16.6641
245.62 16.1313
228.97 16.1313
212.28 16.1313
195.58 16.1313
195.59 15.3738
178.91 15.3738
162.23 15.3738
178.92 17.3835
162.22 17.3835
145.54 17.3835
162.22 15.9037
145.54 15.9037
128.83 15.9037
112.16 15.9037
162.22 15.6597
145.54 15.6597
128.88 15.6597
178.92 15.1101
162.24 15.1101
145.53 15.1101
128.85 15.1101
195.60 15.5215
178.92 15.5215
162.22 15.5215
195.61 15.8674
178.91 15.8674
162.23 15.8674
145.57 15.8674
178.93 17.4658
162.23 17.4658
145.59 17.4658
178.88 15.3412
162.22 15.3412
145.51 15.3412
162.22 16.5865
145.54 16.5865
128.86 16.5865
112.20 16.5865
162.22 15.8873
145.53 15.8873
128.85 15.8873
262.30 15.5619
245.65 15.5619
228.95 15.5619
228.97 18.1556
212.26 18.1556
195.60 18.1556
178.90 18.1556
162.22 18.1556
145.54 18.1556
278.99 16.9044
262.31 16.9044
245.65 16.9044
228.95 16.9044
212.28 16.9044
195.58 16.9044
178.90 16.9044
178.90 14.8801
162.24 14.8801
145.54 14.8801
178.90 15.1553
162.22 15.1553
145.54 15.1553
178.90 16.3699
162.22 16.3699
145.54 16.3699
128.88 16.3699
178.90 15.8782
162.20 15.8782
145.54 15.8782
262.31 15.2044
245.63 15.2044
228.95 15.2044
212.26 15.2044
278.98 18.2258
262.31 18.2258
245.65 18.2258
228.95 18.2258
212.26 18.2258
195.58 18.2258
212.24 16.8927
195.57 16.8927
178.88 16.8927
162.20 16.8927
195.58 15.8851
178.90 15.8851
162.22 15.8851
145.54 15.8851
178.90 16.0857
162.22 16.0857
145.54 16.0857
162.24 14.7693
145.54 14.7693
128.86 14.7693
112.18 14.7693
162.22 15.2689
145.54 15.2689
128.86 15.2689
245.63 17.8764
228.95 17.8764
212.26 17.8764
345.71 15.3811
329.04 15.3811
312.35 15.3811
362.40 17.4928
345.72 17.4928
329.03 17.4928
312.35 17.4928
295.67 17.4928
278.99 17.4928
262.31 17.4928
245.63 17.4928
228.95 17.4928
212.26 17.4928
195.58 17.4928
178.90 17.4928
312.35 19.4168
295.67 19.4168
278.99 19.4168
278.99 15.2342
262.31 15.2342
245.60 15.2342
228.95 15.2342
329.04 16.7153
312.35 16.7153
295.67 16.7153
278.99 16.7153
262.31 16.7153
245.63 16.7153
228.95 16.7153
212.26 16.7153
195.58 16.7153
178.90 16.7153
162.22 16.7153
312.36 19.4661
295.67 19.4661
279.00 19.4661
312.34 13.4827
295.67 13.4827
278.99 13.4827
345.72 16.2342
329.04 16.2342
312.36 16.2342
295.67 16.2342
279.01 16.2342
262.31 16.2342
245.63 16.2342
228.95 16.2342
228.95 14.2416
212.26 14.2416
195.58 14.2416
178.90 14.2416
162.22 14.2416
145.54 14.2416
162.22 15.0661
145.56 15.0661
128.86 15.0661
228.96 17.7327
212.24 17.7327
195.60 17.7327
178.90 17.7327
195.60 15.8974
178.90 15.8974
162.22 15.8974
178.90 13.4399
162.22 13.4399
145.54 13.4399
212.25 15.1285
195.58 15.1285
178.90 15.1285
178.90 14.3439
162.22 14.3439
145.54 14.3439
128.85 14.3439
162.22 13.8554
145.54 13.8554
128.86 13.8554
212.26 14.1175
195.58 14.1175
178.90 14.1175
195.58 15.8763
178.90 15.8763
162.22 15.8763
212.26 15.575
195.58 15.575
178.90 15.575
195.56 13.8733
178.88 13.8733
162.18 13.8733
145.52 13.8733
178.88 16.8736
162.20 16.8736
145.52 16.8736
262.29 13.7242
245.61 13.7242
228.93 13.7242
212.24 13.7242
345.72 14.8514
329.04 14.8514
312.35 14.8514
312.35 15.3788
295.69 15.3788
279.01 15.3788
262.33 15.3788
245.65 15.3788
228.97 15.3788
212.29 15.3788
212.27 14.6288
195.59 14.6288
178.91 14.6288
162.22 14.6288
178.90 14.2725
162.22 14.2725
145.54 14.2725
128.86 14.2725
178.90 15.4266
162.22 15.4266
145.56 15.4266
178.90 16.2602
162.22 16.2602
145.54 16.2602
212.25 19.2818
195.56 19.2818
178.88 19.2818
178.92 13.9934
162.24 13.9934
145.56 13.9934
128.88 13.9934
162.20 14.8329
145.52 14.8329
128.84 14.8329
212.27 17.0262
195.57 17.0262
178.90 17.0262
178.90 15.0177
162.22 15.0177
145.54 15.0177
195.60 16.1398
178.90 16.1398
162.22 16.1398
162.24 14.6123
145.54 14.6123
128.88 14.6123
178.90 15.4272
162.20 15.4272
145.54 15.4272
295.67 15.3011
278.97 15.3011
262.31 15.3011
245.63 15.3011
262.33 16.9004
245.63 16.9004
228.95 16.9004
212.26 16.9004
195.58 16.9004
178.90 16.9004
262.31 15.2084
245.61 15.2084
228.93 15.2084
212.25 15.2084
228.95 18.0504
212.24 18.0504
195.56 18.0504
178.88 18.0504
162.20 18.0504
145.52 18.0504
128.86 18.0504
212.26 15.9038
195.58 15.9038
178.88 15.9038
195.56 17.9453
178.90 17.9453
162.22 17.9453
145.54 17.9453
228.93 14.6529
212.26 14.6529
195.58 14.6529
178.90 14.6529
312.36 14.096
295.67 14.096
278.99 14.096
262.31 14.096
295.69 15.2653
279.01 15.2653
262.32 15.2653
245.64 15.2653
228.96 15.2653
212.28 15.2653
195.60 15.2653
178.92 15.2653
162.24 15.2653
145.56 15.2653
162.22 14.6468
145.54 14.6468
128.86 14.6468
162.22 14.3766
145.54 14.3766
128.86 14.3766
112.18 14.3766
195.58 19.1301
178.90 19.1301
162.22 19.1301
395.76 16.775
379.08 16.775
362.40 16.775
379.08 15.1762
362.40 15.1762
345.71 15.1762
329.03 15.1762
312.35 15.1762
295.67 15.1762
278.99 15.1762
262.31 15.1762
245.63 15.1762
228.95 15.1762
212.26 15.1762
195.57 15.1762
178.90 15.1762
312.35 17.6545
295.67 17.6545
278.99 17.6545
262.31 17.6545
245.63 17.6545
228.95 17.6545
295.67 15.9459
278.99 15.9459
262.31 15.9459
245.63 15.9459
228.95 15.9459
212.26 15.9459
195.58 15.9459
178.90 15.9459
162.22 15.9459
212.26 15.6983
195.58 15.6983
178.90 15.6983
178.90 16.1607
162.22 16.1607
145.54 16.1607
128.86 16.1607
178.90 15.0393
162.22 15.0393
145.54 15.0393
162.22 15.467
145.54 15.467
128.86 15.467
162.22 14.981
145.54 14.981
128.86 14.981
145.56 16.363
128.88 16.363
112.20 16.363
145.56 15.0966
128.88 15.0966
112.20 15.0966
195.57 16.0725
178.90 16.0725
162.22 16.0725
162.22 15.0784
145.54 15.0784
128.86 15.0784
178.86 14.7234
162.20 14.7234
145.54 14.7234
145.54 14.8303
128.86 14.8303
112.17 14.8303
162.21 15.4622
145.54 15.4622
128.86 15.4622
195.58 16.8496
178.90 16.8496
162.22 16.8496
162.22 16.1929
145.54 16.1929
128.86 16.1929
162.23 14.8
145.54 14.8
128.86 14.8
178.90 15.6031
162.22 15.6031
145.54 15.6031
162.22 15.688
145.54 15.688
128.86 15.688
178.90 15.3877
162.22 15.3877
145.54 15.3877
162.22 16.9985
145.54 16.9985
128.86 16.9985
178.89 16.3286
162.22 16.3286
145.54 16.3286
178.90 15.5992
162.22 15.5992
145.53 15.5992
178.90 15.3464
162.22 15.3464
145.54 15.3464
178.91 15.1033
162.23 15.1033
145.55 15.1033
128.87 15.1033
212.26 17.6507
195.58 17.6507
178.90 17.6507
228.95 19.0414
212.26 19.0414
195.58 19.0414
178.90 19.0414
395.78 15.6115
379.10 15.6115
362.42 15.6115
345.74 15.6115
329.06 15.6115
312.37 15.6115
362.42 15.5612
345.74 15.5612
329.06 15.5612
312.36 15.5612
295.69 15.5612
279.01 15.5612
262.33 15.5612
245.65 15.5612
228.97 15.5612
212.28 15.5612
195.60 15.5612
178.92 15.5612
162.21 15.5612
245.61 15.0219
228.94 15.0219
212.26 15.0219
212.26 15.4927
195.58 15.4927
178.90 15.4927
162.22 15.4927
195.56 16.5089
178.88 16.5089
162.20 16.5089
195.58 17.3146
178.90 17.3146
162.24 17.3146
145.53 17.3146
195.60 15.758
178.90 15.758
162.22 15.758
178.91 15.4763
162.23 15.4763
145.55 15.4763
128.86 15.4763
178.90 15.4148
162.24 15.4148
145.56 15.4148
245.65 14.6015
228.95 14.6015
212.27 14.6015
195.58 14.6015
195.58 17.2313
178.90 17.2313
162.22 17.2313
195.58 16.4427
178.90 16.4427
162.20 16.4427
178.92 15.9129
162.22 15.9129
145.54 15.9129
128.86 15.9129
178.88 14.7183
162.20 14.7183
145.52 14.7183
178.88 16.3092
162.24 16.3092
145.54 16.3092
128.86 16.3092
178.90 17.013
162.22 17.013
145.54 17.013
228.95 15.1406
212.25 15.1406
195.56 15.1406
178.90 15.1406
178.93 14.562
162.24 14.562
145.56 14.562
178.91 14.9287
162.23 14.9287
145.57 14.9287
162.20 15.085
145.50 15.085
128.84 15.085
195.56 16.8151
178.90 16.8151
162.22 16.8151
195.58 16.0734
178.92 16.0734
162.22 16.0734
145.54 16.0734
145.54 15.1548
128.86 15.1548
112.20 15.1548
195.58 15.7916
178.90 15.7916
162.20 15.7916
162.20 15.1451
145.54 15.1451
128.86 15.1451
162.22 17.4592
145.52 17.4592
128.82 17.4592
178.88 15.3912
162.20 15.3912
145.52 15.3912
128.86 15.3912
295.67 15.4711
279.01 15.4711
262.33 15.4711
