229.69 9.20496
213.00 9.20496
296.35 9.14672
279.66 9.14672
262.98 9.14672
246.29 9.14672
229.61 9.14672
212.96 9.14672
196.27 9.14672
179.59 9.14672
262.87 9.14728
246.21 9.14728
229.51 9.14728
212.82 9.14728
196.14 9.14728
179.45 9.14728
162.80 9.14728
146.12 9.14728
512.74 9.12545
496.03 9.12545
479.35 9.12545
462.68 9.12545
445.98 9.12545
429.30 9.12545
412.62 9.12545
395.93 9.12545
479.25 9.13757
462.59 9.13757
445.90 9.13757
429.22 9.13757
412.54 9.13757
395.83 9.13757
379.15 9.13757
362.46 9.13757
445.78 9.16149
429.10 9.16149
412.43 9.16149
395.75 9.16149
379.07 9.16149
362.36 9.16149
345.68 9.16149
329.02 9.16149
395.62 9.19383
378.98 9.19383
362.26 9.19383
345.58 9.19383
328.90 9.19383
312.21 9.19383
295.53 9.19383
278.88 9.19383
378.81 9.16778
362.12 9.16778
345.44 9.16778
328.75 9.16778
312.10 9.16778
295.38 9.16778
278.70 9.16778
262.02 9.16778
345.35 9.11255
328.67 9.11255
312.02 9.11255
295.31 9.11255
278.62 9.11255
261.97 9.11255
245.26 9.11255
228.60 9.11255
311.92 9.10215
295.20 9.10215
278.52 9.10215
261.84 9.10215
245.15 9.10215
228.50 9.10215
311.78 9.08095
295.10 9.08095
278.39 9.08095
261.73 9.08095
245.05 9.08095
228.34 9.08095
211.66 9.08095
195.00 9.08095
278.34 8.95365
261.64 8.95365
244.98 8.95365
228.29 8.95365
211.61 8.95365
194.93 8.95365
178.25 8.95365
161.56 8.95365
444.87 8.89178
428.15 8.89178
411.50 8.89178
394.81 8.89178
378.13 8.89178
361.42 8.89178
344.74 8.89178
328.08 8.89178
411.33 8.89708
394.65 8.89708
377.99 8.89708
361.28 8.89708
344.60 8.89708
327.91 8.89708
311.26 8.89708
294.58 8.89708
377.89 8.9352
361.20 8.9352
344.55 8.9352
327.87 8.9352
311.15 8.9352
294.47 8.9352
277.82 8.9352
261.13 8.9352
344.39 8.79719
327.71 8.79719
311.02 8.79719
294.34 8.79719
277.65 8.79719
260.98 8.79719
244.28 8.79719
227.61 8.79719
310.97 8.75479
294.29 8.75479
277.61 8.75479
260.93 8.75479
244.24 8.75479
227.56 8.75479
210.85 8.75479
194.19 8.75479
277.47 8.7463
260.76 8.7463
244.08 8.7463
227.42 8.7463
210.71 8.7463
194.06 8.7463
177.35 8.7463
160.69 8.7463
244.00 8.73898
227.32 8.73898
210.63 8.73898
193.96 8.73898
177.27 8.73898
160.60 8.73898
143.93 8.73898
127.22 8.73898
393.88 8.7214
377.19 8.7214
360.51 8.7214
343.81 8.7214
327.14 8.7214
310.44 8.7214
293.78 8.7214
277.10 8.7214
360.38 8.60833
343.73 8.60833
327.02 8.60833
310.36 8.60833
293.65 8.60833
277.00 8.60833
260.28 8.60833
243.63 8.60833
326.91 8.67546
310.23 8.67546
293.55 8.67546
276.89 8.67546
260.21 8.67546
243.51 8.67546
226.82 8.67546
210.13 8.67546
293.43 8.83219
276.75 8.83219
260.10 8.83219
243.38 8.83219
226.73 8.83219
210.02 8.83219
193.34 8.83219
176.65 8.83219
276.63 8.91615
259.97 8.91615
243.26 8.91615
226.61 8.91615
209.90 8.91615
193.24 8.91615
176.56 8.91615
159.85 8.91615
243.16 8.79217
226.48 8.79217
209.79 8.79217
193.14 8.79217
176.43 8.79217
159.75 8.79217
143.06 8.79217
126.38 8.79217
209.68 8.91043
193.03 8.91043
176.32 8.91043
159.67 8.91043
142.95 8.91043
126.28 8.91043
109.59 8.91043
92.91 8.91043
292.84 8.97848
276.20 8.97848
259.48 8.97848
242.80 8.97848
226.12 8.97848
209.44 8.97848
192.76 8.97848
176.07 8.97848
259.41 8.72744
242.75 8.72744
226.06 8.72744
209.35 8.72744
192.67 8.72744
175.98 8.72744
159.30 8.72744
142.62 8.72744
242.59 8.51832
225.91 8.51832
209.23 8.51832
192.55 8.51832
175.87 8.51832
159.21 8.51832
142.53 8.51832
125.84 8.51832
209.12 8.35431
192.45 8.35431
175.78 8.35431
159.08 8.35431
142.42 8.35431
125.71 8.35431
109.03 8.35431
92.35 8.35431
208.97 8.3008
192.29 8.3008
175.60 8.3008
158.94 8.3008
142.23 8.3008
125.55 8.3008
108.87 8.3008
92.21 8.3008
192.20 8.25467
175.54 8.25467
158.83 8.25467
142.15 8.25467
125.46 8.25467
108.81 8.25467
92.12 8.25467
75.41 8.25467
175.38 8.22462
158.67 8.22462
141.99 8.22462
125.30 8.22462
108.62 8.22462
91.94 8.22462
75.25 8.22462
58.57 8.22462
208.54 8.17143
191.89 8.17143
175.18 8.17143
158.52 8.17143
141.81 8.17143
125.12 8.17143
108.44 8.17143
91.76 8.17143
258.42 8.20093
241.77 8.20093
225.05 8.20093
208.37 8.20093
191.69 8.20093
175.01 8.20093
158.33 8.20093
141.65 8.20093
224.99 8.13177
208.28 8.13177
191.63 8.13177
174.94 8.13177
158.26 8.13177
141.58 8.13177
124.89 8.13177
108.21 8.13177
208.13 8.10459
191.43 8.10459
174.76 8.10459
158.08 8.10459
141.40 8.10459
124.74 8.10459
108.03 8.10459
91.34 8.10459
191.34 8.22785
174.66 8.22785
158.01 8.22785
141.32 8.22785
124.64 8.22785
107.96 8.22785
91.28 8.22785
74.59 8.22785
257.90 8.35781
241.18 8.35781
224.53 8.35781
207.82 8.35781
191.14 8.35781
174.49 8.35781
157.80 8.35781
141.12 8.35781
224.37 8.36267
207.72 8.36267
191.00 8.36267
174.35 8.36267
157.64 8.36267
140.96 8.36267
124.27 8.36267
107.59 8.36267
207.62 8.32067
190.91 8.32067
174.22 8.32067
157.54 8.32067
140.85 8.32067
124.17 8.32067
107.49 8.32067
90.81 8.32067
307.47 8.38182
290.79 8.38182
274.08 8.38182
257.40 8.38182
240.72 8.38182
224.03 8.38182
207.35 8.38182
190.69 8.38182
173.98 8.38182
157.32 8.38182
240.61 8.3114
223.93 8.3114
207.25 8.3114
190.56 8.3114
173.91 8.3114
157.22 8.3114
140.54 8.3114
123.83 8.3114
223.83 8.24813
207.15 8.24813
190.47 8.24813
173.76 8.24813
157.05 8.24813
140.39 8.24813
123.71 8.24813
107.02 8.24813
206.97 8.2052
190.31 8.2052
173.59 8.2052
156.95 8.2052
140.24 8.2052
123.58 8.2052
106.90 8.2052
90.19 8.2052
190.19 8.18097
173.51 8.18097
156.82 8.18097
140.14 8.18097
123.46 8.18097
106.78 8.18097
90.09 8.18097
73.44 8.18097
190.08 8.26221
173.37 8.26221
156.69 8.26221
140.00 8.26221
123.32 8.26221
106.64 8.26221
89.96 8.26221
73.30 8.26221
256.55 8.32733
239.89 8.32733
223.18 8.32733
206.50 8.32733
189.84 8.32733
173.13 8.32733
156.47 8.32733
139.79 8.32733
223.07 8.23446
206.39 8.23446
189.71 8.23446
173.02 8.23446
156.37 8.23446
139.67 8.23446
122.96 8.23446
106.32 8.23446
206.27 8.27582
189.59 8.27582
172.93 8.27582
156.25 8.27582
139.57 8.27582
122.88 8.27582
106.20 8.27582
89.52 8.27582
189.52 8.36681
172.84 8.36681
156.15 8.36681
139.47 8.36681
122.79 8.36681
106.08 8.36681
89.40 8.36681
72.71 8.36681
206.01 8.383
189.36 8.383
172.68 8.383
156.00 8.383
139.28 8.383
122.60 8.383
105.92 8.383
89.26 8.383
255.85 8.50469
239.19 8.50469
222.49 8.50469
205.83 8.50469
189.12 8.50469
172.46 8.50469
155.78 8.50469
139.06 8.50469
222.40 8.46498
205.70 8.46498
189.01 8.46498
172.33 8.46498
155.65 8.46498
138.96 8.46498
122.28 8.46498
105.60 8.46498
188.91 8.41734
172.22 8.41734
155.54 8.41734
138.85 8.41734
122.17 8.41734
105.48 8.41734
88.81 8.41734
72.15 8.41734
238.79 8.63692
222.13 8.63692
205.45 8.63692
188.74 8.63692
172.06 8.63692
155.37 8.63692
138.69 8.63692
238.66 8.57489
221.97 8.57489
205.32 8.57489
188.61 8.57489
171.92 8.57489
155.24 8.57489
138.56 8.57489
121.87 8.57489
205.22 8.49641
188.51 8.49641
171.85 8.49641
155.17 8.49641
138.46 8.49641
121.78 8.49641
105.12 8.49641
88.44 8.49641
238.41 8.59569
221.73 8.59569
205.03 8.59569
188.34 8.59569
171.68 8.59569
155.00 8.59569
138.29 8.59569
121.61 8.59569
271.57 8.70679
254.92 8.70679
238.21 8.70679
221.56 8.70679
204.87 8.70679
188.19 8.70679
171.50 8.70679
154.80 8.70679
238.10 8.43543
221.42 8.43543
204.74 8.43543
188.06 8.43543
171.37 8.43543
154.72 8.43543
137.99 8.43543
121.35 8.43543
237.94 8.23886
221.26 8.23886
204.57 8.23886
187.89 8.23886
171.21 8.23886
154.52 8.23886
137.84 8.23886
121.16 8.23886
204.50 8.29717
187.81 8.29717
171.16 8.29717
154.45 8.29717
137.77 8.29717
121.11 8.29717
104.42 8.29717
87.74 8.29717
204.35 8.35102
187.67 8.35102
170.99 8.35102
154.30 8.35102
137.62 8.35102
120.94 8.35102
104.23 8.35102
87.57 8.35102
204.22 8.40747
187.53 8.40747
170.85 8.40747
154.17 8.40747
137.49 8.40747
120.80 8.40747
104.12 8.40747
87.44 8.40747
270.77 8.51997
254.06 8.51997
237.38 8.51997
220.69 8.51997
204.04 8.51997
187.33 8.51997
170.65 8.51997
153.96 8.51997
237.26 8.43602
220.61 8.43602
203.90 8.43602
187.22 8.43602
170.53 8.43602
153.88 8.43602
137.19 8.43602
120.51 8.43602
253.79 8.58581
237.11 8.58581
220.41 8.58581
203.72 8.58581
187.04 8.58581
170.35 8.58581
153.66 8.58581
136.98 8.58581
253.63 8.48692
236.94 8.48692
220.26 8.48692
203.58 8.48692
186.92 8.48692
170.24 8.48692
153.53 8.48692
136.84 8.48692
253.49 8.45875
236.80 8.45875
220.12 8.45875
203.46 8.45875
186.78 8.45875
170.10 8.45875
153.42 8.45875
136.73 8.45875
303.37 8.43407
286.66 8.43407
269.97 8.43407
253.32 8.43407
236.63 8.43407
219.95 8.43407
203.24 8.43407
186.56 8.43407
169.88 8.43407
153.22 8.43407
236.53 8.16647
219.82 8.16647
203.14 8.16647
186.48 8.16647
169.77 8.16647
153.09 8.16647
136.41 8.16647
119.72 8.16647
169.70 8.08156
153.04 8.08156
236.33 7.91846
219.65 7.91846
202.99 7.91846
186.28 7.91846
169.62 7.91846
152.94 7.91846
136.26 7.91846
119.58 7.91846
236.22 7.83195
219.53 7.83195
202.85 7.83195
186.17 7.83195
169.49 7.83195
152.80 7.83195
136.12 7.83195
119.44 7.83195
219.41 7.95889
202.73 7.95889
186.04 7.95889
169.36 7.95889
152.68 7.95889
136.00 7.95889
119.31 7.95889
102.63 7.95889
202.60 8.0506
185.92 8.0506
169.24 8.0506
152.55 8.0506
135.87 8.0506
119.19 8.0506
102.51 8.0506
85.82 8.0506
202.46 8.20129
185.78 8.20129
169.10 8.20129
152.42 8.20129
135.73 8.20129
119.05 8.20129
102.37 8.20129
85.68 8.20129
318.98 8.27546
302.30 8.27546
285.62 8.27546
268.93 8.27546
252.25 8.27546
235.57 8.27546
218.89 8.27546
202.20 8.27546
185.52 8.27546
168.84 8.27546
268.81 8.24456
252.13 8.24456
235.45 8.24456
218.76 8.24456
202.08 8.24456
185.40 8.24456
168.71 8.24456
152.03 8.24456
235.37 8.17207
218.68 8.17207
202.00 8.17207
185.32 8.17207
168.63 8.17207
151.95 8.17207
135.27 8.17207
118.58 8.17207
235.23 8.03115
218.51 8.03115
201.86 8.03115
185.15 8.03115
168.50 8.03115
151.78 8.03115
135.13 8.03115
118.42 8.03115
235.09 8.06141
218.38 8.06141
201.70 8.06141
185.04 8.06141
168.33 8.06141
151.67 8.06141
134.96 8.06141
118.28 8.06141
251.56 8.1343
234.88 8.1343
218.19 8.1343
201.52 8.1343
184.86 8.1343
168.14 8.1343
151.49 8.1343
134.78 8.1343
234.78 8.22206
218.10 8.22206
201.41 8.22206
184.73 8.22206
168.05 8.22206
151.37 8.22206
134.69 8.22206
118.03 8.22206
201.31 8.15448
184.62 8.15448
167.94 8.15448
151.26 8.15448
134.58 8.15448
117.89 8.15448
101.21 8.15448
84.53 8.15448
201.20 8.10669
184.49 8.10669
167.83 8.10669
151.12 8.10669
134.44 8.10669
117.76 8.10669
101.10 8.10669
84.39 8.10669
251.03 8.15675
234.34 8.15675
217.66 8.15675
200.98 8.15675
184.32 8.15675
167.64 8.15675
150.93 8.15675
134.27 8.15675
234.22 8.13664
217.54 8.13664
200.86 8.13664
184.20 8.13664
167.49 8.13664
150.84 8.13664
134.12 8.13664
117.44 8.13664
200.78 8.03626
184.10 8.03626
167.38 8.03626
150.70 8.03626
134.02 8.03626
117.34 8.03626
100.68 8.03626
83.97 8.03626
233.94 8.09611
217.28 8.09611
200.58 8.09611
183.90 8.09611
167.24 8.09611
150.55 8.09611
133.87 8.09611
117.17 8.09611
200.47 8.0961
183.79 8.0961
167.11 8.0961
150.45 8.0961
133.74 8.0961
117.08 8.0961
100.37 8.0961
83.68 8.0961
266.96 8.11269
250.29 8.11269
233.59 8.11269
216.91 8.11269
200.26 8.11269
183.55 8.11269
166.89 8.11269
150.21 8.11269
233.52 8.13931
216.86 8.13931
200.18 8.13931
183.47 8.13931
166.79 8.13931
150.13 8.13931
133.45 8.13931
116.74 8.13931
250.08 8.2219
233.39 8.2219
216.69 8.2219
200.03 8.2219
183.34 8.2219
166.66 8.2219
149.98 8.2219
133.28 8.2219
216.55 8.11738
199.89 8.11738
183.21 8.11738
166.53 8.11738
149.81 8.11738
133.16 8.11738
116.44 8.11738
99.79 8.11738
249.74 8.18593
233.09 8.18593
216.37 8.18593
199.69 8.18593
183.01 8.18593
166.32 8.18593
149.64 8.18593
132.99 8.18593
216.30 8.16953
199.61 8.16953
182.93 8.16953
166.25 8.16953
149.56 8.16953
132.88 8.16953
116.20 8.16953
99.51 8.16953
266.15 8.2521
249.47 8.2521
232.78 8.2521
216.10 8.2521
199.42 8.2521
182.74 8.2521
166.05 8.2521
149.37 8.2521
216.01 8.16421
199.33 8.16421
182.65 8.16421
165.97 8.16421
149.28 8.16421
132.60 8.16421
115.92 8.16421
99.23 8.16421
265.87 8.26497
249.19 8.26497
232.51 8.26497
215.82 8.26497
199.14 8.26497
182.46 8.26497
165.77 8.26497
149.09 8.26497
232.40 8.1999
215.72 8.1999
199.03 8.1999
182.35 8.1999
165.67 8.1999
148.99 8.1999
132.30 8.1999
115.62 8.1999
198.93 8.14948
182.25 8.14948
165.56 8.14948
148.88 8.14948
132.20 8.14948
115.52 8.14948
98.83 8.14948
82.15 8.14948
282.12 8.32803
265.43 8.32803
248.75 8.32803
232.07 8.32803
215.38 8.32803
198.70 8.32803
182.02 8.32803
165.33 8.32803
231.98 8.19732
215.30 8.19732
198.62 8.19732
181.93 8.19732
165.25 8.19732
148.57 8.19732
131.88 8.19732
115.20 8.19732
198.51 8.15606
181.83 8.15606
165.14 8.15606
148.46 8.15606
131.78 8.15606
115.09 8.15606
98.41 8.15606
81.73 8.15606
281.73 8.30439
265.05 8.30439
248.36 8.30439
231.68 8.30439
215.00 8.30439
198.31 8.30439
181.63 8.30439
164.95 8.30439
148.26 8.30439
131.58 8.30439
231.56 8.38692
214.87 8.38692
198.19 8.38692
181.51 8.38692
164.82 8.38692
148.12 8.38692
131.46 8.38692
114.75 8.38692
181.39 8.33014
164.68 8.33014
148.02 8.33014
131.31 8.33014
114.63 8.33014
97.97 8.33014
81.29 8.33014
64.58 8.33014
231.27 8.45947
214.59 8.45947
197.88 8.45947
181.19 8.45947
164.51 8.45947
147.86 8.45947
131.15 8.45947
114.46 8.45947
197.77 8.47166
181.09 8.47166
164.40 8.47166
147.72 8.47166
131.04 8.47166
114.36 8.47166
97.67 8.47166
80.99 8.47166
214.30 8.49235
197.64 8.49235
180.93 8.49235
164.28 8.49235
147.60 8.49235
130.91 8.49235
114.23 8.49235
97.55 8.49235
180.83 8.51824
164.18 8.51824
147.50 8.51824
130.81 8.51824
114.13 8.51824
97.44 8.51824
80.76 8.51824
64.05 8.51824
264.02 8.59732
247.33 8.59732
230.65 8.59732
213.97 8.59732
197.26 8.59732
180.57 8.59732
163.89 8.59732
147.21 8.59732
230.57 8.68502
213.89 8.68502
197.20 8.68502
180.50 8.68502
163.84 8.68502
147.14 8.68502
130.47 8.68502
113.79 8.68502
197.10 8.66311
180.39 8.66311
163.74 8.66311
147.03 8.66311
130.37 8.66311
113.66 8.66311
96.98 8.66311
80.29 8.66311
213.63 8.55754
196.94 8.55754
180.24 8.55754
163.54 8.55754
146.87 8.55754
130.21 8.55754
113.53 8.55754
96.85 8.55754
213.49 8.60776
196.81 8.60776
180.12 8.60776
163.44 8.60776
146.76 8.60776
130.07 8.60776
113.39 8.60776
96.68 8.60776
213.32 8.70205
196.64 8.70205
179.98 8.70205
163.27 8.70205
146.62 8.70205
129.93 8.70205
113.22 8.70205
96.56 8.70205
179.85 8.75607
163.14 8.75607
146.47 8.75607
129.80 8.75607
113.09 8.75607
96.41 8.75607
79.73 8.75607
63.07 8.75607
196.40 8.65802
179.72 8.65802
163.04 8.65802
146.33 8.65802
129.67 8.65802
112.96 8.65802
96.30 8.65802
79.62 8.65802
246.23 8.67021
229.55 8.67021
212.87 8.67021
196.18 8.67021
179.47 8.67021
162.79 8.67021
146.11 8.67021
129.45 8.67021
229.43 8.71198
212.77 8.71198
196.06 8.71198
179.40 8.71198
162.69 8.71198
146.01 8.71198
129.33 8.71198
112.65 8.71198
195.98 8.66785
179.30 8.66785
162.62 8.66785
145.91 8.66785
129.23 8.66785
112.54 8.66785
95.86 8.66785
79.17 8.66785
212.48 8.73659
195.80 8.73659
179.11 8.73659
162.43 8.73659
145.75 8.73659
129.06 8.73659
112.38 8.73659
95.70 8.73659
212.34 8.79493
195.66 8.79493
178.97 8.79493
162.29 8.79493
145.61 8.79493
128.93 8.79493
112.24 8.79493
95.56 8.79493
212.20 8.87497
195.52 8.87497
178.83 8.87497
162.15 8.87497
145.47 8.87497
128.81 8.87497
112.13 8.87497
95.45 8.87497
228.70 8.91209
212.02 8.91209
195.33 8.91209
178.65 8.91209
161.97 8.91209
145.31 8.91209
128.63 8.91209
111.95 8.91209
228.56 8.96141
211.90 8.96141
195.19 8.96141
178.51 8.96141
161.83 8.96141
145.14 8.96141
128.46 8.96141
111.78 8.96141
195.12 8.85403
178.46 8.85403
161.75 8.85403
145.10 8.85403
128.38 8.85403
111.73 8.85403
95.02 8.85403
78.36 8.85403
244.97 8.89295
228.26 8.89295
211.58 8.89295
194.89 8.89295
178.21 8.89295
161.53 8.89295
144.84 8.89295
128.17 8.89295
544.81 8.92602
528.13 8.92602
511.44 8.92602
494.76 8.92602
478.08 8.92602
461.39 8.92602
444.71 8.92602
428.02 8.92602
511.34 8.92576
494.66 8.92576
477.97 8.92576
461.31 8.92576
444.63 8.92576
427.95 8.92576
411.27 8.92576
394.58 8.92576
444.56 8.89416
427.88 8.89416
411.20 8.89416
394.52 8.89416
377.83 8.89416
361.12 8.89416
344.47 8.89416
327.75 8.89416
411.10 8.92712
394.39 8.92712
377.73 8.92712
361.01 8.92712
344.36 8.92712
327.65 8.92712
310.97 8.92712
294.29 8.92712
377.62 8.86972
360.92 8.86972
344.23 8.86972
327.55 8.86972
310.87 8.86972
294.18 8.86972
277.50 8.86972
260.81 8.86972
344.12 8.83246
327.44 8.83246
310.79 8.83246
294.08 8.83246
277.42 8.83246
260.74 8.83246
244.03 8.83246
227.34 8.83246
310.65 8.75585
294.00 8.75585
277.29 8.75585
260.63 8.75585
243.92 8.75585
227.24 8.75585
210.56 8.75585
193.90 8.75585
277.19 8.88552
260.50 8.88552
243.82 8.88552
227.14 8.88552
210.48 8.88552
193.77 8.88552
277.07 8.97835
260.39 8.97835
243.70 8.97835
227.02 8.97835
210.34 8.97835
193.65 8.97835
176.97 8.97835
160.29 8.97835
260.27 8.93174
243.61 8.93174
226.91 8.93174
210.21 8.93174
193.54 8.93174
176.86 8.93174
160.17 8.93174
143.49 8.93174
243.46 8.84475
226.78 8.84475
210.10 8.84475
193.44 8.84475
176.73 8.84475
160.06 8.84475
143.40 8.84475
126.69 8.84475
210.03 8.74757
193.31 8.74757
176.63 8.74757
159.97 8.74757
143.29 8.74757
126.58 8.74757
109.90 8.74757
93.24 8.74757
243.16 8.73802
226.50 8.73802
209.79 8.73802
193.11 8.73802
176.43 8.73802
159.75 8.73802
143.06 8.73802
126.41 8.73802
209.72 8.66144
193.03 8.66144
176.34 8.66144
159.69 8.66144
142.98 8.66144
126.30 8.66144
109.64 8.66144
92.96 8.66144
176.22 8.6915
159.56 8.6915
142.88 8.6915
126.19 8.6915
109.51 8.6915
92.80 8.6915
76.14 8.6915
59.46 8.6915
192.80 8.71887
176.09 8.71887
159.40 8.71887
142.72 8.71887
126.04 8.71887
109.36 8.71887
92.67 8.71887
75.99 8.71887
259.32 8.7986
242.61 8.7986
225.93 8.7986
209.24 8.7986
192.56 8.7986
175.88 8.7986
159.19 8.7986
142.51 8.7986
225.79 8.7268
209.11 8.7268
192.43 8.7268
175.75 8.7268
159.06 8.7268
142.38 8.7268
125.70 8.7268
109.01 8.7268
258.99 8.77371
242.30 8.77371
225.62 8.77371
208.93 8.77371
192.25 8.77371
175.59 8.77371
158.89 8.77371
142.23 8.77371
242.18 8.82659
225.52 8.82659
208.84 8.82659
192.16 8.82659
175.45 8.82659
158.79 8.82659
142.11 8.82659
125.43 8.82659
208.74 8.81868
192.05 8.81868
175.37 8.81868
158.69 8.81868
141.98 8.81868
125.32 8.81868
108.62 8.81868
91.95 8.81868
241.95 8.70995
225.26 8.70995
208.58 8.70995
191.90 8.70995
175.21 8.70995
158.53 8.70995
141.85 8.70995
125.17 8.70995
208.45 8.79719
191.77 8.79719
175.09 8.79719
158.40 8.79719
141.72 8.79719
125.04 8.79719
108.33 8.79719
91.67 8.79719
258.31 8.92197
241.63 8.92197
224.94 8.92197
208.25 8.92197
191.58 8.92197
174.90 8.92197
158.21 8.92197
141.53 8.92197
224.84 8.9277
208.16 8.9277
191.48 8.9277
174.79 8.9277
158.11 8.9277
141.43 8.9277
124.74 8.9277
108.06 8.9277
208.03 9.04303
191.35 9.04303
174.67 9.04303
157.99 9.04303
141.30 9.04303
124.62 9.04303
107.94 9.04303
91.25 9.04303
257.89 8.88729
241.21 8.88729
224.53 8.88729
207.84 8.88729
191.16 8.88729
174.48 8.88729
157.79 8.88729
141.11 8.88729
224.42 9.03
207.74 9.03
191.06 9.03
174.37 9.03
157.69 9.03
141.01 9.03
124.32 9.03
107.64 9.03
207.64 8.99503
190.96 8.99503
174.28 8.99503
157.59 8.99503
140.91 8.99503
124.23 8.99503
107.54 8.99503
90.86 8.99503
207.48 9.08043
190.80 9.08043
174.11 9.08043
157.43 9.08043
140.75 9.08043
124.06 9.08043
107.36 9.08043
90.70 9.08043
190.65 9.11535
173.99 9.11535
157.28 9.11535
140.62 9.11535
123.91 9.11535
107.26 9.11535
90.58 9.11535
73.89 9.11535
273.83 9.16052
257.15 9.16052
240.49 9.16052
223.78 9.16052
207.13 9.16052
190.42 9.16052
173.76 9.16052
157.08 9.16052
240.39 9.08308
223.68 9.08308
207.02 9.08308
190.31 9.08308
173.63 9.08308
156.97 9.08308
140.26 9.08308
123.61 9.08308
240.28 9.18365
223.59 9.18365
206.88 9.18365
190.22 9.18365
173.51 9.18365
156.86 9.18365
140.15 9.18365
123.50 9.18365
206.78 9.26371
190.09 9.26371
173.44 9.26371
156.73 9.26371
140.08 9.26371
123.39 9.26371
106.71 9.26371
90.03 9.26371
289.94 9.2823
273.25 9.2823
256.57 9.2823
239.92 9.2823
223.20 9.2823
206.52 9.2823
189.87 9.2823
173.18 9.2823
273.16 9.16862
256.45 9.16862
239.77 9.16862
223.11 9.16862
206.40 9.16862
189.74 9.16862
173.06 9.16862
156.38 9.16862
239.69 9.10115
223.00 9.10115
206.32 9.10115
189.64 9.10115
172.95 9.10115
156.27 9.10115
139.59 9.10115
122.91 9.10115
306.21 9.10098
289.53 9.10098
272.84 9.10098
256.16 9.10098
239.48 9.10098
222.80 9.10098
206.11 9.10098
189.43 9.10098
306.07 9.02525
289.39 9.02525
272.70 9.02525
256.02 9.02525
239.34 9.02525
222.66 9.02525
205.97 9.02525
189.29 9.02525
172.61 9.02525
155.92 9.02525
239.23 8.97908
222.55 8.97908
205.87 8.97908
189.18 8.97908
172.50 8.97908
155.82 8.97908
139.13 8.97908
122.45 8.97908
205.79 8.87504
189.10 8.87504
172.42 8.87504
155.74 8.87504
139.06 8.87504
122.37 8.87504
105.69 8.87504
89.01 8.87504
188.96 8.89673
172.27 8.89673
155.59 8.89673
138.91 8.89673
122.20 8.89673
105.51 8.89673
88.83 8.89673
72.14 8.89673
255.45 8.94653
238.79 8.94653
222.11 8.94653
205.43 8.94653
188.72 8.94653
172.06 8.94653
155.36 8.94653
138.70 8.94653
222.04 8.92012
205.35 8.92012
188.64 8.92012
171.96 8.92012
155.31 8.92012
138.60 8.92012
121.94 8.92012
105.25 8.92012
188.56 8.86854
171.88 8.86854
155.19 8.86854
138.51 8.86854
121.80 8.86854
105.12 8.86854
88.46 8.86854
71.75 8.86854
171.76 8.89594
155.05 8.89594
138.37 8.89594
121.68 8.89594
105.00 8.89594
88.31 8.89594
71.63 8.89594
54.94 8.89594
221.58 9.03741
204.93 9.03741
188.22 9.03741
171.54 9.03741
154.88 9.03741
138.18 9.03741
121.49 9.03741
104.83 9.03741
204.75 9.20576
188.07 9.20576
171.39 9.20576
154.73 9.20576
138.02 9.20576
121.36 9.20576
104.66 9.20576
87.97 9.20576
171.31 9.15889
154.65 9.15889
137.96 9.15889
121.29 9.15889
104.58 9.15889
87.92 9.15889
71.21 9.15889
54.56 9.15889
237.83 9.23638
221.15 9.23638
204.46 9.23638
187.76 9.23638
171.07 9.23638
154.39 9.23638
137.71 9.23638
121.01 9.23638
204.33 9.11677
187.65 9.11677
171.00 9.11677
154.31 9.11677
137.60 9.11677
120.92 9.11677
104.26 9.11677
204.24 9.15356
187.56 9.15356
170.87 9.15356
154.19 9.15356
137.51 9.15356
120.83 9.15356
104.14 9.15356
87.46 9.15356
254.09 9.14281
237.41 9.14281
220.73 9.14281
204.05 9.14281
187.36 9.14281
170.68 9.14281
154.00 9.14281
137.31 9.14281
220.62 9.13787
203.94 9.13787
187.26 9.13787
170.57 9.13787
153.89 9.13787
137.21 9.13787
120.53 9.13787
103.84 9.13787
220.48 9.17214
203.80 9.17214
187.12 9.17214
170.44 9.17214
153.75 9.17214
137.07 9.17214
120.39 9.17214
103.70 9.17214
636.98 9.2029
620.30 9.2029
603.62 9.2029
586.93 9.2029
570.25 9.2029
553.57 9.2029
536.89 9.2029
520.20 9.2029
570.18 9.28082
553.50 9.28082
536.81 9.28082
520.13 9.28082
503.45 9.28082
486.77 9.28082
470.08 9.28082
453.40 9.28082
503.38 9.28248
486.69 9.28248
470.01 9.28248
453.33 9.28248
436.64 9.28248
419.96 9.28248
403.28 9.28248
386.60 9.28248
469.91 9.23861
453.23 9.23861
436.54 9.23861
419.86 9.23861
403.18 9.23861
386.49 9.23861
369.81 9.23861
353.13 9.23861
436.44 9.2248
419.75 9.2248
403.07 9.2248
386.39 9.2248
369.70 9.2248
353.02 9.2248
336.33 9.2248
319.65 9.2248
686.28 7.87136
669.60 7.87136
652.91 7.87136
636.23 7.87136
619.54 7.87136
602.86 7.87136
586.18 7.87136
569.50 7.87136
552.81 7.87136
536.13 7.87136
519.45 7.87136
502.76 7.87136
486.08 7.87136
469.40 7.87136
452.71 7.87136
436.03 7.87136
486.01 7.79333
469.33 7.79333
452.64 7.79333
435.96 7.79333
419.28 7.79333
402.60 7.79333
385.91 7.79333
369.23 7.79333
419.21 7.75656
402.53 7.75656
385.84 7.75656
369.16 7.75656
352.48 7.75656
335.80 7.75656
319.11 7.75656
302.43 7.75656
385.74 7.76878
369.06 7.76878
352.38 7.76878
335.69 7.76878
319.01 7.76878
302.33 7.76878
285.64 7.76878
268.96 7.76878
352.27 7.83534
335.59 7.83534
318.90 7.83534
302.22 7.83534
285.54 7.83534
268.85 7.83534
252.17 7.83534
235.49 7.83534
318.79 8.01951
302.11 8.01951
285.43 8.01951
268.75 8.01951
252.06 8.01951
235.38 8.01951
218.70 8.01951
202.01 8.01951
285.33 8.12092
268.64 8.12092
251.96 8.12092
235.28 8.12092
218.59 8.12092
201.91 8.12092
185.23 8.12092
168.55 8.12092
285.18 8.31214
268.50 8.31214
251.82 8.31214
235.14 8.31214
218.45 8.31214
201.77 8.31214
185.09 8.31214
168.41 8.31214
268.38 8.31684
251.70 8.31684
235.01 8.31684
218.33 8.31684
201.65 8.31684
184.96 8.31684
168.28 8.31684
151.60 8.31684
134.91 8.31684
118.23 8.31684
334.87 8.33595
318.18 8.33595
301.50 8.33595
284.82 8.33595
268.13 8.33595
251.45 8.33595
234.77 8.33595
218.08 8.33595
301.39 8.33633
284.71 8.33633
268.03 8.33633
251.34 8.33633
234.66 8.33633
217.98 8.33633
201.30 8.33633
184.59 8.33633
267.96 8.38736
251.25 8.38736
234.59 8.38736
217.88 8.38736
301.16 8.52291
284.48 8.52291
267.80 8.52291
251.14 8.52291
234.46 8.52291
217.77 8.52291
501.04 8.52167
484.38 8.52167
467.67 8.52167
451.02 8.52167
434.31 8.52167
417.63 8.52167
400.94 8.52167
384.26 8.52167
467.57 8.57874
450.92 8.57874
434.23 8.57874
417.55 8.57874
400.86 8.57874
384.18 8.57874
367.50 8.57874
350.82 8.57874
434.13 8.71949
417.44 8.71949
400.76 8.71949
384.08 8.71949
367.39 8.71949
350.71 8.71949
334.03 8.71949
317.35 8.71949
300.66 8.71949
283.98 8.71949
367.29 8.75076
350.61 8.75076
333.92 8.75076
317.24 8.75076
300.56 8.75076
283.87 8.75076
267.19 8.75076
250.51 8.75076
433.81 8.73003
417.12 8.73003
400.44 8.73003
383.76 8.73003
367.08 8.73003
350.39 8.73003
333.71 8.73003
317.03 8.73003
400.36 8.78911
383.68 8.78911
367.00 8.78911
350.31 8.78911
333.63 8.78911
316.94 8.78911
300.26 8.78911
283.58 8.78911
366.90 8.79365
350.21 8.79365
333.53 8.79365
316.85 8.79365
300.17 8.79365
283.45 8.79365
266.77 8.79365
250.09 8.79365
333.40 8.72002
316.69 8.72002
300.03 8.72002
283.32 8.72002
266.64 8.72002
249.98 8.72002
233.27 8.72002
216.59 8.72002
299.90 8.70855
283.24 8.70855
266.55 8.70855
249.85 8.70855
233.19 8.70855
216.51 8.70855
199.83 8.70855
183.15 8.70855
266.46 8.67815
249.75 8.67815
233.06 8.67815
216.41 8.67815
199.73 8.67815
183.02 8.67815
166.36 8.67815
149.68 8.67815
249.65 8.60363
232.97 8.60363
216.29 8.60363
199.60 8.60363
182.92 8.60363
166.24 8.60363
149.55 8.60363
132.87 8.60363
216.18 8.63838
199.50 8.63838
182.82 8.63838
166.10 8.63838
149.45 8.63838
132.77 8.63838
116.08 8.63838
99.40 8.63838
216.07 8.62518
199.39 8.62518
182.70 8.62518
166.02 8.62518
149.34 8.62518
132.65 8.62518
115.97 8.62518
99.29 8.62518
199.24 8.64791
182.55 8.64791
165.84 8.64791
149.18 8.64791
132.47 8.64791
115.79 8.64791
99.11 8.64791
82.45 8.64791
282.40 8.6845
265.71 8.6845
249.06 8.6845
232.37 8.6845
215.69 8.6845
199.01 8.6845
182.32 8.6845
165.64 8.6845
265.64 8.62362
248.96 8.62362
232.28 8.62362
215.60 8.62362
198.91 8.62362
182.23 8.62362
165.54 8.62362
148.87 8.62362
232.17 8.58332
215.49 8.58332
198.80 8.58332
182.12 8.58332
165.44 8.58332
148.75 8.58332
132.07 8.58332
115.39 8.58332
198.70 8.52342
182.02 8.52342
165.34 8.52342
148.65 8.52342
131.94 8.52342
115.26 8.52342
98.57 8.52342
81.89 8.52342
215.18 8.4783
198.51 8.4783
181.80 8.4783
165.15 8.4783
148.47 8.4783
131.79 8.4783
115.08 8.4783
98.42 8.4783
215.05 8.55901
198.37 8.55901
181.69 8.55901
165.03 8.55901
148.32 8.55901
131.64 8.55901
114.98 8.55901
98.27 8.55901
214.92 8.482
198.24 8.482
181.52 8.482
164.87 8.482
148.19 8.482
131.48 8.482
114.82 8.482
98.12 8.482
264.75 8.45452
248.06 8.45452
231.38 8.45452
214.71 8.45452
198.04 8.45452
181.36 8.45452
164.68 8.45452
148.00 8.45452
231.31 8.36036
214.62 8.36036
197.94 8.36036
181.26 8.36036
164.57 8.36036
147.89 8.36036
131.21 8.36036
114.53 8.36036
281.16 8.35372
264.48 8.35372
247.80 8.35372
231.11 8.35372
214.43 8.35372
197.75 8.35372
181.06 8.35372
164.38 8.35372
247.69 8.29499
231.01 8.29499
214.33 8.29499
197.64 8.29499
180.96 8.29499
164.28 8.29499
147.59 8.29499
130.91 8.29499
214.22 8.22961
197.54 8.22961
180.85 8.22961
164.17 8.22961
147.49 8.22961
130.80 8.22961
114.12 8.22961
97.44 8.22961
197.41 8.19107
180.73 8.19107
164.04 8.19107
147.36 8.19107
130.68 8.19107
114.00 8.19107
97.31 8.19107
80.63 8.19107
163.94 8.16533
147.26 8.16533
130.57 8.16533
113.89 8.16533
97.21 8.16533
80.53 8.16533
63.84 8.16533
47.16 8.16533
213.80 8.13347
197.12 8.13347
180.44 8.13347
163.75 8.13347
147.07 8.13347
130.39 8.13347
113.70 8.13347
97.02 8.13347
263.65 8.29258
246.97 8.29258
230.26 8.29258
213.61 8.29258
196.90 8.29258
180.24 8.29258
163.56 8.29258
146.87 8.29258
230.16 8.30539
213.50 8.30539
196.79 8.30539
180.13 8.30539
163.42 8.30539
146.77 8.30539
130.09 8.30539
113.40 8.30539
296.71 8.31692
280.02 8.31692
263.34 8.31692
246.66 8.31692
229.95 8.31692
213.27 8.31692
196.61 8.31692
179.93 8.31692
163.24 8.31692
146.56 8.31692
229.89 8.23819
213.21 8.23819
196.52 8.23819
179.84 8.23819
163.16 8.23819
146.44 8.23819
129.79 8.23819
113.11 8.23819
213.06 8.15648
196.36 8.15648
179.70 8.15648
162.99 8.15648
146.33 8.15648
129.62 8.15648
112.94 8.15648
96.26 8.15648
229.59 8.16762
212.91 8.16762
196.22 8.16762
179.54 8.16762
162.86 8.16762
146.17 8.16762
129.49 8.16762
112.83 8.16762
229.42 8.06777
212.77 8.06777
196.06 8.06777
179.37 8.06777
162.69 8.06777
146.01 8.06777
129.33 8.06777
112.64 8.06777
179.34 8.01451
162.62 8.01451
145.97 8.01451
129.29 8.01451
112.60 8.01451
95.92 8.01451
79.21 8.01451
62.53 8.01451
212.50 8.04697
195.82 8.04697
179.14 8.04697
162.43 8.04697
145.74 8.04697
129.06 8.04697
112.38 8.04697
95.69 8.04697
212.34 8.13125
195.68 8.13125
178.97 8.13125
162.29 8.13125
145.63 8.13125
128.95 8.13125
112.27 8.13125
95.56 8.13125
212.25 8.134
195.54 8.134
178.86 8.134
162.18 8.134
145.50 8.134
128.81 8.134
112.13 8.134
95.47 8.134
212.06 8.05228
195.40 8.05228
178.69 8.05228
162.01 8.05228
145.33 8.05228
128.64 8.05228
111.99 8.05228
95.28 8.05228
211.94 8.04034
195.26 8.04034
178.58 8.04034
161.89 8.04034
145.21 8.04034
128.53 8.04034
111.82 8.04034
95.14 8.04034
228.44 7.98774
211.78 7.98774
195.10 7.98774
178.42 7.98774
161.74 7.98774
145.06 7.98774
128.35 7.98774
111.69 7.98774
194.97 7.91263
178.31 7.91263
161.60 7.91263
144.92 7.91263
128.24 7.91263
111.56 7.91263
94.90 7.91263
78.19 7.91263
228.19 7.90929
211.51 7.90929
194.82 7.90929
178.14 7.90929
161.46 7.90929
144.75 7.90929
128.09 7.90929
111.41 7.90929
228.05 7.84057
211.37 7.84057
194.68 7.84057
178.00 7.84057
161.32 7.84057
144.64 7.84057
127.95 7.84057
111.27 7.84057
244.58 7.82056
227.89 7.82056
211.21 7.82056
194.52 7.82056
177.84 7.82056
161.16 7.82056
144.47 7.82056
127.79 7.82056
211.10 7.76026
194.42 7.76026
177.73 7.76026
161.05 7.76026
144.37 7.76026
127.69 7.76026
111.00 7.76026
94.32 7.76026
194.30 7.66974
177.62 7.66974
160.93 7.66974
144.25 7.66974
127.57 7.66974
110.88 7.66974
94.20 7.66974
77.52 7.66974
210.82 7.73564
194.14 7.73564
177.46 7.73564
160.78 7.73564
144.09 7.73564
127.41 7.73564
110.73 7.73564
94.04 7.73564
260.68 7.84488
244.00 7.84488
227.31 7.84488
210.63 7.84488
193.95 7.84488
177.26 7.84488
160.58 7.84488
143.90 7.84488
227.21 7.93827
210.53 7.93827
193.84 7.93827
177.16 7.93827
160.47 7.93827
143.79 7.93827
127.11 7.93827
110.43 7.93827
243.71 7.97165
227.03 7.97165
210.37 7.97165
193.69 7.97165
177.00 7.97165
160.32 7.97165
143.64 7.97165
126.95 7.97165
260.26 7.91705
243.58 7.91705
226.90 7.91705
210.21 7.91705
193.53 7.91705
176.85 7.91705
160.16 7.91705
143.48 7.91705
226.79 7.72262
210.08 7.72262
193.42 7.72262
176.74 7.72262
160.06 7.72262
143.38 7.72262
126.69 7.72262
110.01 7.72262
209.99 7.82383
193.30 7.82383
176.62 7.82383
159.93 7.82383
143.25 7.82383
126.57 7.82383
109.89 7.82383
93.20 7.82383
193.18 7.80881
176.50 7.80881
159.81 7.80881
143.13 7.80881
126.44 7.80881
109.76 7.80881
93.08 7.80881
76.40 7.80881
243.03 7.9506
226.35 7.9506
209.67 7.9506
192.99 7.9506
176.30 7.9506
159.62 7.9506
142.94 7.9506
126.25 7.9506
209.56 7.98116
192.88 7.98116
176.20 7.98116
159.52 7.98116
142.83 7.98116
126.15 7.98116
109.47 7.98116
92.78 7.98116
242.75 8.14655
226.07 8.14655
209.39 8.14655
192.71 8.14655
176.02 8.14655
159.34 8.14655
142.66 8.14655
125.97 8.14655
259.28 8.20303
242.60 8.20303
225.91 8.20303
209.23 8.20303
192.53 8.20303
175.87 8.20303
159.18 8.20303
142.50 8.20303
225.81 8.13334
209.13 8.13334
192.44 8.13334
175.76 8.13334
159.08 8.13334
142.40 8.13334
125.71 8.13334
109.03 8.13334
225.67 8.05933
208.99 8.05933
192.30 8.05933
175.62 8.05933
158.91 8.05933
142.25 8.05933
125.54 8.05933
108.89 8.05933
208.87 7.89372
192.18 7.89372
175.50 7.89372
158.81 7.89372
142.13 7.89372
125.45 7.89372
108.77 7.89372
92.08 7.89372
192.06 7.80801
175.38 7.80801
158.69 7.80801
142.01 7.80801
125.33 7.80801
108.64 7.80801
91.96 7.80801
75.28 7.80801
241.91 8.05025
225.23 8.05025
208.55 8.05025
191.87 8.05025
175.18 8.05025
158.50 8.05025
141.82 8.05025
125.13 8.05025
225.11 7.89051
208.43 7.89051
191.74 7.89051
175.06 7.89051
158.38 7.89051
141.69 7.89051
125.01 7.89051
108.33 7.89051
208.31 8.0356
191.62 8.0356
174.94 8.0356
158.26 8.0356
141.58 8.0356
124.89 8.0356
208.20 7.85255
191.52 7.85255
174.84 7.85255
158.15 7.85255
141.47 7.85255
124.79 7.85255
208.10 7.73807
191.41 7.73807
174.73 7.73807
158.05 7.73807
141.36 7.73807
124.68 7.73807
108.00 7.73807
91.31 7.73807
191.29 7.64578
174.60 7.64578
157.92 7.64578
141.24 7.64578
124.56 7.64578
107.87 7.64578
91.19 7.64578
74.51 7.64578
191.15 7.62189
174.47 7.62189
157.76 7.62189
141.07 7.62189
124.42 7.62189
107.73 7.62189
91.02 7.62189
74.37 7.62189
207.68 7.6823
191.00 7.6823
174.29 7.6823
157.60 7.6823
140.92 7.6823
124.26 7.6823
107.58 7.6823
90.89 7.6823
74.21 7.6823
57.53 7.6823
174.17 7.82192
157.49 7.82192
140.80 7.82192
124.12 7.82192
107.44 7.82192
90.75 7.82192
74.07 7.82192
57.39 7.82192
190.69 7.97377
174.01 7.97377
157.33 7.97377
140.65 7.97377
123.96 7.97377
107.28 7.97377
90.60 7.97377
73.91 7.97377
223.89 8.11035
207.20 8.11035
190.52 8.11035
173.84 8.11035
157.15 8.11035
140.47 8.11035
123.79 8.11035
107.11 8.11035
223.75 8.36523
207.06 8.36523
190.37 8.36523
173.70 8.36523
157.01 8.36523
140.33 8.36523
123.65 8.36523
106.97 8.36523
206.94 8.16589
190.26 8.16589
173.57 8.16589
156.89 8.16589
140.21 8.16589
123.52 8.16589
106.84 8.16589
90.16 8.16589
190.13 8.13939
173.45 8.13939
156.77 8.13939
140.09 8.13939
123.40 8.13939
106.72 8.13939
90.04 8.13939
73.36 8.13939
156.66 8.06496
139.98 8.06496
123.30 8.06496
106.61 8.06496
89.93 8.06496
73.25 8.06496
56.56 8.06496
39.88 8.06496
223.18 8.15099
206.50 8.15099
189.82 8.15099
173.13 8.15099
156.45 8.15099
139.77 8.15099
123.09 8.15099
106.40 8.15099
189.71 8.11448
173.03 8.11448
156.35 8.11448
139.66 8.11448
122.98 8.11448
106.30 8.11448
89.62 8.11448
72.93 8.11448
206.27 8.17719
189.59 8.17719
172.91 8.17719
156.22 8.17719
139.54 8.17719
122.86 8.17719
106.17 8.17719
89.49 8.17719
239.43 8.30621
222.72 8.30621
206.04 8.30621
189.36 8.30621
172.68 8.30621
155.99 8.30621
139.33 8.30621
122.62 8.30621
205.97 8.3674
189.28 8.3674
172.60 8.3674
155.92 8.3674
139.23 8.3674
122.58 8.3674
105.86 8.3674
89.19 8.3674
255.82 8.35199
239.11 8.35199
222.45 8.35199
205.75 8.35199
189.06 8.35199
172.38 8.35199
155.70 8.35199
139.04 8.35199
222.32 8.22258
205.64 8.22258
188.95 8.22258
172.28 8.22258
155.61 8.22258
138.93 8.22258
122.25 8.22258
105.54 8.22258
188.88 7.95251
172.22 7.95251
155.51 7.95251
138.85 7.95251
122.15 7.95251
105.49 7.95251
88.78 7.95251
72.09 7.95251
188.71 7.93836
172.05 7.93836
155.34 7.93836
138.69 7.93836
122.00 7.93836
105.29 7.93836
88.61 7.93836
71.92 7.93836
188.62 7.9225
171.91 7.9225
155.25 7.9225
138.54 7.9225
121.86 7.9225
105.18 7.9225
88.52 7.9225
71.81 7.9225
188.43 8.09952
171.75 8.09952
155.09 8.09952
138.41 8.09952
121.72 8.09952
105.02 8.09952
88.33 8.09952
71.65 8.09952
171.68 8.15116
155.00 8.15116
138.31 8.15116
121.60 8.15116
104.95 8.15116
88.26 8.15116
71.58 8.15116
54.90 8.15116
238.18 8.24351
221.50 8.24351
204.81 8.24351
188.13 8.24351
171.45 8.24351
154.77 8.24351
138.08 8.24351
121.42 8.24351
221.39 8.3116
204.71 8.3116
188.00 8.3116
171.32 8.3116
154.66 8.3116
137.98 8.3116
121.27 8.3116
104.58 8.3116
187.89 8.32163
171.21 8.32163
154.53 8.32163
137.85 8.32163
121.16 8.32163
104.48 8.32163
87.80 8.32163
71.11 8.32163
254.39 8.49908
237.70 8.49908
221.02 8.49908
204.34 8.49908
187.65 8.49908
170.98 8.49908
154.32 8.49908
137.64 8.49908
220.94 8.35402
204.26 8.35402
187.58 8.35402
170.92 8.35402
154.24 8.35402
137.53 8.35402
120.87 8.35402
104.19 8.35402
187.48 8.39862
170.80 8.39862
154.14 8.39862
137.46 8.39862
120.77 8.39862
104.09 8.39862
87.38 8.39862
70.72 8.39862
237.30 8.50668
220.65 8.50668
203.93 8.50668
187.26 8.50668
170.58 8.50668
153.89 8.50668
137.21 8.50668
120.52 8.50668
203.84 8.55626
187.15 8.55626
170.47 8.55626
153.79 8.55626
137.10 8.55626
120.42 8.55626
103.74 8.55626
87.06 8.55626
270.38 8.78017
253.69 8.78017
237.02 8.78017
220.34 8.78017
203.65 8.78017
186.99 8.78017
170.28 8.78017
153.60 8.78017
136.94 8.78017
120.24 8.78017
236.88 8.68851
220.22 8.68851
203.52 8.68851
186.83 8.68851
170.14 8.68851
153.47 8.68851
136.78 8.68851
220.07 8.56398
203.38 8.56398
186.70 8.56398
170.01 8.56398
153.33 8.56398
136.65 8.56398
119.97 8.56398
103.28 8.56398
203.25 8.41399
186.57 8.41399
169.91 8.41399
153.21 8.41399
136.52 8.41399
119.84 8.41399
103.16 8.41399
86.48 8.41399
169.84 8.4553
153.16 8.4553
136.45 8.4553
119.76 8.4553
103.08 8.4553
86.39 8.4553
69.71 8.4553
53.03 8.4553
202.97 8.51039
186.29 8.51039
169.60 8.51039
152.95 8.51039
136.24 8.51039
119.58 8.51039
102.90 8.51039
86.19 8.51039
236.17 8.68197
219.51 8.68197
202.83 8.68197
186.12 8.68197
169.44 8.68197
152.78 8.68197
136.07 8.68197
119.38 8.68197
236.05 8.73585
219.34 8.73585
202.69 8.73585
186.00 8.73585
169.32 8.73585
152.64 8.73585
135.95 8.73585
119.27 8.73585
235.92 8.88567
219.23 8.88567
202.55 8.88567
185.87 8.88567
169.19 8.88567
152.53 8.88567
135.85 8.88567
119.14 8.88567
202.42 8.81383
185.76 8.81383
169.08 8.81383
152.38 8.81383
135.69 8.81383
119.00 8.81383
102.32 8.81383
85.66 8.81383
252.30 8.77272
235.61 8.77272
218.89 8.77272
202.25 8.77272
185.53 8.77272
168.88 8.77272
152.20 8.77272
135.52 8.77272
218.83 8.60389
202.15 8.60389
185.46 8.60389
168.78 8.60389
152.10 8.60389
135.41 8.60389
118.73 8.60389
102.05 8.60389
185.36 8.61912
168.67 8.61912
151.99 8.61912
135.31 8.61912
118.62 8.61912
101.94 8.61912
85.26 8.61912
68.58 8.61912
185.24 8.69965
168.56 8.69965
151.88 8.69965
135.20 8.69965
118.51 8.69965
101.83 8.69965
85.15 8.69965
68.47 8.69965
235.10 8.8092
218.40 8.8092
201.74 8.8092
185.02 8.8092
168.37 8.8092
151.66 8.8092
135.00 8.8092
118.29 8.8092
268.24 8.97859
251.55 8.97859
234.87 8.97859
218.19 8.97859
201.51 8.97859
184.82 8.97859
168.14 8.97859
151.46 8.97859
268.10 9.02578
251.42 9.02578
234.73 9.02578
218.05 9.02578
201.37 9.02578
184.71 9.02578
168.03 9.02578
151.34 9.02578
234.66 8.64578
217.97 8.64578
201.29 8.64578
184.61 8.64578
167.92 8.64578
151.24 8.64578
134.56 8.64578
117.87 8.64578
201.21 8.25224
184.53 8.25224
167.84 8.25224
151.16 8.25224
134.48 8.25224
117.79 8.25224
101.11 8.25224
84.43 8.25224
217.71 8.04255
201.03 8.04255
184.32 8.04255
167.66 8.04255
150.95 8.04255
134.27 8.04255
117.58 8.04255
100.93 8.04255
184.21 8.26814
167.53 8.26814
150.87 8.26814
134.16 8.26814
117.48 8.26814
100.82 8.26814
84.14 8.26814
67.43 8.26814
200.74 8.37315
184.08 8.37315
167.40 8.37315
150.71 8.37315
134.03 8.37315
117.35 8.37315
100.67 8.37315
83.98 8.37315
200.62 8.46881
183.94 8.46881
167.26 8.46881
150.58 8.46881
133.92 8.46881
117.21 8.46881
100.52 8.46881
83.87 8.46881
217.18 8.53266
200.47 8.53266
183.79 8.53266
167.13 8.53266
150.45 8.53266
133.76 8.53266
117.05 8.53266
100.37 8.53266
200.34 8.59482
183.66 8.59482
166.97 8.59482
150.29 8.59482
133.61 8.59482
116.93 8.59482
100.25 8.59482
83.56 8.59482
250.20 8.8062
233.49 8.8062
216.83 8.8062
200.15 8.8062
183.47 8.8062
166.76 8.8062
150.07 8.8062
133.39 8.8062
250.03 8.99096
233.37 8.99096
216.67 8.99096
200.01 8.99096
183.30 8.99096
166.62 8.99096
149.96 8.99096
133.28 8.99096
216.56 8.85298
199.89 8.85298
183.22 8.85298
166.54 8.85298
149.86 8.85298
133.18 8.85298
116.47 8.85298
99.78 8.85298
199.76 8.78964
183.07 8.78964
166.39 8.78964
149.74 8.78964
133.03 8.78964
116.37 8.78964
99.66 8.78964
83.00 8.78964
249.64 8.84429
232.99 8.84429
216.28 8.84429
199.59 8.84429
182.91 8.84429
166.22 8.84429
149.55 8.84429
132.89 8.84429
216.17 8.84534
199.51 8.84534
182.83 8.84534
166.15 8.84534
149.46 8.84534
132.78 8.84534
116.07 8.84534
99.39 8.84534
199.34 8.80497
182.66 8.80497
166.00 8.80497
149.29 8.80497
132.60 8.80497
115.95 8.80497
99.24 8.80497
82.58 8.80497
249.20 8.8153
232.51 8.8153
215.83 8.8153
199.15 8.8153
182.46 8.8153
165.78 8.8153
149.10 8.8153
132.41 8.8153
249.08 8.78812
232.37 8.78812
215.71 8.78812
199.00 8.78812
182.32 8.78812
165.63 8.78812
148.95 8.78812
132.26 8.78812
198.94 8.32582
182.26 8.32582
165.58 8.32582
148.92 8.32582
132.24 8.32582
115.53 8.32582
98.85 8.32582
82.17 8.32582
165.47 8.23814
148.76 8.23814
132.08 8.23814
115.42 8.23814
98.74 8.23814
82.03 8.23814
65.35 8.23814
48.66 8.23814
215.33 8.27167
198.68 8.27167
181.96 8.27167
165.31 8.27167
148.63 8.27167
131.94 8.27167
115.26 8.27167
98.56 8.27167
198.55 8.33172
181.83 8.33172
165.16 8.33172
148.48 8.33172
131.82 8.33172
115.11 8.33172
98.45 8.33172
81.75 8.33172
165.08 8.45902
148.37 8.45902
131.71 8.45902
115.00 8.45902
248.31 8.67596
231.63 8.67596
214.94 8.67596
198.23 8.67596
181.55 8.67596
164.89 8.67596
148.18 8.67596
131.53 8.67596
214.84 8.74844
198.16 8.74844
181.47 8.74844
164.79 8.74844
148.11 8.74844
131.42 8.74844
114.77 8.74844
98.06 8.74844
298.06 8.84944
281.37 8.84944
264.69 8.84944
247.98 8.84944
231.32 8.84944
214.61 8.84944
197.93 8.84944
181.25 8.84944
164.56 8.84944
147.91 8.84944
264.52 8.75183
247.87 8.75183
231.16 8.75183
214.47 8.75183
197.79 8.75183
181.11 8.75183
164.43 8.75183
147.77 8.75183
231.02 8.54371
214.34 8.54371
197.69 8.54371
181.00 8.54371
164.29 8.54371
147.63 8.54371
130.93 8.54371
114.23 8.54371
197.56 8.45527
180.88 8.45527
164.19 8.45527
147.54 8.45527
130.82 8.45527
114.17 8.45527
97.49 8.45527
80.79 8.45527
214.13 8.45216
197.45 8.45216
180.77 8.45216
164.08 8.45216
147.40 8.45216
130.72 8.45216
114.04 8.45216
97.35 8.45216
197.30 8.22038
180.65 8.22038
163.94 8.22038
147.28 8.22038
130.60 8.22038
113.91 8.22038
97.23 8.22038
80.53 8.22038
197.15 8.16281
180.47 8.16281
163.78 8.16281
147.13 8.16281
130.42 8.16281
113.77 8.16281
97.05 8.16281
80.37 8.16281
230.37 8.19132
213.69 8.19132
196.98 8.19132
180.32 8.19132
163.64 8.19132
146.96 8.19132
130.28 8.19132
113.57 8.19132
213.54 8.43546
196.86 8.43546
180.18 8.43546
163.49 8.43546
146.81 8.43546
130.13 8.43546
113.44 8.43546
96.74 8.43546
180.10 8.45066
163.41 8.45066
146.73 8.45066
130.02 8.45066
113.36 8.45066
96.68 8.45066
79.97 8.45066
63.31 8.45066
196.60 8.25898
179.91 8.25898
163.23 8.25898
146.55 8.25898
129.87 8.25898
113.18 8.25898
96.47 8.25898
79.78 8.25898
179.79 8.35888
163.08 8.35888
146.40 8.35888
129.72 8.35888
113.03 8.35888
96.38 8.35888
79.69 8.35888
63.01 8.35888
246.31 8.61612
229.63 8.61612
212.95 8.61612
196.26 8.61612
179.58 8.61612
162.90 8.61612
146.22 8.61612
129.53 8.61612
212.85 8.63947
196.16 8.63947
179.48 8.63947
162.80 8.63947
146.12 8.63947
129.43 8.63947
112.75 8.63947
96.07 8.63947
179.37 8.56653
162.67 8.56653
146.01 8.56653
129.32 8.56653
112.64 8.56653
95.96 8.56653
79.27 8.56653
62.59 8.56653
195.90 8.682
179.22 8.682
162.53 8.682
145.85 8.682
129.17 8.682
112.48 8.682
95.80 8.682
79.12 8.682
212.43 8.72039
195.74 8.72039
179.06 8.72039
162.38 8.72039
145.69 8.72039
129.01 8.72039
112.33 8.72039
95.65 8.72039
178.95 8.58264
162.27 8.58264
145.59 8.58264
128.90 8.58264
112.22 8.58264
95.54 8.58264
78.85 8.58264
62.17 8.58264
195.48 8.53398
178.79 8.53398
162.11 8.53398
145.42 8.53398
128.74 8.53398
112.06 8.53398
95.38 8.53398
78.70 8.53398
228.67 8.41978
211.99 8.41978
195.30 8.41978
178.62 8.41978
161.94 8.41978
145.25 8.41978
128.57 8.41978
111.89 8.41978
228.53 8.46924
211.84 8.46924
195.16 8.46924
178.48 8.46924
161.79 8.46924
145.11 8.46924
128.43 8.46924
111.75 8.46924
228.39 8.44777
211.71 8.44777
195.02 8.44777
178.34 8.44777
161.66 8.44777
144.98 8.44777
128.29 8.44777
111.61 8.44777
194.92 8.23761
178.23 8.23761
161.55 8.23761
144.87 8.23761
128.18 8.23761
111.50 8.23761
94.82 8.23761
78.13 8.23761
211.44 8.24268
194.76 8.24268
178.08 8.24268
161.35 8.24268
144.71 8.24268
128.00 8.24268
111.34 8.24268
94.64 8.24268
211.30 8.42191
194.62 8.42191
177.94 8.42191
161.25 8.42191
144.57 8.42191
127.89 8.42191
111.21 8.42191
94.55 8.42191
177.80 8.43224
161.15 8.43224
144.44 8.43224
127.78 8.43224
111.07 8.43224
94.39 8.43224
77.70 8.43224
61.02 8.43224
227.66 8.4574
210.98 8.4574
194.30 8.4574
177.61 8.4574
160.96 8.4574
144.27 8.4574
127.59 8.4574
110.91 8.4574
260.91 8.55758
244.23 8.55758
227.53 8.55758
210.86 8.55758
194.18 8.55758
177.46 8.55758
160.78 8.55758
144.10 8.55758
227.40 8.59742
210.72 8.59742
194.04 8.59742
177.36 8.59742
160.64 8.59742
143.99 8.59742
127.31 8.59742
110.62 8.59742
193.94 8.5344
177.25 8.5344
160.57 8.5344
143.88 8.5344
127.23 8.5344
110.55 8.5344
93.86 8.5344
77.15 8.5344
60.47 8.5344
43.79 8.5344
193.74 8.51698
177.06 8.51698
160.38 8.51698
143.72 8.51698
127.03 8.51698
110.35 8.51698
93.67 8.51698
76.98 8.51698
243.62 8.65755
226.91 8.65755
210.22 8.65755
193.54 8.65755
176.89 8.65755
160.18 8.65755
143.52 8.65755
126.84 8.65755
260.15 8.65525
243.44 8.65525
226.76 8.65525
210.10 8.65525
193.39 8.65525
176.70 8.65525
160.02 8.65525
143.33 8.65525
226.64 8.60442
209.96 8.60442
193.28 8.60442
176.60 8.60442
159.91 8.60442
143.23 8.60442
126.58 8.60442
109.89 8.60442
193.20 8.41889
176.52 8.41889
159.84 8.41889
143.13 8.41889
126.47 8.41889
109.79 8.41889
93.08 8.41889
76.42 8.41889
176.40 8.45052
159.74 8.45052
143.03 8.45052
126.35 8.45052
109.67 8.45052
93.01 8.45052
76.30 8.45052
59.65 8.45052
192.92 8.4963
176.21 8.4963
159.56 8.4963
142.87 8.4963
126.16 8.4963
109.51 8.4963
92.82 8.4963
76.12 8.4963
192.76 8.50888
176.10 8.50888
159.42 8.50888
142.71 8.50888
126.05 8.50888
109.34 8.50888
92.66 8.50888
76.00 8.50888
192.62 8.53441
175.96 8.53441
159.25 8.53441
142.59 8.53441
125.91 8.53441
109.20 8.53441
92.52 8.53441
75.86 8.53441
225.85 8.65042
209.17 8.65042
192.46 8.65042
175.78 8.65042
159.12 8.65042
142.41 8.65042
125.76 8.65042
109.07 8.65042
225.71 8.65451
209.03 8.65451
192.35 8.65451
175.64 8.65451
158.99 8.65451
142.30 8.65451
125.59 8.65451
108.93 8.65451
192.22 8.59139
175.54 8.59139
158.87 8.59139
142.17 8.59139
125.49 8.59139
108.81 8.59139
92.13 8.59139
75.44 8.59139
192.08 8.49254
175.40 8.49254
158.72 8.49254
142.04 8.49254
125.38 8.49254
108.67 8.49254
92.01 8.49254
75.30 8.49254
191.94 8.45693
175.23 8.45693
158.55 8.45693
141.86 8.45693
125.18 8.45693
108.50 8.45693
91.82 8.45693
75.16 8.45693
241.80 8.56645
225.15 8.56645
208.44 8.56645
191.78 8.56645
175.07 8.56645
158.39 8.56645
141.73 8.56645
125.02 8.56645
225.02 8.61258
208.31 8.61258
191.63 8.61258
174.95 8.61258
158.28 8.61258
141.59 8.61258
124.93 8.61258
108.24 8.61258
191.55 8.42615
174.84 8.42615
158.18 8.42615
141.47 8.42615
124.79 8.42615
108.11 8.42615
91.42 8.42615
74.77 8.42615
191.39 8.2521
174.70 8.2521
158.01 8.2521
141.33 8.2521
124.65 8.2521
107.97 8.2521
91.32 8.2521
74.61 8.2521
257.93 8.29874
241.24 8.29874
224.56 8.29874
207.84 8.29874
191.16 8.29874
174.51 8.29874
157.80 8.29874
141.15 8.29874
224.43 8.20617
207.78 8.20617
191.10 8.20617
174.42 8.20617
157.73 8.20617
141.05 8.20617
124.34 8.20617
107.66 8.20617
207.62 8.11938
190.94 8.11938
174.29 8.11938
157.58 8.11938
140.92 8.11938
124.21 8.11938
107.56 8.11938
90.87 8.11938
224.16 8.26506
207.44 8.26506
190.79 8.26506
174.08 8.26506
157.42 8.26506
140.70 8.26506
124.03 8.26506
107.37 8.26506
190.69 8.27096
173.97 8.27096
157.29 8.27096
140.61 8.27096
123.93 8.27096
107.27 8.27096
90.59 8.27096
73.91 8.27096
240.54 8.24182
223.86 8.24182
207.18 8.24182
190.49 8.24182
173.81 8.24182
157.10 8.24182
140.42 8.24182
123.76 8.24182
207.07 8.23541
190.39 8.23541
173.71 8.23541
157.02 8.23541
140.34 8.23541
123.63 8.23541
106.95 8.23541
90.27 8.23541
240.23 8.24407
223.58 8.24407
206.90 8.24407
190.21 8.24407
173.53 8.24407
156.82 8.24407
140.13 8.24407
123.45 8.24407
206.76 8.29332
190.08 8.29332
173.42 8.29332
156.71 8.29332
140.06 8.29332
123.35 8.29332
106.69 8.29332
90.01 8.29332
189.98 8.12553
173.30 8.12553
156.62 8.12553
139.93 8.12553
123.25 8.12553
106.57 8.12553
89.89 8.12553
73.20 8.12553
289.84 8.20232
273.15 8.20232
256.47 8.20232
239.79 8.20232
223.11 8.20232
206.42 8.20232
189.74 8.20232
173.06 8.20232
256.37 8.03583
239.69 8.03583
223.00 8.03583
206.32 8.03583
189.64 8.03583
172.95 8.03583
156.27 8.03583
139.59 8.03583
256.23 7.97809
239.54 7.97809
222.86 7.97809
206.18 7.97809
189.49 7.97809
172.81 7.97809
156.13 7.97809
139.44 7.97809
222.75 7.90192
206.07 7.90192
189.39 7.90192
172.71 7.90192
156.02 7.90192
139.34 7.90192
122.66 7.90192
105.97 7.90192
189.28 7.98758
172.60 7.98758
155.92 7.98758
139.24 7.98758
122.55 7.98758
105.87 7.98758
89.19 7.98758
72.50 7.98758
222.48 7.92919
205.79 7.92919
189.11 7.92919
172.43 7.92919
155.74 7.92919
139.06 7.92919
122.38 7.92919
105.69 7.92919
189.00 7.97045
172.32 7.97045
155.64 7.97045
138.96 7.97045
122.27 7.97045
105.59 7.97045
88.91 7.97045
72.22 7.97045
172.20 8.00803
155.52 8.00803
138.83 8.00803
122.15 8.00803
205.46 8.11303
188.78 8.11303
172.09 8.11303
155.41 8.11303
138.73 8.11303
122.05 8.11303
105.36 8.11303
88.68 8.11303
221.99 8.3326
205.30 8.3326
188.62 8.3326
171.94 8.3326
155.25 8.3326
138.57 8.3326
121.89 8.3326
105.20 8.3326
205.18 8.3379
188.50 8.3379
171.81 8.3379
155.13 8.3379
138.45 8.3379
121.76 8.3379
105.08 8.3379
88.40 8.3379
171.71 8.30969
155.03 8.30969
138.34 8.30969
121.66 8.30969
104.98 8.30969
88.29 8.30969
71.61 8.30969
54.93 8.30969
254.90 8.55687
238.22 8.55687
221.53 8.55687
204.85 8.55687
188.17 8.55687
171.48 8.55687
154.80 8.55687
138.12 8.55687
221.43 8.49328
204.74 8.49328
188.06 8.49328
171.38 8.49328
154.69 8.49328
138.01 8.49328
121.33 8.49328
104.65 8.49328
237.95 8.5795
221.27 8.5795
204.59 8.5795
187.90 8.5795
171.22 8.5795
154.54 8.5795
137.85 8.5795
121.17 8.5795
221.15 8.60839
204.46 8.60839
187.78 8.60839
171.10 8.60839
154.41 8.60839
137.73 8.60839
121.05 8.60839
104.36 8.60839
87.68 8.60839
71.00 8.60839
171.00 8.7144
154.32 8.7144
137.63 8.7144
120.95 8.7144
104.27 8.7144
87.59 8.7144
70.90 8.7144
54.22 8.7144
187.53 8.61503
170.85 8.61503
154.16 8.61503
137.48 8.61503
120.76 8.61503
104.11 8.61503
87.40 8.61503
70.75 8.61503
187.35 8.73194
170.67 8.73194
153.99 8.73194
137.34 8.73194
120.63 8.73194
103.94 8.73194
87.26 8.73194
70.58 8.73194
253.88 8.95556
237.20 8.95556
220.52 8.95556
203.83 8.95556
187.15 8.95556
170.49 8.95556
153.78 8.95556
137.10 8.95556
220.38 8.74933
203.70 8.74933
187.02 8.74933
170.36 8.74933
153.65 8.74933
136.97 8.74933
120.29 8.74933
103.60 8.74933
186.91 8.70786
170.23 8.70786
153.54 8.70786
136.86 8.70786
120.18 8.70786
103.50 8.70786
86.81 8.70786
70.12 8.70786
253.46 8.78073
236.81 8.78073
220.12 8.78073
203.41 8.78073
186.76 8.78073
170.05 8.78073
153.36 8.78073
136.71 8.78073
219.96 8.46958
203.31 8.46958
186.60 8.46958
169.94 8.46958
153.23 8.46958
136.57 8.46958
119.86 8.46958
103.18 8.46958
186.49 8.476
169.81 8.476
153.13 8.476
136.44 8.476
119.76 8.476
103.11 8.476
86.39 8.476
69.74 8.476
236.35 8.59021
219.67 8.59021
202.98 8.59021
186.30 8.59021
169.64 8.59021
152.93 8.59021
136.28 8.59021
119.59 8.59021
202.90 8.52731
186.22 8.52731
169.54 8.52731
152.85 8.52731
136.17 8.52731
119.49 8.52731
102.81 8.52731
86.12 8.52731
169.43 8.59443
152.75 8.59443
136.07 8.59443
119.38 8.59443
102.70 8.59443
86.02 8.59443
69.33 8.59443
52.65 8.59443
252.62 8.62235
235.94 8.62235
219.25 8.62235
202.57 8.62235
185.89 8.62235
169.21 8.62235
152.52 8.62235
252.50 8.65712
235.82 8.65712
219.13 8.65712
202.45 8.65712
185.77 8.65712
169.09 8.65712
152.40 8.65712
135.72 8.65712
219.03 8.47568
202.37 8.47568
185.69 8.47568
169.00 8.47568
152.32 8.47568
135.64 8.47568
118.95 8.47568
102.27 8.47568
235.56 8.54885
218.87 8.54885
202.19 8.54885
185.50 8.54885
168.82 8.54885
152.14 8.54885
135.46 8.54885
118.77 8.54885
202.08 8.5728
185.39 8.5728
168.72 8.5728
152.03 8.5728
135.32 8.5728
118.67 8.5728
101.96 8.5728
85.27 8.5728
235.27 8.69361
218.59 8.69361
201.91 8.69361
185.22 8.69361
168.56 8.69361
151.86 8.69361
135.20 8.69361
118.49 8.69361
218.47 8.69332
201.78 8.69332
185.07 8.69332
168.39 8.69332
151.71 8.69332
135.05 8.69332
118.37 8.69332
101.69 8.69332
185.00 8.61253
168.31 8.61253
151.60 8.61253
134.92 8.61253
118.26 8.61253
101.55 8.61253
84.90 8.61253
68.19 8.61253
251.49 8.54245
234.84 8.54245
218.15 8.54245
201.47 8.54245
184.79 8.54245
168.08 8.54245
151.42 8.54245
134.71 8.54245
251.35 8.65144
234.70 8.65144
217.99 8.65144
201.30 8.65144
184.62 8.65144
167.94 8.65144
151.28 8.65144
134.60 8.65144
217.91 8.71861
201.23 8.71861
184.54 8.71861
167.86 8.71861
151.18 8.71861
134.49 8.71861
117.81 8.71861
101.13 8.71861
251.10 8.84783
234.42 8.84783
217.73 8.84783
201.05 8.84783
184.37 8.84783
167.68 8.84783
151.00 8.84783
134.32 8.84783
217.63 8.89828
200.95 8.89828
184.26 8.89828
167.58 8.89828
150.90 8.89828
134.21 8.89828
117.53 8.89828
100.85 8.89828
200.82 8.85669
184.14 8.85669
167.46 8.85669
150.77 8.85669
134.09 8.85669
117.41 8.85669
100.72 8.85669
84.04 8.85669
184.02 8.7577
167.34 8.7577
150.65 8.7577
133.97 8.7577
117.29 8.7577
100.60 8.7577
83.92 8.7577
67.24 8.7577
250.56 8.77989
233.88 8.77989
217.20 8.77989
200.52 8.77989
183.83 8.77989
167.15 8.77989
150.47 8.77989
133.78 8.77989
217.04 8.70795
200.35 8.70795
183.68 8.70795
166.99 8.70795
150.33 8.70795
133.62 8.70795
116.97 8.70795
100.26 8.70795
