242.58 12.4959
242.58 12.3369
242.56 12.4239
259.26 12.3465
242.56 12.3465
242.53 12.4887
242.56 12.3577
225.88 12.3577
275.92 12.4889
259.24 12.4889
259.22 12.5491
275.93 12.4579
259.26 12.4579
259.26 12.4932
259.24 12.3518
259.26 12.5039
259.24 12.4538
275.92 12.5554
259.24 12.5554
259.22 12.383
259.26 12.4878
259.24 12.5046
275.94 12.422
259.26 12.422
259.26 12.441
259.22 12.4731
259.24 12.3829
275.90 12.6085
259.22 12.6085
259.22 12.3156
259.24 12.2574
259.26 12.2727
259.24 12.3314
275.94 12.3076
259.26 12.3076
259.22 12.1736
259.23 12.3716
275.92 12.2108
259.26 12.2108
259.26 12.3759
259.24 12.1365
259.25 12.0531
275.90 12.143
259.24 12.143
259.24 12.0756
275.94 11.9411
259.26 11.9411
275.95 11.987
259.26 11.987
259.25 11.9782
275.95 12.0172
259.25 12.0172
259.27 12.1158
259.27 11.9203
275.95 11.9596
259.27 11.9596
259.25 12.0605
275.92 12.0285
259.24 12.0285
259.24 11.894
359.33 11.9546
342.65 11.9546
325.97 11.9546
309.29 11.9546
292.60 11.9546
292.61 11.8982
275.93 11.8982
275.92 11.9621
259.24 11.9621
259.22 12.0685
259.22 11.9726
275.92 12.0091
259.23 12.0091
259.24 11.8837
275.92 12.0199
259.24 12.0199
259.24 11.9824
275.92 12.0301
259.24 12.0301
259.24 12.1484
275.93 12.0737
259.24 12.0737
275.92 11.8641
259.24 11.8641
259.25 12.0562
275.93 11.9732
259.25 11.9732
259.25 11.9362
275.94 11.8681
259.25 11.8681
259.27 11.9426
275.93 11.8136
259.24 11.8136
275.93 11.7903
259.24 11.7903
259.24 11.8955
275.93 11.7902
259.27 11.7902
259.26 11.6768
275.93 11.8839
259.25 11.8839
259.24 11.8819
275.92 11.805
259.22 11.805
275.92 11.949
259.24 11.949
259.24 11.9568
275.93 11.7253
259.25 11.7253
259.24 11.6895
275.93 11.7301
259.25 11.7301
259.26 11.6981
275.92 11.9281
259.24 11.9281
275.95 11.7536
259.24 11.7536
275.92 11.827
259.24 11.827
259.25 11.6852
275.93 11.7864
259.24 11.7864
275.93 11.6705
259.25 11.6705
275.92 11.7395
259.27 11.7395
275.95 11.6216
292.61 11.7603
275.93 11.7603
309.29 11.8184
292.61 11.8184
275.93 11.8184
292.61 11.7019
275.92 11.7019
292.58 11.852
275.92 11.852
275.95 11.5796
292.60 11.6624
275.94 11.6624
275.92 11.9143
292.60 11.8498
275.92 11.8498
292.60 11.8238
275.94 11.8238
275.92 11.8575
292.60 11.8295
275.92 11.8295
275.92 11.9125
292.60 11.8463
275.92 11.8463
275.92 11.8046
275.95 11.7474
275.93 11.8306
292.60 11.8055
275.92 11.8055
275.92 11.9779
275.91 11.9423
292.58 11.9296
275.90 11.9296
292.61 11.8672
275.92 11.8672
275.90 11.8293
275.93 11.9672
275.93 11.832
275.95 12.0286
292.61 11.8493
275.93 11.8493
275.90 11.9326
275.95 11.8838
292.63 12.0623
275.94 12.0623
275.93 12.0148
275.92 11.8854
275.93 12.0034
292.63 11.9599
275.93 11.9599
275.94 12.0194
292.63 11.9588
275.95 11.9588
275.95 12.1177
292.63 12.0411
275.95 12.0411
275.93 12.016
275.94 11.9749
292.63 12.0385
309.29 12.1115
292.63 12.1115
292.63 12.1251
309.31 12.0029
292.61 12.0029
292.61 12.027
309.26 11.9888
292.59 11.9888
292.60 12.1613
292.61 12.0993
292.56 12.1751
309.29 12.0792
292.60 12.0792
292.61 12.141
309.31 12.1247
292.63 12.1247
292.61 12.1778
309.30 12.2296
292.60 12.2296
292.61 12.1161
309.31 11.8195
292.61 11.8195
292.61 11.6709
309.29 11.805
292.61 11.805
309.29 11.8776
292.61 11.8776
309.29 11.6555
292.63 11.6555
309.29 12.1082
292.63 12.1082
292.63 12.0623
309.29 11.5777
292.61 11.5777
292.61 11.7466
309.29 11.7949
325.95 11.9426
309.24 11.9426
325.97 10.5716
309.31 10.5716
325.96 10.4296
309.29 10.4296
325.98 10.6863
309.30 10.6863
325.98 12.1683
309.30 12.1683
325.98 11.8143
309.30 11.8143
325.98 12.1524
309.30 12.1524
309.29 11.7673
309.30 11.7347
309.29 10.5948
309.30 10.619
309.30 11.6146
309.30 10.4723
309.27 10.6572
309.29 10.6154
342.65 10.7811
342.67 10.6751
342.65 10.5735
342.65 10.8453
342.63 10.56
342.62 10.7045
342.68 10.7072
359.33 10.8708
342.64 10.8708
359.33 10.8702
342.65 10.8702
342.64 10.6764
342.66 10.5538
342.63 10.5207
342.65 10.5043
342.64 10.7267
342.65 10.5297
342.62 10.5361
342.63 10.7007
359.33 10.7638
342.67 10.7638
359.31 10.6096
342.61 10.6096
359.33 10.6998
342.65 10.6998
342.63 10.7991
342.62 10.5842
342.65 10.891
359.33 10.6403
342.65 10.6403
342.65 10.6947
342.63 10.7889
342.63 10.8322
342.65 10.6651
342.63 10.7167
342.63 10.8733
342.63 10.6996
342.63 10.8621
342.63 10.7265
342.63 10.6739
342.63 10.8277
342.63 10.8618
342.65 10.7501
342.65 10.844
342.65 10.7793
342.63 10.8706
342.65 10.7906
342.65 10.7139
342.67 10.8062
342.65 10.7631
342.68 10.7692
342.65 10.9577
359.35 10.8966
342.67 10.8966
342.67 10.8066
342.67 10.8048
342.67 10.5232
342.65 10.8369
359.35 10.8252
359.35 10.6868
359.36 10.7602
359.33 10.5518
359.35 10.5908
376.04 10.5412
359.35 10.5412
359.35 10.9011
359.35 10.6029
359.34 10.5622
359.35 10.8437
359.35 10.7688
359.33 10.7265
359.33 10.477
359.33 10.5761
376.03 10.4655
359.33 10.4655
359.34 10.6016
359.36 10.5528
359.33 10.7411
359.31 10.3637
359.33 10.5333
359.33 10.3384
359.33 10.4258
359.36 10.319
359.35 10.5579
359.33 10.4099
359.33 10.3585
359.31 10.3922
359.31 10.4518
359.33 10.3917
359.33 10.3368
359.33 10.4062
359.31 10.4528
359.33 10.5125
359.33 10.4155
359.33 10.423
359.33 10.5522
359.33 10.4009
359.33 10.4993
359.35 10.5885
359.33 10.4815
359.33 10.4375
359.33 10.6379
359.33 10.5182
359.33 10.6283
359.33 10.5698
359.31 10.579
359.33 10.5429
359.33 10.541
359.33 10.5672
359.34 10.4802
359.33 10.5284
359.33 10.6358
359.33 10.569
359.32 10.5963
359.32 10.611
359.33 10.5423
359.32 10.6167
359.31 10.5475
359.34 10.6327
359.33 10.5379
359.33 10.6635
359.35 10.6083
359.33 10.5519
359.33 10.6529
359.33 10.7268
359.34 10.6063
359.33 10.5485
359.33 10.6072
359.34 10.5662
359.33 10.6648
359.35 10.542
359.36 10.5674
359.36 10.6728
359.34 10.5748
359.33 10.5987
359.35 10.6361
359.38 10.6212
359.34 10.6588
359.33 10.6514
359.33 10.5852
359.31 10.7384
359.35 10.6255
359.33 10.7941
359.32 10.8039
359.33 10.5534
359.33 10.6124
359.32 10.6329
359.33 10.5226
359.33 10.7268
359.33 10.6147
359.31 10.6995
359.33 10.7292
359.33 10.5942
359.31 10.6693
359.33 10.6347
359.31 10.5897
359.33 10.5713
359.33 10.7032
359.33 10.689
359.33 10.6289
359.33 10.7293
359.31 10.6531
359.34 10.7386
359.33 10.7408
359.33 10.6834
359.33 10.6769
359.31 10.7513
359.33 10.7818
359.31 10.7933
359.32 10.6961
359.32 10.7277
359.35 10.6914
359.35 10.8022
359.31 10.7009
359.35 10.721
359.35 10.7403
359.35 10.784
359.33 10.6617
359.31 10.7568
359.36 10.8232
359.35 10.7187
359.33 10.8085
359.33 10.6627
359.35 10.6183
359.35 10.7161
359.35 10.7105
359.38 10.6896
359.35 10.7377
359.35 10.7413
359.33 10.7133
359.33 10.8227
359.31 10.7979
359.35 10.8098
359.33 10.7451
359.35 10.791
359.35 10.7518
359.33 10.7323
359.33 10.8052
359.35 10.7968
359.35 10.7256
359.33 10.7725
359.35 10.8567
359.33 10.6743
359.33 10.6885
359.35 10.7309
359.34 10.8122
359.35 10.6649
359.35 10.643
359.31 10.7272
359.33 10.7598
359.33 10.686
359.34 10.6342
359.33 10.6982
359.32 10.824
359.33 10.6739
359.33 10.7736
359.33 10.8473
359.33 10.7107
359.33 10.6561
359.34 10.7417
359.35 10.7902
359.36 10.8082
359.34 10.6197
359.34 10.6947
359.34 10.7855
359.34 10.7175
359.34 10.8845
359.34 10.6855
359.34 10.7297
359.34 10.748
359.33 10.6697
359.34 10.5155
359.33 10.4676
359.33 10.5961
359.33 10.6129
359.31 10.7242
359.31 10.7089
359.33 10.5745
359.34 10.4734
359.34 10.5594
359.33 10.7396
359.34 10.3934
359.33 10.473
359.33 10.5045
359.36 10.7768
359.33 10.6073
359.33 10.5659
359.33 10.5742
359.32 10.3459
359.31 10.6394
359.33 10.6806
359.34 10.5573
359.32 10.5123
359.32 10.5899
359.33 10.7233
359.36 10.5297
359.31 10.606
359.33 10.4694
359.31 10.4745
359.31 10.4821
359.31 10.5491
359.33 10.5488
359.33 10.5962
359.33 10.5098
359.31 10.6131
359.33 10.6027
359.31 10.7086
359.31 10.5219
359.36 10.807
359.34 10.4737
359.31 10.7952
359.34 10.4776
359.33 10.5843
359.33 10.4881
359.33 10.5638
359.36 10.4847
359.33 10.5946
359.36 10.7495
359.33 10.5504
359.33 10.6649
359.33 10.5477
359.33 10.6969
359.33 10.4013
359.35 10.4702
359.33 10.716
359.35 10.6016
359.33 10.6787
359.33 10.4972
359.35 10.5174
359.33 10.4506
359.35 10.1925
359.33 10.513
359.35 10.6872
359.31 10.6718
359.34 10.5463
359.31 10.6708
359.31 10.5245
359.33 10.2138
359.31 10.6282
359.33 10.3457
359.31 10.5469
359.31 10.4037
359.31 10.4221
359.31 10.5329
359.31 10.2961
359.33 10.3136
359.31 10.2478
359.33 10.1077
359.34 10.3271
359.31 10.1727
359.35 9.87493
359.31 10.1739
359.35 9.97139
359.35 10.2475
359.30 9.99599
359.35 10.241
359.31 10.1879
359.33 10.3391
359.31 10.2092
359.33 10.1663
359.31 10.0607
359.36 10.1688
359.33 10.0036
359.34 10.2077
359.33 10.1299
359.35 10.0073
359.38 10.0425
359.35 10.2798
376.04 10.1221
359.36 10.1221
359.35 10.0551
359.33 10.1513
359.35 10.1489
359.33 10.0896
359.35 10.0246
359.35 10.0336
359.31 9.95236
359.36 10.2061
359.35 10.2112
359.36 10.1251
359.36 9.9664
359.35 10.0781
359.35 10.0848
359.33 10.1091
359.33 9.95072
359.33 9.97133
359.31 9.91568
359.33 10.1062
359.33 10.1951
359.31 10.0669
359.29 9.99587
359.31 9.99184
359.31 10.0551
359.31 10.0257
359.31 10.022
359.31 10.0411
359.31 10.0719
376.01 10.0637
376.04 10.0212
375.99 10.0874
376.03 10.038
376.03 10.331
376.03 10.0785
376.03 10.2669
376.03 10.3937
376.01 10.3069
376.02 10.1889
376.01 10.2511
376.01 10.3304
376.04 10.3963
376.04 10.2781
376.04 10.39
376.04 10.3434
376.05 10.4364
376.04 10.415
376.04 10.1573
376.04 10.2232
376.04 10.253
376.04 10.1876
376.05 10.2506
376.04 10.1606
376.04 10.2628
376.01 10.2657
376.02 10.2676
376.02 10.1575
376.02 10.1214
376.02 10.1041
376.00 10.2339
376.02 10.0745
376.00 10.0428
376.02 10.1383
376.04 10.1619
376.00 10.1566
376.02 10.2391
376.01 10.1952
376.01 10.0442
376.01 9.99066
376.01 10.0613
376.00 10.0056
376.01 10.119
376.01 10.1893
376.02 10.2675
376.03 10.1613
375.99 10.3086
376.01 10.2402
376.00 10.1272
376.01 10.1322
376.02 10.2426
376.05 10.0903
376.00 10.318
376.02 10.3727
376.02 10.2233
376.02 10.3129
376.02 10.2795
376.00 10.3577
376.04 10.2723
376.02 10.3263
376.02 10.4274
376.04 10.3169
376.02 10.3016
376.02 10.3674
376.02 10.2659
376.02 10.2901
376.02 10.3563
376.02 10.4119
376.02 10.3142
376.02 10.3705
376.02 10.3531
376.04 10.379
376.04 10.2837
376.03 10.2637
376.01 10.2496
376.02 10.329
376.01 10.4113
376.01 10.2344
376.01 10.2966
376.01 10.2766
376.01 10.3276
376.04 10.3653
376.04 10.3032
376.01 10.4238
376.01 10.2532
376.04 10.3298
376.02 10.3241
376.02 10.1595
376.01 10.2623
376.01 10.2118
376.02 10.244
376.04 10.2175
375.99 10.1494
376.01 10.2037
376.01 10.1703
375.99 10.235
376.01 10.1049
376.01 10.112
376.01 10.1772
376.04 10.2131
376.01 10.1538
376.00 10.1899
376.02 10.1833
376.02 10.1347
376.00 10.2723
376.04 10.159
376.02 10.0757
376.02 10.3385
376.01 10.2916
376.00 10.2747
376.01 10.1251
376.02 10.1955
376.01 10.3147
376.01 10.1657
376.03 10.1659
376.03 10.0407
376.01 10.1678
376.01 10.1834
376.02 10.3025
376.02 10.2094
376.01 10.0642
376.02 10.1286
376.05 10.1939
376.02 10.3042
376.01 10.2596
376.00 10.2313
376.02 10.175
375.99 10.2038
376.02 10.2444
376.00 10.1358
376.00 10.2304
376.04 10.148
376.02 10.3166
376.01 10.314
376.02 10.2642
376.02 10.265
376.04 10.2393
376.01 10.2388
376.04 10.2111
376.01 10.1613
392.70 10.2267
376.02 10.2267
376.02 10.0272
376.00 10.1288
376.01 10.2851
376.04 9.96618
376.02 10.2018
376.01 10.1471
376.01 10.1725
376.01 10.1443
392.69 10.3346
376.03 10.3346
376.01 10.0632
392.67 10.0047
376.00 10.0047
376.04 10.1795
376.04 10.1086
376.01 10.1539
376.01 10.0252
376.02 10.3605
376.01 10.2793
376.01 10.0555
376.04 10.1365
376.01 10.1679
392.70 10.055
376.02 10.055
376.00 9.96118
376.04 9.9927
376.01 10.0402
376.01 10.1032
376.00 9.98665
376.02 10.1987
376.02 10.0146
392.70 10.0754
376.01 10.0754
376.02 9.88773
376.02 10.1754
392.70 10.0696
376.01 10.0696
376.01 9.95072
376.02 10.0047
376.01 9.98551
376.01 9.94803
376.02 10.0453
376.01 10.1184
376.03 9.8821
376.02 10.066
392.70 9.92271
376.02 9.92271
376.00 9.90623
376.02 10.0879
376.02 9.92163
376.01 9.92138
376.02 9.86438
376.02 10.0538
376.02 9.97453
376.02 9.93229
376.00 9.84102
392.71 9.96255
376.03 9.96255
376.03 10.1623
376.02 10.0128
376.02 10.0859
376.02 10.0072
376.01 9.96793
376.02 10.1887
376.00 9.9717
392.70 10.0941
376.01 10.0941
376.01 9.86165
392.70 9.85281
376.01 9.85281
376.00 9.89642
376.00 9.93983
376.00 10.0385
376.00 10.0075
376.02 9.93011
376.02 9.82812
376.01 10.1137
376.02 10.0529
392.70 10.0922
376.02 10.0922
375.99 9.90018
375.99 9.86777
375.99 9.99596
376.02 10.1192
376.00 9.92775
376.00 10.2368
376.01 10.2048
376.00 9.87909
376.00 10.1978
376.00 9.90191
376.01 10.1364
376.02 10.1013
376.01 10.1583
376.03 10.215
376.02 10.0938
376.01 9.91658
376.02 10.2162
375.99 10.2468
376.03 10.3146
376.04 10.3104
376.04 10.222
376.04 10.1948
376.01 10.2446
375.99 10.2486
376.01 10.2319
376.01 10.2913
376.04 10.2646
376.03 10.2888
376.06 10.263
376.03 10.3128
376.04 10.2123
376.04 10.2147
376.04 10.251
376.04 10.1548
376.05 10.2158
376.01 10.2761
376.01 10.262
375.99 10.2618
376.03 10.3431
376.01 10.2387
376.00 10.2115
376.01 10.2006
376.01 10.1967
376.00 10.1852
376.01 10.1326
376.01 10.2675
376.00 10.2222
376.01 10.2206
376.01 10.1998
375.98 10.3179
376.01 10.1859
376.00 10.2599
376.00 10.4555
376.05 10.3558
376.01 10.3505
376.01 10.2689
376.01 10.3752
376.01 10.385
376.01 10.3619
376.01 10.4121
376.02 10.4882
376.02 10.4054
375.99 10.4539
376.04 10.4592
376.04 10.4594
376.01 10.4995
376.01 10.4581
376.03 10.565
376.03 10.553
376.01 10.5005
376.04 10.5259
376.03 10.5231
375.99 10.4237
376.01 10.4639
376.04 10.5537
376.01 10.4231
376.04 10.4548
376.01 10.4722
376.02 10.4888
376.03 10.4193
376.02 10.5196
376.01 10.3903
376.01 10.4554
375.99 10.4758
375.99 10.468
376.01 10.4377
375.98 10.5261
376.01 10.4629
376.04 10.3733
376.03 10.4375
375.99 10.5
375.99 10.3587
376.02 10.3788
376.01 10.4279
376.02 10.4144
376.01 10.4306
376.02 10.3886
376.01 10.3672
376.02 10.4113
376.02 10.3618
376.01 10.3125
376.02 10.2836
376.01 10.3504
376.01 10.3269
376.01 10.3757
376.01 10.3003
376.02 10.4545
376.01 10.233
376.00 10.282
376.02 10.3519
376.01 10.2658
376.01 10.3718
376.02 10.3432
375.96 10.356
376.01 10.3765
376.01 10.3781
375.99 10.3605
375.99 10.3313
376.04 10.32
376.01 10.306
376.01 10.3347
376.01 10.389
376.01 10.382
375.99 10.3331
376.01 10.4457
376.03 10.4425
376.01 10.4395
376.01 10.4472
376.01 10.3664
376.01 10.3898
376.01 10.376
376.04 10.3865
376.01 10.4315
376.01 10.3432
376.01 10.412
376.01 10.4633
376.00 10.3964
376.03 10.4249
376.01 10.422
376.04 10.47
376.01 10.4278
376.02 10.4703
376.00 10.4966
376.04 10.4285
376.04 10.7049
376.01 10.4834
376.00 10.5226
376.00 10.6548
376.01 10.4501
376.00 10.5499
376.04 10.6503
376.01 10.4162
376.01 10.5871
376.01 10.6042
376.02 10.4354
376.01 10.3915
376.01 10.5169
376.01 10.6986
376.01 10.4804
376.01 10.3528
376.02 10.6682
376.02 10.6566
376.04 10.4821
376.02 10.4265
376.01 10.5846
376.00 10.7016
376.02 10.5476
376.04 10.6331
376.04 10.8929
376.04 10.7267
376.00 10.7983
376.04 10.9942
376.04 10.7989
376.03 10.6247
376.04 10.6526
376.03 11.0538
376.00 11.0591
376.01 10.6333
376.02 10.8117
376.01 10.9921
376.01 11.0528
376.02 11.0535
376.01 11.0554
376.02 10.666
376.02 10.7589
376.02 10.8717
376.01 10.8085
376.01 10.9929
376.01 10.9148
376.01 10.7549
376.01 10.9653
376.04 11.0813
376.01 10.824
376.01 10.9681
376.01 11.0183
376.02 10.7832
376.04 10.5659
392.70 10.9218
392.70 10.9198
392.72 10.9788
392.70 11.0427
392.70 10.8809
392.70 11.0671
392.70 10.8949
392.71 10.9334
392.71 10.987
392.68 11.0523
392.72 11.034
392.70 11.0089
392.69 11.0118
392.70 10.9579
392.70 10.8547
392.68 11.0365
392.71 10.9796
392.70 10.9161
392.71 10.8832
392.71 10.8879
392.71 10.8545
392.72 10.9501
392.72 10.9014
392.70 10.9176
392.69 10.9741
392.67 10.9587
392.70 10.9262
392.72 10.9371
392.69 10.9086
392.67 10.9071
392.69 10.906
392.69 10.8186
392.69 10.9048
392.67 10.8928
392.70 10.8726
392.69 10.878
392.72 10.9364
392.69 10.9316
392.70 10.9291
392.70 10.8346
392.70 10.9151
392.70 10.9441
392.69 10.9374
392.69 10.9017
392.70 10.9023
392.69 10.8405
392.70 10.9244
392.70 10.9276
392.68 10.8703
392.70 10.9126
392.70 10.958
392.71 10.8838
392.72 10.8527
392.70 10.954
392.71 10.8502
392.67 10.9428
392.72 10.8925
392.70 10.823
392.72 10.8303
392.70 10.7254
392.72 10.7239
426.08 10.675
426.06 10.7287
409.37 10.7287
392.69 10.7287
409.37 10.7161
392.69 10.7161
392.67 10.7324
392.69 10.7736
392.72 10.7663
392.70 10.6984
392.72 10.8456
392.68 10.729
392.70 10.8712
392.69 10.7894
392.67 10.7865
392.70 10.7451
392.69 10.8379
392.69 10.8531
392.69 10.8589
392.69 10.9126
392.72 10.7736
392.70 10.8774
392.70 10.8489
392.70 10.9287
392.70 10.8071
392.71 10.8456
392.70 10.8532
392.69 10.8292
392.68 10.8375
392.70 10.8947
392.70 10.8832
392.70 10.8428
392.70 10.7967
392.72 10.8157
392.70 10.8285
392.70 10.6988
392.70 10.6148
392.69 10.7976
392.70 10.6378
392.72 10.7296
392.72 10.5743
392.70 10.6534
392.72 10.6666
392.72 10.7233
392.72 10.6389
392.72 10.7594
392.70 10.7106
392.70 10.7103
392.72 10.7691
392.72 10.6936
392.69 10.6832
392.69 10.6612
392.70 10.6726
392.70 10.704
392.70 10.6626
392.70 10.7253
392.70 10.6191
392.65 10.6359
392.70 10.5379
392.70 10.5862
392.70 10.5644
392.70 10.623
392.70 10.5344
392.70 10.6172
392.73 10.5687
392.70 10.5834
392.70 10.5226
392.72 10.4986
392.69 10.5761
392.70 10.591
392.72 10.4117
392.69 10.552
392.71 10.545
392.70 10.5359
392.72 10.4499
392.70 10.5115
392.70 10.4855
392.70 10.4383
392.70 10.4577
392.69 10.4949
392.70 10.4652
392.71 10.562
392.70 10.5646
392.71 10.5399
392.71 10.5454
392.70 10.5215
392.70 10.5562
392.70 10.508
392.70 10.5599
392.67 10.5239
392.68 10.5712
392.69 10.5221
392.70 10.5272
392.70 10.5756
392.72 10.4926
392.70 10.4614
392.69 10.4689
392.70 10.5035
392.70 10.4217
392.69 10.4439
392.69 10.3939
392.69 10.3517
392.72 10.4029
392.69 10.409
392.69 10.4371
392.69 10.379
392.69 10.4191
392.69 10.4863
392.70 10.5231
392.69 10.4653
392.69 10.5865
392.69 10.494
392.69 10.5346
392.67 10.6387
392.70 10.4838
392.69 10.5313
392.70 10.4538
392.68 10.7027
426.05 10.5354
426.07 10.5084
426.05 10.6547
426.06 10.591
409.38 10.591
426.06 10.7185
426.05 10.6627
426.07 10.5929
426.07 10.64
426.07 10.7052
426.06 10.4965
426.07 10.6766
426.07 10.6301
426.07 10.6421
426.07 10.593
426.07 10.5813
426.07 10.6509
426.07 10.5822
426.06 10.5591
426.07 10.5989
426.09 10.6196
426.07 10.6307
426.08 10.6363
426.07 10.6078
426.07 10.5157
426.06 10.571
426.03 10.686
426.06 10.5296
426.06 10.5609
426.08 10.5165
426.03 10.5546
426.07 10.5341
426.04 10.5127
426.08 10.5406
426.06 10.5572
426.08 10.7762
426.04 10.7161
426.05 10.4923
426.05 10.4318
426.06 10.6445
426.05 10.5964
426.05 10.6962
426.06 10.7461
426.06 10.4738
426.05 10.4724
426.04 10.6763
426.03 10.7943
426.03 10.82
426.04 10.7075
426.06 10.7843
426.07 10.8356
426.04 10.6242
426.04 10.8089
426.06 10.5809
426.06 10.7906
426.08 10.7395
426.07 10.7063
426.08 10.7634
442.74 10.7401
442.75 10.6306
442.74 10.6873
442.76 10.7859
442.76 11.0135
442.76 10.6546
442.76 10.9659
442.74 10.7269
442.74 10.7213
442.77 10.6731
442.74 10.8071
442.75 10.9402
442.75 10.7208
442.76 10.6888
442.74 10.76
442.75 10.9181
442.74 10.9854
442.76 10.7623
442.74 10.6508
442.74 10.6318
442.75 10.7949
442.75 10.7683
442.73 10.7158
442.76 10.7697
442.74 10.9488
442.74 10.9683
442.76 10.9161
442.74 10.7476
442.74 10.7882
442.73 10.9084
442.74 10.9974
442.73 11.007
442.74 10.9181
442.74 10.9565
442.74 11.0666
442.74 11.0154
442.74 10.986
442.74 10.9043
442.74 11.1627
442.76 11.0244
442.74 11.2121
442.74 10.9584
442.74 11.0
442.76 10.9583
442.74 10.9015
442.74 11.085
442.74 11.0419
442.74 11.0156
442.74 11.0795
442.72 11.0248
442.75 11.0758
442.74 11.0362
442.74 11.0692
442.73 11.1387
442.74 11.1447
442.74 11.0628
442.74 11.0978
442.76 11.1154
442.76 11.1909
459.40 11.1668
459.44 11.0944
459.44 11.1468
459.44 11.0853
459.43 11.1436
459.43 11.0564
459.44 11.2229
476.11 11.2009
459.42 11.2009
459.43 11.1032
476.11 11.1502
476.09 11.1254
459.40 11.1254
476.12 11.1498
476.11 11.0894
476.12 11.0694
459.44 11.0694
476.13 11.0508
476.13 11.0292
476.13 11.0034
476.11 11.1041
476.11 11.0434
476.09 11.0355
476.11 10.9513
476.11 11.1542
476.11 11.0025
476.11 10.9799
476.11 10.9297
476.12 11.012
476.11 10.8666
476.08 10.9333
476.09 10.8275
476.10 10.803
476.11 10.8752
476.11 10.8145
476.11 10.8449
476.11 10.7118
476.10 10.8332
476.09 10.6523
476.10 10.6494
476.11 10.6577
476.11 10.7647
476.10 10.7012
476.12 10.6597
476.10 10.7277
476.11 10.722
476.11 10.6021
476.11 10.8004
476.11 10.6669
476.11 10.554
476.11 10.7058
476.11 10.5796
476.11 10.7048
476.11 10.6394
476.10 10.6631
476.11 10.7239
476.09 10.7059
476.09 10.6228
476.11 10.6256
476.11 10.6403
476.12 10.557
476.10 10.5914
476.11 10.7491
476.11 10.6632
476.13 10.6876
476.11 10.8002
476.13 10.7633
476.11 10.6784
476.11 10.752
476.12 10.7742
476.11 10.6721
476.11 10.7067
476.08 10.7113
476.09 10.6854
476.10 10.7032
476.12 10.7388
492.79 10.6887
476.11 10.6887
476.11 10.7395
476.11 10.7717
476.11 10.7609
476.09 10.8046
476.09 10.7735
476.09 10.871
476.09 10.755
476.11 10.8686
476.13 10.8045
476.11 10.8849
476.12 10.8089
476.09 10.8744
476.11 10.9081
476.10 10.9139
476.10 11.0062
476.10 11.0258
476.09 10.9168
476.10 10.8914
476.11 10.9353
476.12 10.9453
476.11 11.0191
492.79 10.9875
476.14 10.9875
476.10 11.0357
476.10 10.9747
476.09 10.9902
476.11 11.0474
476.10 11.0237
476.10 11.111
476.12 11.0397
476.11 11.0817
476.12 11.0496
476.11 11.1039
476.09 11.1471
476.12 11.1054
476.13 11.1345
476.12 11.0958
476.13 11.2052
476.12 11.1722
476.13 11.0833
492.78 11.147
492.81 11.0999
492.76 11.1577
492.79 11.1026
492.81 11.1183
492.79 11.0654
492.80 11.0847
492.81 11.0136
492.79 11.0855
492.77 11.0464
492.78 11.0165
492.79 11.0238
492.78 10.9692
492.79 11.0602
492.79 10.8847
492.79 10.9545
492.79 11.013
492.80 10.8863
492.79 10.9027
492.79 10.8554
492.79 10.9053
492.77 10.9775
492.78 10.9878
492.76 10.8666
492.77 10.9419
492.79 9.20936
492.79 9.68557
492.79 10.3469
492.79 9.11772
492.79 10.2946
492.79 10.9169
492.79 10.8907
509.47 9.24002
492.79 9.24002
492.77 9.02415
492.79 10.3792
509.47 10.2952
492.79 10.2952
559.54 10.7106
542.86 10.7106
526.15 10.7106
509.47 10.7106
492.79 10.7106
676.29 9.36971
659.63 9.36971
642.92 9.36971
626.24 9.36971
609.56 9.36971
592.88 9.36971
576.20 9.36971
559.51 9.36971
542.85 9.36971
526.15 9.36971
509.49 9.36971
492.79 9.36971
559.50 8.87107
542.83 8.87107
526.15 8.87107
509.47 8.87107
492.77 8.87107
542.85 10.6345
526.17 10.6345
509.47 10.6345
492.78 10.6345
492.77 9.94235
509.47 10.248
492.79 10.248
492.81 10.669
509.49 10.6962
492.81 10.6962
526.13 10.1162
509.44 10.1162
492.79 10.1162
509.45 10.4402
492.77 10.4402
509.47 10.5481
492.79 10.5481
509.44 10.7821
492.79 10.7821
492.79 10.673
492.77 10.2835
492.75 10.7366
492.79 10.6755
492.81 10.6765
492.79 10.8165
509.47 10.7437
492.79 10.7437
509.46 10.6251
492.79 10.6251
509.47 10.9246
492.79 10.9246
492.77 10.756
492.79 10.6607
492.80 10.7653
492.79 10.905
492.81 10.6893
492.77 10.7546
526.17 10.7104
509.49 10.7104
509.49 10.7521
492.79 10.7521
492.81 10.6866
492.81 10.7424
492.81 10.8252
492.80 10.7645
492.81 10.7198
492.81 10.8981
492.79 10.6827
492.81 10.6909
492.81 10.7434
492.79 10.6473
492.81 10.6896
492.81 10.6605
492.81 10.7384
492.81 10.7072
492.81 10.6208
492.79 10.6604
492.79 10.6605
492.79 10.5984
492.79 10.6837
492.79 10.7178
492.81 10.7538
492.79 10.7461
492.79 10.6931
492.79 10.5922
492.79 10.5739
492.81 10.7167
492.79 10.6752
492.81 10.6973
492.79 10.6742
492.81 10.6453
492.79 10.7196
492.79 10.6495
492.79 10.62
492.79 10.676
492.79 10.684
492.79 10.5822
492.79 10.6859
492.79 10.7083
492.79 10.6285
492.77 10.7217
492.79 10.6658
492.79 10.6046
492.79 10.6453
492.79 10.6272
492.79 10.6444
492.79 10.6607
492.79 10.6419
492.79 10.6868
492.79 10.6979
492.81 10.6673
492.81 10.7045
492.79 10.6681
492.79 10.5971
492.78 10.5824
492.77 10.628
492.79 10.6671
492.79 10.6706
492.79 10.65
492.77 10.7213
492.79 10.6364
492.79 10.5725
492.79 10.5822
492.79 10.6363
492.79 10.58
492.79 10.6332
492.79 10.529
492.78 10.5439
492.78 10.7075
492.79 10.4982
492.79 10.5245
492.79 10.5381
492.76 10.5119
492.79 10.4843
492.79 10.4976
492.79 10.4603
492.79 10.3981
492.79 10.5346
509.47 10.4257
509.47 10.3054
509.47 10.4621
509.46 10.55
509.47 10.4726
509.47 10.4203
509.47 10.4451
509.47 10.3747
509.46 10.5365
509.47 10.2954
509.47 10.2079
509.47 10.351
509.47 10.3987
509.47 10.2597
526.13 10.3445
509.45 10.3445
509.47 10.214
509.47 10.2535
509.47 10.1932
526.15 10.2594
509.47 10.2594
509.46 10.2291
509.47 10.2745
509.46 10.2789
509.47 10.3155
509.47 10.3231
526.15 10.349
509.47 10.349
509.47 10.2711
526.13 10.2711
509.45 10.2711
509.47 10.3021
509.47 10.1975
509.47 10.1885
509.47 10.1911
509.47 10.21
526.15 10.3146
509.47 10.3146
526.13 10.3432
509.45 10.3432
526.15 10.2417
509.47 10.2417
526.15 10.1554
509.45 10.1554
526.15 10.1896
509.47 10.1896
509.47 10.1891
509.47 10.2445
509.47 10.1861
509.47 10.1983
526.15 10.2452
509.47 10.2452
526.15 10.1993
509.47 10.1993
509.47 10.2199
509.47 10.1428
509.47 10.2536
509.47 10.1958
509.47 10.1287
526.15 10.2717
509.47 10.2717
509.47 10.2572
526.13 10.2809
509.45 10.2809
526.15 10.2249
509.47 10.2249
526.16 10.249
509.48 10.249
509.48 10.0959
509.47 10.2477
509.47 10.2254
526.15 10.2446
509.47 10.2446
509.46 10.2303
526.15 10.1738
509.47 10.1738
526.15 10.2378
509.44 10.2378
526.17 10.1752
509.47 10.1752
526.15 10.192
509.47 10.192
526.15 10.2979
509.49 10.2979
526.15 10.1204
509.47 10.1204
526.15 10.0914
509.47 10.0914
526.15 10.2461
509.47 10.2461
509.47 10.1075
526.15 10.2337
509.47 10.2337
526.15 10.2058
509.47 10.2058
526.15 10.1919
509.49 10.1919
526.16 10.1528
509.48 10.1528
526.15 10.1786
509.47 10.1786
526.15 10.1396
509.44 10.1396
526.15 10.0597
509.47 10.0597
526.13 10.2
509.45 10.2
526.15 10.0681
509.47 10.0681
526.13 10.0602
509.45 10.0602
526.13 10.3048
509.45 10.3048
526.18 10.0693
509.50 10.0693
526.16 10.1933
509.50 10.1933
526.14 10.2814
509.48 10.2814
542.83 10.0648
526.15 10.0648
542.83 10.2151
526.15 10.2151
542.85 10.2385
526.15 10.2385
542.83 10.2779
526.17 10.2779
542.85 10.2222
526.15 10.2222
542.83 10.1446
526.15 10.1446
542.83 10.2056
526.15 10.2056
542.84 10.1037
526.15 10.1037
542.83 10.1304
526.15 10.1304
542.86 10.1794
526.16 10.1794
542.84 10.1757
526.16 10.1757
542.86 9.9474
526.18 9.9474
542.86 9.96749
526.18 9.96749
542.84 10.2186
526.13 10.2186
542.84 10.066
526.18 10.066
542.81 9.90158
526.15 9.90158
542.80 9.98832
526.12 9.98832
542.83 9.9321
526.17 9.9321
559.52 9.98678
542.83 9.98678
526.15 9.98678
559.51 9.86865
542.83 9.86865
526.15 9.86865
542.83 10.0338
526.15 10.0338
559.51 9.95709
542.83 9.95709
526.15 9.95709
542.83 9.80368
526.15 9.80368
542.85 9.8173
526.15 9.8173
542.83 9.91705
526.16 9.91705
542.83 10.0699
526.15 10.0699
542.83 9.84786
526.15 9.84786
542.83 10.0904
526.14 10.0904
559.51 10.085
542.82 10.085
559.51 9.97815
542.82 9.97815
559.49 9.91194
542.81 9.91194
576.16 10.0868
559.48 10.0868
542.81 10.0868
559.53 9.82934
542.83 9.82934
559.50 9.97404
542.85 9.97404
559.51 10.1459
542.85 10.1459
559.53 9.95526
542.83 9.95526
559.54 10.0112
542.84 10.0112
559.52 10.0564
542.83 10.0564
559.50 10.0297
542.81 10.0297
559.52 9.88517
542.83 9.88517
559.50 10.0327
542.81 10.0327
559.51 10.0197
542.85 10.0197
576.20 10.1194
559.51 10.1194
542.83 10.1194
559.53 10.0768
542.85 10.0768
559.53 9.83542
542.85 9.83542
559.51 9.87984
542.83 9.87984
576.20 9.86015
559.53 9.86015
542.83 9.86015
559.53 9.90447
542.85 9.90447
576.19 9.89446
559.53 9.89446
542.85 9.89446
576.20 9.96358
559.53 9.96358
542.83 9.96358
576.19 9.85179
559.53 9.85179
542.84 9.85179
559.53 9.83818
542.83 9.83818
576.20 9.77908
559.51 9.77908
542.83 9.77908
559.53 9.90992
542.85 9.90992
559.52 10.0184
542.85 10.0184
559.52 9.79993
542.86 9.79993
559.53 9.84617
542.83 9.84617
576.20 9.58051
559.50 9.58051
576.20 9.6237
559.51 9.6237
542.83 9.6237
576.20 9.81391
559.51 9.81391
542.83 9.81391
559.51 9.70605
542.84 9.70605
559.52 9.86645
542.84 9.86645
559.52 10.0074
542.84 10.0074
559.52 9.62848
542.84 9.62848
559.49 9.81902
542.84 9.81902
559.52 9.62322
542.84 9.62322
559.51 10.0337
542.84 10.0337
576.20 10.0344
559.51 10.0344
576.20 9.93826
559.51 9.93826
576.20 9.85758
559.51 9.85758
576.18 9.76898
559.50 9.76898
576.19 9.8832
559.51 9.8832
576.19 9.81253
559.53 9.81253
576.19 9.87924
559.49 9.87924
576.17 9.92925
559.51 9.92925
576.20 9.92549
559.54 9.92549
592.88 9.84581
576.20 9.84581
559.50 9.84581
542.83 9.84581
576.20 9.88751
559.53 9.88751
542.85 9.88751
559.51 9.88165
542.83 9.88165
559.52 9.84311
542.84 9.84311
559.49 9.83551
542.83 9.83551
559.51 9.75779
542.83 9.75779
576.17 9.76354
559.52 9.76354
576.23 9.82915
559.52 9.82915
592.86 9.79162
576.18 9.79162
559.50 9.79162
592.90 9.71553
576.20 9.71553
559.51 9.71553
592.90 9.83556
576.20 9.83556
559.52 9.83556
592.90 9.87229
576.20 9.87229
559.49 9.87229
576.20 9.6986
559.51 9.6986
576.19 9.77041
559.49 9.77041
576.20 9.85234
559.53 9.85234
576.20 9.78037
559.51 9.78037
592.88 9.88034
576.16 9.88034
559.50 9.88034
576.22 9.85692
559.51 9.85692
592.88 9.63852
576.19 9.63852
559.54 9.63852
576.19 9.74795
559.52 9.74795
576.20 9.96682
559.49 9.96682
576.19 9.85088
559.52 9.85088
576.20 9.93903
559.51 9.93903
576.19 9.76662
559.51 9.76662
576.22 9.91122
559.57 9.91122
576.22 9.62573
559.51 9.62573
576.19 9.83488
559.50 9.83488
576.19 9.9487
559.51 9.9487
592.87 9.53428
576.20 9.53428
559.53 9.53428
576.20 9.82047
559.51 9.82047
576.18 9.91672
559.50 9.91672
576.20 9.84942
559.51 9.84942
576.20 9.74462
559.54 9.74462
576.20 9.79301
559.51 9.79301
592.90 9.75389
576.20 9.75389
559.51 9.75389
592.90 9.58465
576.20 9.58465
559.53 9.58465
592.90 9.7336
576.22 9.7336
559.53 9.7336
592.86 9.89659
576.20 9.89659
559.50 9.89659
592.87 9.81881
576.22 9.81881
559.53 9.81881
576.22 9.78028
559.51 9.78028
576.18 9.62565
559.51 9.62565
576.20 9.53991
559.51 9.53991
592.88 9.58726
576.20 9.58726
559.51 9.58726
592.88 9.47039
576.20 9.47039
559.51 9.47039
592.89 9.48573
576.20 9.48573
559.52 9.48573
592.86 9.74215
576.17 9.74215
559.49 9.74215
576.19 9.60139
559.49 9.60139
576.18 9.5512
559.49 9.5512
576.18 9.78683
559.49 9.78683
576.18 9.81697
559.50 9.81697
576.20 9.64902
559.51 9.64902
576.20 9.50257
559.51 9.50257
592.86 9.72007
576.18 9.72007
559.50 9.72007
576.18 9.75153
559.51 9.75153
592.86 9.4869
576.20 9.4869
559.51 9.4869
576.20 9.54338
559.51 9.54338
592.90 9.41692
576.22 9.41692
592.85 9.69
576.20 9.69
592.88 9.4183
576.20 9.4183
592.86 9.58856
576.18 9.58856
592.89 9.55226
576.20 9.55226
609.59 9.48721
592.91 9.48721
576.22 9.48721
609.56 9.64966
592.89 9.64966
576.22 9.64966
592.88 9.57504
576.22 9.57504
592.90 9.5809
576.22 9.5809
592.90 9.53267
576.22 9.53267
592.88 9.47699
576.20 9.47699
592.88 9.49244
576.20 9.49244
592.87 9.7107
576.20 9.7107
592.86 9.52754
576.17 9.52754
592.90 9.7832
576.20 9.7832
592.90 9.74139
576.22 9.74139
592.90 9.73608
576.19 9.73608
592.86 9.81687
576.19 9.81687
592.90 9.66775
576.20 9.66775
592.90 9.559
576.20 9.559
592.88 9.59912
576.19 9.59912
592.90 9.62112
576.22 9.62112
592.90 9.71936
576.20 9.71936
592.88 9.64231
576.20 9.64231
592.90 9.69193
576.22 9.69193
592.88 9.69635
576.20 9.69635
592.88 9.61704
576.19 9.61704
592.88 9.7512
576.22 9.7512
592.90 9.55456
576.20 9.55456
592.90 9.56964
576.22 9.56964
592.88 9.8657
576.20 9.8657
592.90 9.73646
576.20 9.73646
592.90 9.5563
576.20 9.5563
592.88 9.79811
576.22 9.79811
592.90 9.67827
576.22 9.67827
592.88 9.7471
576.20 9.7471
592.90 9.86495
576.22 9.86495
592.90 9.71395
576.20 9.71395
592.86 9.87301
576.20 9.87301
592.88 9.83495
576.19 9.83495
592.90 9.70301
576.20 9.70301
592.88 9.74257
576.20 9.74257
592.86 9.71441
576.17 9.71441
592.90 9.87629
576.22 9.87629
592.86 9.88843
576.18 9.88843
592.86 9.9168
576.18 9.9168
592.88 9.73667
576.20 9.73667
592.86 9.78544
576.19 9.78544
592.85 9.77992
576.17 9.77992
592.88 9.74251
576.22 9.74251
592.88 9.70179
576.20 9.70179
592.89 9.81407
576.17 9.81407
592.89 9.56163
576.20 9.56163
592.88 9.59284
576.22 9.59284
592.88 9.54896
576.19 9.54896
592.88 9.72964
576.20 9.72964
592.91 9.86176
576.21 9.86176
592.88 9.80248
576.20 9.80248
592.90 9.61722
576.22 9.61722
592.91 9.86392
576.22 9.86392
592.88 9.81616
576.20 9.81616
592.86 9.77184
576.18 9.77184
592.88 9.6918
576.20 9.6918
592.89 9.62155
576.23 9.62155
592.87 9.92337
576.20 9.92337
592.90 9.86848
576.22 9.86848
592.88 9.72433
576.22 9.72433
592.88 9.94507
576.20 9.94507
592.88 9.65414
576.20 9.65414
592.88 9.75443
576.20 9.75443
592.88 9.87004
576.17 9.87004
592.88 9.66579
576.22 9.66579
592.88 9.62758
576.20 9.62758
592.87 9.72475
576.19 9.72475
592.88 9.56412
576.20 9.56412
592.88 9.8494
576.19 9.8494
592.87 9.55358
576.19 9.55358
592.87 9.46103
576.19 9.46103
592.87 9.91748
576.19 9.91748
592.90 9.79626
576.20 9.79626
592.88 9.47176
576.22 9.47176
592.88 9.49155
576.20 9.49155
592.88 9.85612
576.20 9.85612
592.86 9.75114
576.18 9.75114
592.88 9.42597
576.20 9.42597
592.88 9.57757
576.20 9.57757
592.86 9.63042
576.18 9.63042
592.88 9.72187
576.20 9.72187
592.88 9.5856
576.20 9.5856
592.87 9.76722
576.19 9.76722
592.85 9.7827
576.17 9.7827
592.85 9.62852
576.17 9.62852
592.87 9.79379
576.19 9.79379
592.87 9.62675
592.87 9.91988
576.19 9.91988
592.88 9.84593
576.19 9.84593
592.87 9.99453
576.20 9.99453
592.87 9.9677
576.20 9.9677
576.20 9.90286
576.15 9.8548
576.20 9.82966
576.20 9.83838
576.20 10.0872
576.22 9.88864
576.20 9.9277
576.20 10.0563
592.90 10.1553
576.21 10.1553
592.88 9.9154
576.22 9.9154
592.88 10.1029
576.20 10.1029
576.20 10.0127
576.18 10.0154
576.22 9.94317
576.19 9.97197
576.20 9.95464
576.18 10.0836
576.18 10.2814
576.22 10.1796
576.20 10.246
592.88 10.1144
576.22 10.1144
576.22 10.0974
576.20 10.2317
576.20 10.1141
576.20 10.1555
576.20 10.1946
576.20 10.1829
576.17 10.2259
576.20 10.1011
576.19 9.91908
576.22 10.0596
592.88 10.0953
576.20 10.0953
576.17 9.95686
576.20 10.0133
576.20 10.0357
576.20 10.0843
576.20 10.0222
576.20 10.0219
592.87 10.0086
576.20 10.0086
576.19 9.92928
592.88 10.0216
576.20 10.0216
576.18 10.1001
576.17 10.2372
576.17 9.98474
576.20 10.1465
576.20 9.99069
576.20 10.0803
576.20 10.0704
592.86 9.86516
576.22 9.86516
592.88 9.99069
576.22 9.99069
576.20 9.91744
592.88 10.0296
576.19 10.0296
576.20 9.85889
576.22 10.0983
576.23 10.1229
576.22 10.0371
576.22 9.92949
576.22 9.92736
576.16 9.82654
592.90 9.81906
576.20 9.81906
592.90 10.0418
576.20 10.0418
576.20 9.7619
576.18 9.97072
576.18 9.99829
576.18 9.94898
576.19 9.95765
576.18 10.27
576.18 10.1062
576.20 10.4192
576.20 10.0356
576.20 10.0956
576.22 9.96368
592.88 10.0921
576.18 10.0921
576.20 9.89947
576.24 10.0365
576.20 9.92532
576.22 10.0335
576.22 10.1432
576.20 10.3203
576.20 10.2147
576.20 10.1545
576.19 10.1371
576.21 10.2338
592.86 9.91312
576.18 9.91312
576.18 10.1803
576.18 10.3116
576.20 10.2265
576.20 10.1504
592.88 10.2563
576.20 10.2563
576.20 9.98783
592.90 10.1165
576.20 10.1165
576.22 9.82052
592.86 9.91887
576.18 9.91887
592.87 10.1332
576.19 10.1332
592.87 10.1036
576.19 10.1036
592.88 9.83869
576.22 9.83869
576.22 10.3178
576.22 10.2713
592.90 10.2946
576.20 10.2946
576.20 10.1848
576.23 9.99732
592.87 10.2342
576.19 10.2342
576.21 10.0852
592.88 9.82314
576.22 9.82314
576.17 9.96343
576.23 9.90005
576.20 9.98873
576.18 9.86888
592.88 10.0088
576.18 10.0088
576.20 10.0606
592.86 9.98924
576.18 9.98924
576.20 10.2075
576.20 10.1744
576.19 9.96971
576.17 10.2596
576.17 10.1569
576.18 10.1769
576.18 10.2305
576.20 10.1494
576.18 10.2182
576.22 10.1693
576.18 10.2999
576.22 10.3185
576.20 10.2
576.20 10.1979
576.22 10.3664
576.21 10.2908
576.21 10.3474
576.20 10.2626
576.20 10.342
576.22 10.2111
576.17 10.2793
576.20 10.4728
576.18 10.3651
576.20 10.4037
576.18 10.1987
576.17 10.3258
576.20 10.2037
576.20 10.3634
576.17 10.3511
576.20 10.4365
576.20 10.2901
576.18 10.1976
576.17 10.4169
576.20 10.383
576.20 10.3544
576.20 10.4099
576.22 10.439
576.19 10.5401
576.22 10.4874
576.20 10.4758
576.23 10.416
576.20 10.4712
576.22 10.4668
576.20 10.4501
576.22 10.3948
576.20 10.354
576.17 10.4153
576.22 10.43
576.20 10.4882
576.22 10.3847
576.22 10.4088
576.20 10.5226
576.20 10.3909
576.20 10.4235
576.18 10.4851
576.18 10.5065
576.18 10.4023
576.25 10.5809
576.18 10.5353
576.20 10.5597
592.86 10.5279
576.20 10.5279
576.20 10.5893
592.88 10.5659
576.18 10.5659
576.18 10.6271
576.20 10.8318
592.90 10.7522
592.90 10.8749
592.90 10.7021
576.22 10.7021
592.90 10.8239
592.88 10.7256
592.88 10.7511
576.20 10.7511
592.88 10.8506
592.86 10.8245
592.86 10.7496
592.85 10.7407
592.88 10.7558
592.88 10.633
592.88 10.657
592.86 10.5742
592.88 10.7258
592.88 10.6943
592.89 10.6855
592.88 10.7748
592.88 10.5346
592.88 10.6789
592.88 10.6168
592.88 10.6306
592.86 10.5723
592.86 10.5311
592.88 10.5866
592.86 10.5412
592.86 10.5679
592.86 10.4487
592.88 10.5272
592.88 10.3984
592.86 10.3869
592.88 10.5368
592.88 10.4314
592.86 10.5553
592.88 10.3797
592.88 10.5474
592.86 10.4686
592.86 10.579
592.86 10.4725
592.86 10.5642
592.88 10.4792
592.86 10.4664
592.88 10.5741
592.88 10.5333
592.86 10.5147
592.88 10.7249
592.86 10.5994
592.88 10.6128
592.88 10.6751
592.86 10.6417
592.86 10.8079
592.86 10.7078
592.88 10.9294
592.86 10.7537
592.86 10.8579
592.88 10.9251
592.86 10.914
592.84 10.8623
592.90 10.9256
592.88 10.8942
592.91 11.0031
592.86 10.9064
592.88 11.0592
592.90 10.9726
592.88 10.9998
592.90 11.0581
592.88 10.9319
592.90 11.0649
592.90 11.0026
592.90 10.9836
592.90 11.0964
592.90 11.0954
592.90 11.1045
592.88 11.0058
592.88 11.0945
592.88 11.0385
592.90 11.002
592.88 11.0387
592.88 10.9985
592.90 11.1105
592.90 10.999
592.90 11.0877
592.90 11.0384
592.90 11.066
592.88 11.0197
592.88 11.0418
592.88 11.0698
592.88 11.0263
592.88 10.9725
592.88 10.8901
592.88 10.8779
592.88 11.0256
592.88 10.9967
592.86 11.012
592.86 10.9745
592.88 10.916
592.86 10.9822
592.88 10.9086
592.86 10.9041
592.86 10.8827
592.86 10.755
592.85 10.7516
592.88 10.9167
592.88 10.8105
592.85 10.8373
592.86 10.8308
592.88 10.9336
592.88 10.9438
592.88 10.906
592.88 11.1982
592.88 10.8869
592.86 10.8858
592.86 11.0318
592.88 10.8013
592.90 11.0998
592.88 11.2363
592.88 10.9808
592.90 11.1217
592.90 10.9901
592.88 11.3114
592.86 11.2761
592.88 11.1938
592.88 10.9608
592.90 10.8665
592.90 11.2291
592.88 11.2277
592.88 11.1756
592.88 11.1798
592.88 11.2335
592.90 11.0926
592.90 11.1451
592.90 11.2232
592.90 10.652
592.88 11.2604
592.90 11.1997
592.90 11.1811
576.22 11.1811
576.22 10.8379
576.22 10.4078
576.22 10.4692
576.22 11.2806
576.22 11.2611
576.22 10.4532
576.20 10.5355
576.22 10.5676
576.22 10.8372
576.19 10.7757
576.18 10.1944
576.22 10.9834
576.22 10.196
576.22 10.6212
576.21 10.622
576.20 10.7501
576.18 10.5131
576.18 10.6268
576.21 10.1224
576.18 10.3337
576.20 10.3697
576.19 10.2973
576.20 10.2691
559.51 10.2691
559.51 10.3478
559.49 10.7219
576.18 10.7496
559.51 10.7496
576.20 10.1952
559.50 10.1952
559.53 10.3314
576.20 10.4287
576.17 10.1784
559.49 10.1784
559.52 10.6007
576.18 10.6733
559.49 10.6733
559.50 10.1148
576.18 10.608
559.49 10.608
559.49 10.2074
559.49 10.251
559.51 10.2499
559.51 10.7557
576.20 10.4363
559.51 10.4363
559.51 10.4243
559.53 10.698
559.50 10.7137
559.54 10.7054
559.54 10.5762
559.51 10.4903
559.51 10.5274
559.51 10.552
559.54 10.5803
559.53 10.7435
559.53 10.8864
559.53 10.5987
559.51 10.6249
559.51 10.6677
559.53 10.7076
559.49 10.692
559.52 10.7703
559.51 10.7238
559.51 11.148
559.53 11.0429
559.53 10.936
559.51 11.0325
559.51 11.0868
559.53 11.1266
559.53 11.1035
559.53 11.1625
559.51 11.0461
559.53 10.8589
559.54 11.0494
559.53 11.1371
559.52 11.1786
559.53 11.1312
559.53 11.0623
559.53 11.1844
559.54 10.9837
559.53 11.0973
559.53 11.037
559.52 11.1311
559.53 11.0642
559.51 11.0744
559.51 11.0789
559.53 11.1565
559.53 11.173
559.53 11.1857
559.53 11.2296
559.51 11.1185
559.52 11.2132
559.51 11.286
559.52 11.2192
559.52 11.1219
559.53 11.0883
559.49 11.3172
559.51 11.2412
559.53 11.2508
559.51 11.2543
559.53 11.3132
559.53 11.3011
559.49 11.2537
559.49 11.0996
559.53 11.1795
559.53 11.3495
559.51 11.2997
559.51 11.1346
559.51 11.1985
559.51 11.2039
559.49 11.3083
559.51 11.1867
559.51 11.3446
559.51 11.2288
559.52 11.1668
559.51 11.2698
559.51 11.3118
559.53 11.4171
576.20 11.3515
576.20 11.3673
559.51 11.3673
542.83 11.3673
542.83 11.3331
526.15 11.3331
526.15 11.1871
526.13 11.3926
526.15 11.1022
526.15 11.2403
526.15 11.2636
526.15 11.141
526.15 11.217
526.15 11.1682
526.15 11.2301
526.15 11.1893
526.15 10.9187
526.15 10.9947
526.15 10.9045
526.15 11.1357
526.15 10.8799
526.15 10.9994
526.15 10.8612
526.17 10.8789
526.15 10.9682
526.15 10.902
526.15 10.8761
526.15 10.7998
526.15 10.8025
526.17 11.0222
526.15 10.7663
526.15 10.7865
526.15 10.7799
526.15 10.7399
526.15 10.7629
526.15 10.8222
526.15 10.9023
526.15 10.9159
526.17 10.9423
526.15 10.8351
526.15 10.8643
526.15 10.8175
526.13 10.9963
526.15 10.8873
526.15 10.8219
526.15 10.8587
526.16 10.948
526.15 10.8845
526.15 10.8911
526.15 10.9953
526.15 11.0477
526.15 10.8218
526.15 10.7927
526.12 11.0266
526.15 11.0175
526.15 10.9314
526.15 11.101
526.18 10.9682
526.17 10.9587
526.15 10.9949
526.13 11.0515
526.15 11.1028
526.15 11.1002
509.47 11.1002
492.79 11.1002
492.79 11.1136
492.79 11.2996
492.79 11.2335
492.74 11.2152
492.79 11.3179
492.79 11.3504
492.79 11.2645
492.77 11.3629
492.79 11.3209
492.79 11.4137
492.79 11.241
492.78 11.2716
492.79 11.4607
492.79 11.2769
492.76 11.2987
492.80 11.0126
492.79 11.1794
492.79 11.0013
492.77 11.2768
492.77 11.2059
492.79 11.1057
492.76 11.0326
492.77 11.1687
492.77 11.2071
492.77 11.2377
492.81 11.0784
492.79 10.9481
492.79 11.2394
492.78 11.1322
492.79 11.188
492.79 11.2533
492.79 11.1746
492.79 11.0483
492.79 11.1297
492.79 11.067
492.81 11.0393
492.79 11.0572
492.79 11.1143
492.79 11.0425
492.77 11.0732
492.81 10.907
492.79 10.9824
492.79 10.8925
492.81 11.0867
492.81 11.0341
492.79 11.0002
492.79 10.9412
492.79 11.0124
492.79 10.9637
492.79 10.9004
492.79 10.9193
492.81 10.8044
492.79 10.9989
492.81 10.8254
492.79 11.0293
492.81 11.1224
492.81 10.9638
492.81 10.8818
492.79 11.0293
492.79 10.9637
476.10 10.9637
476.10 11.1252
459.42 11.1252
459.42 10.9028
459.43 10.948
459.43 10.9496
459.42 11.2016
459.40 10.9374
459.42 10.8855
459.42 10.9623
459.42 10.9957
459.42 10.9029
459.42 10.968
459.44 10.8897
459.44 10.8666
459.42 11.0191
459.42 11.0521
459.42 11.0453
459.42 11.0798
459.42 11.0607
459.42 11.0841
459.42 10.9816
459.42 11.0556
459.43 11.0451
459.42 11.1702
459.42 11.0019
459.44 11.0064
459.42 11.0211
459.43 11.0646
459.40 11.0986
459.44 11.0162
459.42 11.0224
459.42 10.9287
459.44 10.971
459.45 11.2553
459.43 11.1108
459.43 11.2157
459.42 11.1596
459.42 11.2708
459.42 11.0508
459.43 11.3519
459.40 11.1486
459.42 11.179
459.44 10.9752
459.45 11.0417
459.42 11.3332
459.43 11.3318
459.43 11.0874
459.42 11.2897
459.40 11.1483
459.43 11.1464
459.42 11.2593
459.43 11.2939
459.43 11.1833
459.42 11.1685
459.40 11.2596
459.43 11.2681
459.39 11.3671
459.43 11.3738
459.43 11.2368
459.43 11.3626
459.42 11.371
442.74 11.371
442.74 11.2439
442.74 11.4008
442.74 11.3395
442.74 11.4066
442.76 11.3238
442.74 11.3685
442.74 11.3681
442.75 11.2547
442.72 11.2962
442.76 11.2136
442.74 11.3643
442.74 11.3105
442.76 11.2742
442.74 11.2935
442.75 11.3222
442.74 11.3244
442.77 11.3779
442.76 11.3594
442.74 11.2332
442.74 11.2294
442.74 11.3383
442.74 11.2987
442.75 11.2589
426.06 11.2589
442.74 11.3021
442.72 11.3511
442.74 11.2192
442.72 11.3118
442.76 11.2698
442.74 11.3601
426.06 11.3601
442.74 11.1887
442.74 11.3967
442.74 11.1726
442.72 11.1831
426.04 11.1831
442.74 11.1439
442.74 11.5393
442.72 11.2635
442.74 11.1653
442.74 11.3671
442.74 11.1689
442.72 11.1204
442.74 11.1935
442.75 11.2113
442.74 11.3028
442.73 11.187
442.74 11.244
442.74 11.2471
442.74 11.2333
442.74 11.3055
442.76 11.2195
442.74 11.0601
442.74 11.155
442.72 11.1365
442.74 11.0899
442.77 11.1373
442.74 11.1697
442.76 11.1997
426.08 11.1997
426.06 11.0204
409.38 11.0204
409.38 11.0284
409.36 10.9188
409.36 10.9453
409.38 11.105
409.38 11.0327
409.39 11.0022
409.38 11.0402
409.38 11.0375
409.41 11.0686
409.38 10.9838
409.38 11.0399
409.40 11.0055
409.38 11.0405
409.38 10.9785
409.40 11.128
409.40 10.9807
409.38 11.0807
409.40 11.1375
409.40 11.1189
409.38 11.0962
409.40 11.2671
409.40 11.045
409.37 11.2358
409.38 10.9825
409.41 11.3617
409.39 11.3007
409.39 11.177
409.41 11.2733
409.38 11.4609
409.38 11.3536
409.41 11.4127
409.38 11.4067
409.38 11.4488
409.38 11.4859
409.37 11.5012
409.37 11.4681
409.39 11.49
409.37 11.5365
409.40 11.4267
409.36 11.4559
409.38 11.5341
409.38 11.4341
409.38 11.3547
409.38 11.4564
409.38 11.4411
409.38 11.3438
409.38 11.3461
409.38 11.2917
409.40 11.3233
409.38 11.4148
409.38 11.2768
409.40 11.2905
409.38 11.3721
409.37 11.2782
409.37 11.4013
409.35 11.2998
409.38 11.2663
409.40 11.358
409.38 11.3347
409.40 11.2464
392.69 11.2464
376.01 11.2464
376.01 11.3381
376.01 11.3177
376.04 11.3127
376.02 11.2346
376.00 11.1842
376.03 11.347
376.03 11.2412
375.99 11.3123
376.00 11.3436
376.01 11.264
376.02 11.3587
376.02 11.271
376.02 11.3573
376.01 11.2599
376.02 11.4448
376.01 11.3937
376.04 11.4848
376.01 11.4536
376.01 11.4893
376.01 11.356
376.01 11.4138
376.01 11.4699
376.00 11.4049
376.02 11.3331
376.02 11.4016
376.02 11.3739
376.02 11.5376
376.02 11.4155
376.04 11.3658
376.02 11.3808
376.06 11.4578
376.01 11.3364
376.02 11.4355
376.02 11.4977
376.04 11.3384
376.02 11.4095
376.00 11.3916
376.02 11.4036
376.02 11.3656
376.02 11.3941
376.02 11.345
376.02 11.4113
376.02 11.3474
376.02 11.318
376.02 11.4142
376.02 11.4732
376.04 11.232
376.02 11.4866
376.02 11.2698
376.01 11.2895
376.01 11.3557
376.02 11.3126
376.01 11.3516
376.01 11.4336
376.00 11.3958
375.99 11.4784
375.99 11.3316
376.04 11.3704
392.68 11.3551
392.70 11.2441
376.01 11.2441
376.04 11.245
376.02 11.4562
376.04 11.3152
376.01 11.4081
359.35 11.4081
359.31 11.3617
359.32 11.413
359.31 11.4085
359.32 11.4977
359.31 11.4802
359.31 11.3663
359.31 11.5588
359.36 11.4409
359.33 11.3788
359.32 11.4815
359.31 11.6101
359.33 11.5437
359.33 11.4572
359.32 11.6195
359.31 11.5
359.33 11.6189
359.31 11.4067
359.31 11.6184
359.32 11.3995
359.31 11.6003
359.31 11.4227
359.31 11.5508
359.31 11.6084
359.30 11.4198
359.31 11.4254
359.31 11.3659
359.31 11.5534
359.31 11.4631
359.31 11.5426
359.33 11.3056
359.31 11.5593
359.31 11.5569
359.33 11.4182
359.31 11.3248
359.31 11.5625
359.36 11.3391
359.35 11.626
359.33 11.3587
359.33 11.5084
359.31 11.6865
359.31 11.5378
359.36 11.4447
359.35 11.4547
359.38 11.3984
359.36 11.37
359.35 11.4654
359.36 11.5296
359.36 11.4879
359.36 11.3866
359.35 11.5564
359.35 11.5635
359.33 11.4505
359.35 11.3765
359.35 11.4718
376.01 11.5104
376.02 11.4692
359.34 11.4692
359.35 11.5236
359.36 11.4415
359.35 11.4261
359.33 11.3465
342.65 11.3465
342.65 11.2772
342.67 11.2552
342.65 11.2897
342.67 11.3243
342.65 11.3569
342.63 11.3628
342.63 11.2885
342.63 11.2117
342.65 11.2406
342.65 11.2951
342.63 11.2766
342.67 11.2678
342.65 11.4304
342.65 11.1385
342.67 11.311
342.63 11.1976
342.65 11.198
342.65 11.3065
342.67 11.2066
342.68 11.2952
342.63 11.1341
342.65 11.2274
342.67 11.2059
342.63 11.1305
342.67 11.1856
342.67 11.0564
342.65 11.1543
342.65 11.0546
342.65 11.1847
342.65 11.0613
342.67 11.2777
342.67 11.109
342.67 11.0215
342.65 11.1284
342.64 11.1028
342.63 11.0545
342.65 11.1559
342.63 10.9321
342.65 11.0301
342.63 11.173
342.66 11.0501
342.67 11.1423
342.63 11.049
342.65 11.1321
342.65 11.1338
342.64 11.1338
342.63 11.2723
342.60 11.1381
342.62 11.2693
342.63 11.2183
342.63 11.2905
342.63 11.4821
342.65 11.3223
342.64 11.3264
325.97 11.3264
325.99 11.1659
325.97 11.1593
325.97 11.1612
325.97 11.3731
325.97 11.2284
325.99 11.3914
325.97 11.4133
325.97 11.3423
325.97 11.235
325.97 11.4086
325.97 11.323
325.99 11.3394
325.95 11.2412
325.97 11.297
325.97 11.4308
325.99 11.3418
325.99 11.3317
325.99 11.2793
325.99 11.1871
325.99 11.2644
325.99 11.3481
325.99 11.4272
325.96 11.5019
325.97 11.4451
325.95 11.4968
325.97 11.3651
325.97 11.4652
325.97 11.4159
325.98 11.5485
325.97 11.3913
325.97 11.6539
325.97 11.583
325.97 11.5268
325.97 11.5089
325.97 11.5533
325.94 11.4882
325.97 11.4912
325.97 11.5713
325.97 11.596
325.97 11.53
325.99 11.5689
325.97 11.4796
325.97 11.6365
325.96 11.5214
325.98 11.5297
325.99 11.5839
325.97 11.1925
325.97 11.2379
325.95 11.387
325.97 11.4483
325.97 11.4101
325.97 11.49
325.97 11.4255
325.97 11.3231
325.95 11.4288
325.99 11.4242
325.99 11.2092
325.95 11.1923
325.96 11.3172
325.98 11.2509
325.97 11.3078
325.97 11.2676
325.95 11.3419
325.97 11.0451
325.97 11.055
325.96 10.9766
325.97 10.9362
325.99 11.084
325.95 11.2334
325.99 10.9114
325.97 10.8886
325.97 11.1123
325.97 11.0964
325.95 11.0606
325.99 10.9633
325.97 11.2762
325.98 10.7456
325.97 11.3903
325.99 11.2183
325.97 11.1004
325.99 11.0733
325.97 11.2306
325.97 11.3393
325.95 11.3376
325.97 11.387
325.98 11.3525
325.97 11.4497
325.95 11.5445
325.95 11.6241
325.97 11.5718
325.97 11.4812
325.95 11.3916
325.97 11.5089
325.95 11.5052
325.95 11.6891
325.97 11.633
325.98 11.6557
325.97 11.5889
325.97 11.7593
325.97 11.811
325.96 11.6399
325.97 11.723
325.97 11.8009
325.98 11.7313
325.95 11.9415
325.95 11.7081
325.98 11.6282
325.96 11.6338
325.97 11.8303
325.97 11.6301
325.99 11.8243
325.97 11.8381
325.99 11.7861
325.97 11.6942
325.99 11.7313
325.99 11.7094
325.98 11.6945
325.97 11.7267
325.97 11.8165
325.99 11.7057
325.97 11.7038
309.29 11.7038
309.29 11.7218
309.27 11.8764
309.26 11.7079
309.26 11.8345
309.30 11.6691
309.28 11.8448
309.31 11.8511
309.29 11.867
309.27 11.9659
309.27 11.8453
309.31 11.6611
309.29 11.832
309.27 12.0367
309.31 11.6931
292.61 11.6931
309.29 11.9016
309.31 11.9222
292.61 11.9222
309.31 11.7245
309.31 11.9386
309.31 11.9705
309.29 11.794
309.29 11.9716
292.63 11.9716
309.31 11.8752
309.29 11.7008
309.31 11.9326
309.29 11.8316
309.29 11.9503
292.59 11.9503
309.29 11.9642
292.63 11.9642
309.29 11.8698
309.29 11.7905
292.61 11.7905
309.29 11.7621
309.29 11.9075
309.29 11.9066
309.29 12.1199
292.60 12.1199
309.31 12.1154
309.31 12.0286
309.29 11.8433
309.31 11.9154
309.29 12.0343
309.29 12.0549
309.27 12.0512
309.29 11.8737
309.29 11.8553
309.26 11.8817
309.29 12.2344
309.29 11.9537
309.29 12.0982
309.29 12.0097
309.29 12.0395
309.29 12.1188
309.29 11.8188
309.27 11.9675
309.29 12.1121
309.27 12.1365
309.26 11.9048
309.27 12.071
309.27 12.1286
309.29 12.1374
309.31 12.3642
309.27 12.0281
309.27 11.9554
309.29 11.9841
309.29 12.0382
309.26 12.1209
309.29 12.2092
309.32 12.3511
309.29 12.2952
309.29 12.2469
309.31 12.0479
309.27 12.276
309.27 12.1532
309.29 12.1162
309.31 12.3341
309.29 12.2117
309.31 12.0782
309.27 12.077
309.31 12.1789
309.31 12.0759
309.31 12.2775
309.29 12.241
309.31 12.3937
309.29 12.2361
309.31 12.4129
309.31 12.2704
309.29 12.3132
309.31 12.1696
309.28 12.3192
309.29 12.2084
309.27 12.2317
309.29 12.4465
309.29 12.1781
309.27 12.3118
309.31 12.2345
309.29 12.2295
309.27 12.2843
309.29 12.3417
309.27 12.3684
309.26 12.3339
309.29 12.2876
309.27 12.2918
309.27 12.3689
309.27 12.3952
309.31 12.2137
309.29 12.3236
309.29 12.1892
309.29 12.2052
309.25 12.1386
309.27 12.1649
309.27 12.2237
309.27 12.1714
309.27 12.2426
309.27 12.2101
309.26 12.2805
309.29 12.2038
309.31 12.1807
309.29 12.2862
309.31 12.2657
309.29 12.1724
309.30 12.3441
309.31 12.293
309.31 12.2114
309.31 12.2872
309.31 12.2618
309.31 12.2434
309.31 12.3906
309.31 12.2076
309.29 12.1056
309.31 12.3804
309.29 12.3584
309.31 12.469
309.31 12.2421
309.31 12.2898
309.31 12.2492
309.29 12.4255
309.31 12.2597
309.29 12.2743
309.31 12.216
309.29 12.2654
309.31 12.2628
309.29 12.2591
309.29 12.3501
309.29 12.3518
309.29 12.2939
309.29 12.3217
309.29 12.4055
309.29 12.3388
309.25 12.2165
309.26 12.3289
309.31 12.3161
309.29 12.2027
309.31 12.1575
309.29 12.2955
309.30 12.2961
309.29 12.2326
309.28 12.2097
309.27 12.2058
309.29 12.2471
309.29 12.1767
309.29 12.2379
309.27 12.2264
309.29 12.1968
309.31 12.2162
309.30 12.2686
309.29 12.1495
309.29 12.3369
309.29 12.2413
309.33 12.2109
309.31 12.2434
309.31 12.2976
309.26 12.2498
309.29 12.2443
309.29 12.2427
309.31 12.2022
325.97 12.251
325.98 12.2692
325.98 12.2612
325.97 12.2064
309.31 12.2064
325.99 12.1817
325.99 12.1907
309.31 12.1907
309.25 12.2937
309.29 12.1826
309.29 12.2524
325.97 12.3022
325.97 12.2211
309.29 12.2211
325.94 12.3236
325.97 12.2571
309.29 12.2571
309.29 12.3566
309.31 12.2179
309.27 12.3157
325.96 12.4037
325.94 12.2574
309.29 12.2574
309.29 12.3488
325.97 12.2409
309.29 12.2409
309.24 12.3518
309.27 12.2449
309.27 12.2827
309.29 12.2472
325.97 12.2601
309.31 12.2601
325.95 12.2242
309.27 12.2242
309.29 12.1412
309.29 12.2122
309.29 12.1108
309.31 12.1876
309.29 12.1776
325.98 12.3316
309.31 12.3316
325.99 12.2064
325.99 12.2317
309.31 12.2317
309.30 12.2972
325.97 12.2373
309.31 12.2373
342.67 12.278
325.96 12.278
325.99 12.3687
325.97 12.3749
325.95 12.2811
325.97 12.24
325.95 12.3535
325.98 12.325
325.95 12.1474
325.97 12.2191
325.97 12.1896
325.98 12.2662
325.95 12.1457
325.97 12.2512
325.97 12.168
325.95 12.2594
325.95 12.2136
325.98 12.1073
325.98 12.2413
326.00 12.2147
325.98 12.3862
325.98 12.351
325.98 12.3002
325.98 12.3068
325.97 12.2116
325.93 12.3775
325.97 12.3518
325.97 12.3632
325.98 12.2379
325.99 12.305
325.97 12.3445
325.93 12.4421
325.98 12.3555
325.97 12.4172
325.97 12.3447
325.98 12.3755
326.00 12.3285
325.97 12.467
325.97 12.3744
325.96 12.4615
325.97 12.3665
325.97 12.3425
325.97 12.4617
325.97 12.4391
325.97 12.3514
325.96 12.3965
325.96 12.4194
325.97 12.3694
325.97 12.4286
325.97 12.5704
326.01 12.4407
325.97 12.529
325.96 12.4337
325.96 12.3207
325.96 12.5335
325.99 12.3112
325.99 12.4063
325.97 12.4486
325.97 12.3642
325.96 12.3034
325.96 12.3611
325.96 12.3255
325.97 12.3579
325.97 12.307
325.97 12.4034
325.97 12.3746
325.97 12.4272
325.97 12.2849
325.97 12.3636
