251.58 15.1706
234.89 15.1706
218.21 15.1706
201.55 15.1706
184.87 15.1706
168.19 15.1706
151.50 15.1706
234.79 15.0554
218.08 15.0554
268.06 15.3417
251.37 15.3417
234.72 15.3417
218.03 15.3417
201.35 15.3417
184.67 15.3417
234.65 15.2863
217.97 15.2863
201.28 15.2863
184.60 15.2863
234.60 15.3163
217.93 15.3163
201.21 15.3163
184.53 15.3163
234.51 15.2683
217.83 15.2683
234.47 15.238
217.76 15.238
267.75 15.1926
251.09 15.1926
234.41 15.1926
217.72 15.1926
234.37 15.1015
217.69 15.1015
267.66 15.2037
250.98 15.2037
234.30 15.2037
217.61 15.2037
234.24 15.3944
217.58 15.3944
250.90 15.2986
234.18 15.2986
217.53 15.2986
200.85 15.2986
234.16 15.2886
217.48 15.2886
200.77 15.2886
184.09 15.2886
200.76 15.2466
184.04 15.2466
200.70 15.1575
184.01 15.1575
234.05 15.1389
217.34 15.1389
200.68 15.1389
183.97 15.1389
200.62 15.1543
183.96 15.1543
167.28 15.1543
150.59 15.1543
233.88 15.3247
217.20 15.3247
267.20 15.1036
250.52 15.1036
233.84 15.1036
217.15 15.1036
200.47 15.1036
183.79 15.1036
233.76 15.33
217.08 15.33
300.34 15.3812
283.66 15.3812
266.98 15.3812
250.32 15.3812
233.61 15.3812
216.95 15.3812
266.94 15.2958
250.25 15.2958
233.57 15.2958
216.88 15.2958
200.18 15.2958
183.52 15.2958
200.20 15.3105
183.51 15.3105
233.49 15.2953
216.78 15.2953
233.43 15.2662
216.77 15.2662
233.39 15.2554
216.68 15.2554
200.00 15.2554
183.29 15.2554
266.65 15.2937
249.97 15.2937
233.28 15.2937
216.58 15.2937
299.91 15.3148
283.23 15.3148
266.55 15.3148
249.86 15.3148
233.17 15.3148
216.50 15.3148
299.80 15.1615
283.15 15.1615
266.44 15.1615
249.75 15.1615
233.07 15.1615
216.39 15.1615
266.37 15.2813
249.66 15.2813
233.01 15.2813
216.29 15.2813
266.30 15.1867
249.62 15.1867
232.94 15.1867
216.22 15.1867
266.24 15.2269
249.55 15.2269
232.87 15.2269
216.19 15.2269
199.47 15.2269
182.82 15.2269
199.47 15.2216
182.81 15.2216
199.43 15.1694
182.77 15.1694
199.44 15.3145
182.75 15.3145
232.69 15.2439
215.98 15.2439
232.63 15.2792
215.97 15.2792
199.29 15.2792
182.61 15.2792
265.92 15.2434
249.21 15.2434
232.55 15.2434
215.84 15.2434
265.85 15.3353
249.19 15.3353
232.48 15.3353
215.80 15.3353
199.11 15.3353
182.45 15.3353
265.71 15.2217
249.06 15.2217
232.38 15.2217
215.69 15.2217
299.03 15.192
282.31 15.192
265.67 15.192
248.96 15.192
232.30 15.192
215.62 15.192
298.93 15.2133
282.24 15.2133
265.53 15.2133
248.86 15.2133
232.18 15.2133
215.49 15.2133
332.13 15.2927
315.45 15.2927
298.76 15.2927
282.08 15.2927
265.40 15.2927
248.69 15.2927
298.66 15.232
282.00 15.232
265.30 15.232
248.62 15.232
231.93 15.232
215.25 15.232
281.89 15.2471
265.24 15.2471
248.56 15.2471
231.85 15.2471
215.19 15.2471
198.51 15.2471
281.81 15.2263
265.13 15.2263
248.45 15.2263
231.74 15.2263
215.06 15.2263
198.37 15.2263
298.36 15.3128
281.69 15.3128
265.01 15.3128
248.32 15.3128
231.64 15.3128
214.96 15.3128
264.96 15.3615
248.28 15.3615
231.60 15.3615
214.91 15.3615
198.23 15.3615
181.52 15.3615
198.19 15.299
181.49 15.299
198.13 15.2948
181.45 15.2948
231.46 15.2845
214.78 15.2845
298.09 15.3311
281.41 15.3311
264.73 15.3311
248.04 15.3311
231.36 15.3311
214.68 15.3311
297.96 15.2359
281.27 15.2359
264.56 15.2359
247.91 15.2359
231.22 15.2359
214.54 15.2359
297.88 15.2022
281.19 15.2022
264.51 15.2022
247.80 15.2022
231.14 15.2022
214.46 15.2022
231.09 15.4069
214.38 15.4069
197.72 15.4069
181.03 15.4069
164.32 15.4069
147.64 15.4069
164.34 15.3693
147.66 15.3693
197.58 15.4341
180.93 15.4341
214.22 15.4658
197.56 15.4658
297.56 15.3932
280.85 15.3932
264.19 15.3932
247.48 15.3932
230.80 15.3932
214.11 15.3932
297.45 15.4818
280.74 15.4818
264.09 15.4818
247.38 15.4818
230.72 15.4818
214.04 15.4818
280.69 15.5607
264.00 15.5607
247.30 15.5607
230.64 15.5607
213.96 15.5607
197.27 15.5607
297.20 15.6734
280.54 15.6734
263.86 15.6734
247.17 15.6734
230.46 15.6734
213.81 15.6734
247.12 15.6908
230.44 15.6908
213.72 15.6908
197.07 15.6908
180.39 15.6908
163.68 15.6908
197.02 15.5782
180.34 15.5782
230.31 15.554
213.63 15.554
230.28 15.5619
213.57 15.5619
263.55 15.4344
246.86 15.4344
230.21 15.4344
213.52 15.4344
230.17 15.4234
213.49 15.4234
263.50 15.5173
246.79 15.5173
230.13 15.5173
213.44 15.5173
230.10 15.5954
213.39 15.5954
230.01 15.5304
213.32 15.5304
196.67 15.5304
179.99 15.5304
229.96 15.5246
213.25 15.5246
296.56 15.323
279.91 15.323
263.23 15.323
246.54 15.323
229.86 15.323
279.84 15.1479
263.15 15.1479
246.45 15.1479
229.79 15.1479
213.10 15.1479
196.39 15.1479
213.10 15.0779
196.39 15.0779
246.37 15.0107
229.68 15.0107
279.64 14.94
262.98 14.94
246.30 14.94
229.61 14.94
212.91 14.94
196.22 14.94
262.92 14.9883
246.24 14.9883
229.56 14.9883
212.87 14.9883
296.16 14.8156
279.48 14.8156
262.79 14.8156
246.13 14.8156
229.43 14.8156
212.74 14.8156
312.74 14.7928
296.06 14.7928
279.37 14.7928
262.69 14.7928
246.01 14.7928
229.33 14.7928
312.58 14.6845
295.90 14.6845
279.21 14.6845
262.56 14.6845
245.88 14.6845
229.17 14.6845
312.53 14.7462
295.82 14.7462
279.14 14.7462
262.48 14.7462
245.80 14.7462
229.09 14.7462
295.75 15.0676
279.07 15.0676
262.37 15.0676
245.71 15.0676
229.02 15.0676
212.32 15.0676
312.31 15.0145
295.61 15.0145
278.95 15.0145
262.24 15.0145
245.58 15.0145
228.90 15.0145
295.55 14.9726
278.87 14.9726
262.19 14.9726
245.50 14.9726
228.81 14.9726
212.13 14.9726
312.11 14.9668
295.43 14.9668
278.74 14.9668
262.04 14.9668
245.38 14.9668
228.69 14.9668
311.98 14.9308
295.30 14.9308
278.61 14.9308
261.93 14.9308
245.25 14.9308
228.57 14.9308
311.88 14.8585
295.17 14.8585
278.51 14.8585
261.80 14.8585
245.12 14.8585
228.46 14.8585
311.77 14.939
295.09 14.939
278.38 14.939
261.72 14.939
245.04 14.939
228.36 14.939
311.66 14.961
294.98 14.961
278.30 14.961
261.62 14.961
244.93 14.961
228.22 14.961
311.56 14.9701
294.88 14.9701
278.22 14.9701
261.50 14.9701
244.85 14.9701
228.17 14.9701
294.79 15.0553
278.10 15.0553
261.42 15.0553
244.74 15.0553
228.09 15.0553
211.40 15.0553
311.35 14.8633
294.67 14.8633
277.98 14.8633
261.30 14.8633
244.62 14.8633
227.93 14.8633
311.25 14.9744
294.56 14.9744
277.85 14.9744
261.19 14.9744
244.48 14.9744
227.80 14.9744
311.14 14.8916
294.45 14.8916
277.77 14.8916
261.09 14.8916
244.41 14.8916
227.70 14.8916
311.04 14.926
294.35 14.926
277.69 14.926
260.99 14.926
244.33 14.926
227.60 14.926
294.26 15.128
277.58 15.128
260.92 15.128
244.24 15.128
227.56 15.128
210.88 15.128
277.52 15.1332
260.81 15.1332
244.16 15.1332
227.47 15.1332
244.11 15.1254
227.43 15.1254
210.75 15.1254
194.06 15.1254
210.69 15.1228
193.99 15.1228
243.96 15.1197
227.31 15.1197
260.62 15.0393
243.94 15.0393
227.23 15.0393
210.57 15.0393
193.89 15.0393
177.21 15.0393
160.52 15.0393
143.84 15.0393
243.79 15.0466
227.13 15.0466
310.44 14.8932
293.73 14.8932
277.08 14.8932
260.39 14.8932
243.71 14.8932
227.03 14.8932
310.37 14.9754
293.66 14.9754
277.00 14.9754
260.32 14.9754
243.64 14.9754
226.95 14.9754
310.24 15.0352
293.53 15.0352
276.85 15.0352
260.16 15.0352
243.48 15.0352
226.82 15.0352
310.12 14.947
293.44 14.947
276.76 14.947
260.08 14.947
243.39 14.947
226.71 14.947
276.71 14.9776
260.03 14.9776
243.35 14.9776
226.64 14.9776
209.96 14.9776
193.30 14.9776
209.92 14.9391
193.21 14.9391
276.55 14.9252
259.87 14.9252
243.19 14.9252
226.50 14.9252
293.15 15.0012
276.46 15.0012
259.76 15.0012
243.09 15.0012
226.41 15.0012
209.71 15.0012
293.02 14.952
276.36 14.952
259.68 14.952
242.99 14.952
226.28 14.952
209.63 14.952
276.27 14.9506
259.56 14.9506
242.91 14.9506
226.22 14.9506
242.87 14.998
226.18 14.998
259.53 14.9808
242.85 14.9808
226.16 14.9808
209.48 14.9808
292.79 14.9236
276.08 14.9236
259.42 14.9236
242.74 14.9236
226.06 14.9236
209.38 14.9236
225.99 15.0278
209.31 15.0278
192.63 15.0278
175.92 15.0278
242.59 15.0978
225.88 15.0978
242.56 15.0505
225.87 15.0505
275.86 15.0399
259.18 15.0399
242.49 15.0399
225.83 15.0399
242.47 15.0579
225.79 15.0579
275.75 15.0583
259.06 15.0583
242.41 15.0583
225.72 15.0583
242.37 15.0242
225.66 15.0242
275.64 15.0642
258.95 15.0642
242.27 15.0642
225.59 15.0642
308.92 15.0535
292.24 15.0535
275.56 15.0535
258.87 15.0535
242.19 15.0535
225.50 15.0535
242.13 15.0433
225.42 15.0433
242.10 15.161
225.42 15.161
208.74 15.161
192.05 15.161
275.39 15.1786
258.71 15.1786
242.02 15.1786
225.32 15.1786
275.26 15.0802
258.58 15.0802
241.92 15.0802
225.21 15.0802
241.91 15.0686
225.22 15.0686
208.54 15.0686
191.86 15.0686
208.52 15.0887
191.83 15.0887
208.48 15.091
191.79 15.091
258.39 15.0495
241.73 15.0495
225.05 15.0495
208.36 15.0495
241.66 15.0687
225.00 15.0687
208.29 15.0687
191.63 15.0687
174.92 15.0687
158.24 15.0687
241.57 15.0398
224.89 15.0398
308.21 15.1174
291.49 15.1174
274.81 15.1174
258.16 15.1174
241.47 15.1174
224.79 15.1174
308.10 15.0893
291.42 15.0893
274.74 15.0893
258.05 15.0893
241.37 15.0893
224.69 15.0893
308.03 15.1235
291.35 15.1235
274.66 15.1235
257.98 15.1235
241.30 15.1235
224.62 15.1235
224.56 15.1685
207.88 15.1685
191.19 15.1685
174.51 15.1685
224.52 15.0864
207.84 15.0864
224.48 15.2769
207.80 15.2769
191.09 15.2769
174.41 15.2769
191.05 15.2645
174.37 15.2645
224.38 15.2045
207.70 15.2045
290.98 15.2601
274.30 15.2601
257.58 15.2601
240.93 15.2601
224.25 15.2601
207.54 15.2601
224.21 15.2654
207.52 15.2654
224.18 15.3367
207.50 15.3367
190.81 15.3367
174.13 15.3367
224.14 15.3366
207.44 15.3366
290.71 15.2505
274.05 15.2505
257.34 15.2505
240.66 15.2505
224.00 15.2505
207.29 15.2505
290.60 15.3425
273.92 15.3425
257.24 15.3425
240.55 15.3425
223.87 15.3425
207.17 15.3425
290.50 15.3
273.82 15.3
257.13 15.3
240.48 15.3
223.79 15.3
207.08 15.3
290.39 15.3117
273.71 15.3117
257.05 15.3117
240.34 15.3117
223.66 15.3117
206.98 15.3117
290.32 15.2941
273.63 15.2941
256.93 15.2941
240.27 15.2941
223.59 15.2941
206.88 15.2941
290.19 15.2814
273.50 15.2814
256.82 15.2814
240.16 15.2814
223.48 15.2814
206.79 15.2814
290.14 15.2989
273.45 15.2989
256.77 15.2989
240.09 15.2989
223.40 15.2989
206.72 15.2989
290.03 15.3855
273.34 15.3855
256.63 15.3855
239.93 15.3855
223.29 15.3855
206.61 15.3855
256.53 15.3667
239.88 15.3667
223.17 15.3667
206.52 15.3667
189.81 15.3667
173.12 15.3667
189.80 15.4145
173.11 15.4145
256.42 15.3202
239.77 15.3202
223.08 15.3202
206.40 15.3202
289.69 15.2939
273.00 15.2939
256.35 15.2939
239.63 15.2939
222.95 15.2939
206.27 15.2939
289.55 15.2838
272.90 15.2838
256.22 15.2838
239.53 15.2838
222.85 15.2838
206.17 15.2838
222.84 15.3398
206.16 15.3398
189.44 15.3398
172.79 15.3398
156.08 15.3398
139.42 15.3398
222.71 15.3319
206.02 15.3319
289.33 15.3031
272.62 15.3031
255.94 15.3031
239.26 15.3031
222.60 15.3031
205.92 15.3031
255.92 15.3103
239.24 15.3103
222.56 15.3103
205.85 15.3103
189.17 15.3103
172.51 15.3103
222.44 15.3281
205.78 15.3281
289.06 15.4089
272.41 15.4089
255.69 15.4089
239.04 15.4089
222.35 15.4089
205.67 15.4089
222.29 15.3999
205.64 15.3999
188.93 15.3999
172.27 15.3999
155.59 15.3999
138.88 15.3999
222.19 15.3119
205.51 15.3119
288.82 15.3869
272.17 15.3869
255.49 15.3869
238.80 15.3869
222.09 15.3869
205.44 15.3869
288.74 15.287
272.06 15.287
255.38 15.287
238.69 15.287
222.01 15.287
205.30 15.287
288.64 15.2679
271.95 15.2679
255.24 15.2679
238.56 15.2679
221.91 15.2679
205.22 15.2679
255.20 15.3348
238.49 15.3348
221.83 15.3348
205.15 15.3348
188.47 15.3348
171.76 15.3348
255.07 15.2594
238.41 15.2594
288.39 15.333
271.68 15.333
255.00 15.333
238.32 15.333
221.63 15.333
204.97 15.333
288.29 15.2926
271.60 15.2926
354.88 15.2407
338.20 15.2407
321.55 15.2407
304.87 15.2407
288.18 15.2407
271.47 15.2407
288.15 15.3212
271.44 15.3212
254.78 15.3212
238.10 15.3212
221.39 15.3212
204.73 15.3212
221.38 15.3094
204.70 15.3094
288.01 15.2537
271.32 15.2537
354.63 15.2845
337.95 15.2845
321.27 15.2845
304.61 15.2845
287.90 15.2845
271.21 15.2845
354.54 15.2231
337.87 15.2231
321.19 15.2231
304.48 15.2231
287.82 15.2231
271.11 15.2231
321.09 15.2863
304.42 15.2863
287.73 15.2863
271.07 15.2863
254.36 15.2863
237.70 15.2863
320.96 15.3108
304.28 15.3108
287.62 15.3108
270.94 15.3108
354.25 15.324
337.57 15.324
320.89 15.324
304.20 15.324
287.52 15.324
270.87 15.324
354.14 15.2966
337.46 15.2966
320.78 15.2966
304.07 15.2966
287.41 15.2966
270.73 15.2966
354.01 15.2682
337.33 15.2682
320.68 15.2682
303.99 15.2682
287.31 15.2682
270.63 15.2682
353.94 15.3654
337.25 15.3654
320.55 15.3654
303.89 15.3654
287.21 15.3654
270.50 15.3654
320.51 15.3163
303.82 15.3163
287.14 15.3163
270.46 15.3163
253.77 15.3163
237.09 15.3163
253.76 15.3025
237.08 15.3025
220.39 15.3025
203.71 15.3025
286.99 15.3764
270.28 15.3764
253.60 15.3764
236.92 15.3764
220.23 15.3764
203.58 15.3764
286.87 15.3049
270.18 15.3049
353.52 15.4517
336.86 15.4517
320.15 15.4517
303.50 15.4517
286.78 15.4517
270.10 15.4517
320.05 15.3111
303.37 15.3111
286.71 15.3111
270.00 15.3111
253.35 15.3111
236.64 15.3111
253.31 15.3715
236.60 15.3715
253.28 15.3456
236.60 15.3456
286.57 15.3121
269.92 15.3121
253.20 15.3121
236.52 15.3121
319.86 15.3071
303.17 15.3071
286.46 15.3071
269.81 15.3071
353.13 15.4558
336.41 15.4558
319.73 15.4558
303.05 15.4558
286.37 15.4558
269.71 15.4558
352.96 15.3441
336.28 15.3441
319.62 15.3441
302.94 15.3441
286.26 15.3441
269.57 15.3441
352.88 15.3659
336.18 15.3659
319.49 15.3659
302.84 15.3659
286.13 15.3659
269.47 15.3659
319.45 15.3133
302.80 15.3133
286.08 15.3133
269.40 15.3133
252.75 15.3133
236.06 15.3133
252.65 15.2685
235.97 15.2685
319.31 15.2477
302.63 15.2477
285.91 15.2477
269.23 15.2477
285.88 15.2182
269.23 15.2182
252.51 15.2182
235.84 15.2182
219.15 15.2182
202.49 15.2182
285.78 15.2759
269.12 15.2759
352.40 15.2741
335.75 15.2741
319.04 15.2741
302.38 15.2741
285.70 15.2741
269.01 15.2741
285.66 15.2134
268.98 15.2134
252.32 15.2134
235.64 15.2134
218.96 15.2134
202.28 15.2134
252.20 15.1577
235.55 15.1577
285.55 15.1656
268.87 15.1656
252.16 15.1656
235.48 15.1656
385.42 15.2121
368.76 15.2121
352.08 15.2121
335.39 15.2121
385.38 14.9135
368.67 14.9135
352.01 14.9135
335.30 14.9135
318.64 14.9135
301.93 14.9135
285.25 14.9135
268.57 14.9135
251.91 14.9135
235.23 14.9135
251.88 14.9578
235.17 14.9578
218.48 14.9578
201.80 14.9578
218.45 14.8905
201.77 14.8905
218.41 14.9751
201.76 14.9751
251.77 14.9191
235.09 14.9191
251.73 15.0547
235.04 15.0547
318.36 14.9937
301.68 14.9937
285.00 14.9937
268.31 14.9937
351.62 14.9958
334.94 14.9958
318.25 14.9958
301.57 14.9958
284.89 14.9958
268.20 14.9958
318.18 15.1115
301.50 15.1115
284.78 15.1115
268.13 15.1115
251.45 15.1115
234.74 15.1115
251.39 14.7031
234.74 14.7031
318.02 14.8725
301.33 14.8725
284.62 14.8725
267.94 14.8725
351.28 14.8528
334.60 14.8528
317.88 14.8528
301.20 14.8528
284.52 14.8528
267.84 14.8528
284.54 15.0171
267.83 15.0171
251.17 15.0171
234.49 15.0171
217.80 15.0171
201.10 15.0171
284.41 14.8885
267.75 14.8885
284.35 15.0805
267.69 15.0805
251.00 15.0805
234.30 15.0805
217.61 15.0805
200.95 15.0805
217.56 15.0281
200.92 15.0281
217.57 15.158
200.91 15.158
250.84 14.9432
234.18 14.9432
250.83 15.2053
234.18 15.2053
217.47 15.2053
200.81 15.2053
217.46 15.0885
200.78 15.0885
217.40 15.06
200.71 15.06
284.02 15.0524
267.34 15.0524
284.01 15.0806
267.33 15.0806
250.65 15.0806
233.93 15.0806
217.28 15.0806
200.57 15.0806
217.22 15.0445
200.56 15.0445
283.82 15.0438
267.13 15.0438
317.12 15.11
300.43 15.11
283.75 15.11
267.07 15.11
250.38 15.11
233.70 15.11
317.03 15.0552
300.33 15.0552
283.67 15.0552
266.99 15.0552
350.33 15.1781
333.62 15.1781
316.93 15.1781
300.25 15.1781
283.60 15.1781
266.91 15.1781
350.19 14.9043
333.51 14.9043
316.83 14.9043
300.14 14.9043
283.46 14.9043
266.78 14.9043
350.09 15.1005
333.41 15.1005
316.72 15.1005
300.01 15.1005
283.33 15.1005
266.67 15.1005
349.98 15.115
333.33 15.115
316.62 15.115
299.96 15.115
283.28 15.115
266.60 15.115
349.91 15.1102
333.22 15.1102
316.54 15.1102
299.83 15.1102
283.15 15.1102
266.50 15.1102
349.74 15.1002
333.09 15.1002
316.38 15.1002
299.72 15.1002
283.01 15.1002
266.33 15.1002
316.31 15.2386
299.66 15.2386
282.98 15.2386
266.26 15.2386
249.61 15.2386
232.90 15.2386
282.90 15.0664
266.19 15.0664
249.54 15.0664
232.82 15.0664
282.83 15.1241
266.15 15.1241
249.44 15.1241
232.75 15.1241
316.09 15.395
299.38 15.395
282.70 15.395
266.04 15.395
349.32 15.308
332.67 15.308
315.96 15.308
299.30 15.308
282.59 15.308
265.94 15.308
349.28 15.2862
332.60 15.2862
315.91 15.2862
299.23 15.2862
282.55 15.2862
265.87 15.2862
249.18 15.2862
232.50 15.2862
282.47 15.2745
265.78 15.2745
249.10 15.2745
232.42 15.2745
215.74 15.2745
199.05 15.2745
215.68 15.2735
199.00 15.2735
215.68 15.2291
199.00 15.2291
215.61 15.2831
198.93 15.2831
248.90 15.2758
232.22 15.2758
215.54 15.2758
198.86 15.2758
282.17 15.4346
265.48 15.4346
248.80 15.4346
232.12 15.4346
315.46 15.1161
298.75 15.1161
282.09 15.1161
265.38 15.1161
248.72 15.1161
232.04 15.1161
315.35 15.267
298.67 15.267
281.99 15.267
265.30 15.267
248.62 15.267
231.94 15.267
315.22 15.3009
298.53 15.3009
281.85 15.3009
265.17 15.3009
248.49 15.3009
231.80 15.3009
315.11 15.3214
298.40 15.3214
281.75 15.3214
265.03 15.3214
248.38 15.3214
231.67 15.3214
315.01 15.3298
298.30 15.3298
281.62 15.3298
264.93 15.3298
248.25 15.3298
231.57 15.3298
314.87 15.304
298.19 15.304
281.54 15.304
264.86 15.304
248.17 15.304
231.49 15.304
314.80 15.3162
298.09 15.3162
281.44 15.3162
264.71 15.3162
248.04 15.3162
231.39 15.3162
314.69 15.4609
298.01 15.4609
281.33 15.4609
264.62 15.4609
247.96 15.4609
231.28 15.4609
314.56 15.4851
297.91 15.4851
281.23 15.4851
264.54 15.4851
247.83 15.4851
231.18 15.4851
314.46 15.2647
297.80 15.2647
281.12 15.2647
264.41 15.2647
247.75 15.2647
231.07 15.2647
314.40 15.4767
297.70 15.4767
281.02 15.4767
264.33 15.4767
247.67 15.4767
230.99 15.4767
314.24 15.4628
297.57 15.4628
280.91 15.4628
264.22 15.4628
247.54 15.4628
230.86 15.4628
280.84 15.406
264.16 15.406
247.45 15.406
230.76 15.406
214.11 15.406
197.42 15.406
214.07 15.48
197.39 15.48
214.04 15.4628
197.36 15.4628
213.97 15.4847
197.29 15.4847
280.65 15.4322
263.94 15.4322
247.29 15.4322
230.61 15.4322
313.89 15.5197
297.20 15.5197
280.50 15.5197
263.81 15.5197
247.16 15.5197
230.47 15.5197
313.79 15.4946
297.11 15.4946
280.42 15.4946
263.75 15.4946
247.09 15.4946
230.37 15.4946
313.68 15.4418
297.00 15.4418
280.31 15.4418
263.63 15.4418
246.92 15.4418
230.24 15.4418
313.60 15.4271
296.92 15.4271
280.24 15.4271
263.53 15.4271
246.87 15.4271
230.19 15.4271
313.47 15.4288
296.79 15.4288
280.11 15.4288
263.42 15.4288
246.74 15.4288
230.04 15.4288
313.37 15.5114
296.68 15.5114
280.00 15.5114
263.32 15.5114
246.63 15.5114
229.95 15.5114
313.29 15.4504
296.60 15.4504
279.92 15.4504
263.23 15.4504
246.55 15.4504
229.85 15.4504
313.13 15.4729
296.47 15.4729
279.79 15.4729
263.08 15.4729
246.39 15.4729
229.74 15.4729
313.08 15.4224
296.39 15.4224
279.71 15.4224
263.03 15.4224
246.34 15.4224
229.64 15.4224
279.61 15.4187
262.90 15.4187
246.24 15.4187
229.56 15.4187
212.88 15.4187
196.20 15.4187
279.51 15.5214
262.80 15.5214
246.14 15.5214
229.44 15.5214
246.11 15.5181
229.39 15.5181
212.74 15.5181
196.03 15.5181
179.38 15.5181
162.69 15.5181
246.03 15.4736
229.34 15.4736
279.30 15.4335
262.62 15.4335
245.91 15.4335
229.25 15.4335
212.54 15.4335
195.88 15.4335
212.56 15.4113
195.88 15.4113
212.52 15.4212
195.84 15.4212
279.15 15.4098
262.47 15.4098
245.79 15.4098
229.07 15.4098
279.02 15.3657
262.34 15.3657
245.69 15.3657
229.00 15.3657
212.30 15.3657
195.61 15.3657
212.29 15.4589
195.60 15.4589
278.91 15.4639
262.23 15.4639
245.55 15.4639
228.86 15.4639
312.18 15.4432
295.46 15.4432
278.81 15.4432
262.13 15.4432
245.44 15.4432
228.74 15.4432
278.76 15.5236
262.08 15.5236
245.40 15.5236
228.69 15.5236
212.01 15.5236
228.66 15.498
211.95 15.498
295.25 15.4795
278.60 15.4795
261.92 15.4795
245.24 15.4795
295.21 15.4338
278.53 15.4338
261.85 15.4338
245.16 15.4338
228.48 15.4338
211.80 15.4338
228.47 15.3803
211.79 15.3803
261.74 15.4753
245.09 15.4753
228.38 15.4753
211.73 15.4753
261.70 15.4821
245.01 15.4821
228.33 15.4821
211.65 15.4821
294.93 15.4278
278.25 15.4278
261.56 15.4278
244.88 15.4278
261.56 15.4304
244.84 15.4304
228.19 15.4304
211.47 15.4304
294.79 15.3724
278.08 15.3724
261.40 15.3724
244.72 15.3724
328.03 15.3524
311.37 15.3524
294.66 15.3524
277.98 15.3524
261.32 15.3524
244.64 15.3524
261.26 15.3489
244.58 15.3489
227.90 15.3489
211.21 15.3489
294.55 15.4227
277.87 15.4227
261.18 15.4227
244.47 15.4227
327.81 15.3899
311.13 15.3899
294.44 15.3899
277.76 15.3899
261.08 15.3899
244.40 15.3899
294.40 15.4148
277.71 15.4148
261.03 15.4148
244.35 15.4148
227.67 15.4148
210.98 15.4148
227.61 15.3817
210.92 15.3817
294.26 15.3701
277.58 15.3701
260.90 15.3701
244.22 15.3701
260.86 15.4059
244.18 15.4059
227.49 15.4059
210.81 15.4059
194.12 15.4059
177.44 15.4059
260.75 15.3969
244.07 15.3969
327.38 15.4481
310.70 15.4481
294.01 15.4481
277.31 15.4481
260.65 15.4481
243.97 15.4481
260.59 15.3085
243.93 15.3085
227.23 15.3085
210.54 15.3085
227.19 15.3464
210.53 15.3464
293.81 15.3773
277.13 15.3773
260.45 15.3773
243.77 15.3773
327.07 15.3443
310.39 15.3443
293.71 15.3443
277.03 15.3443
260.34 15.3443
243.68 15.3443
326.98 15.3672
310.31 15.3672
293.63 15.3672
276.93 15.3672
260.24 15.3672
243.58 15.3672
326.87 15.2975
310.19 15.2975
293.50 15.2975
276.82 15.2975
260.14 15.2975
243.48 15.2975
260.06 15.2986
243.38 15.2986
226.71 15.2986
210.02 15.2986
193.34 15.2986
176.66 15.2986
259.97 15.3301
243.29 15.3301
326.62 15.2849
309.91 15.2849
293.25 15.2849
276.57 15.2849
259.86 15.2849
243.21 15.2849
326.52 15.2618
309.83 15.2618
293.12 15.2618
276.47 15.2618
259.79 15.2618
243.10 15.2618
326.41 15.2727
309.73 15.2727
293.04 15.2727
276.36 15.2727
259.68 15.2727
243.00 15.2727
259.64 15.3649
242.96 15.3649
226.28 15.3649
209.59 15.3649
192.91 15.3649
176.23 15.3649
259.57 15.3314
242.88 15.3314
259.50 15.3061
242.82 15.3061
226.14 15.3061
209.45 15.3061
226.10 15.3173
209.42 15.3173
292.73 15.2788
276.05 15.2788
259.37 15.2788
242.68 15.2788
325.99 15.2843
309.31 15.2843
292.62 15.2843
275.94 15.2843
259.26 15.2843
242.57 15.2843
325.91 15.3033
309.20 15.3033
292.52 15.3033
275.86 15.3033
259.18 15.3033
242.47 15.3033
325.78 15.3811
309.10 15.3811
292.42 15.3811
275.73 15.3811
259.05 15.3811
242.37 15.3811
259.01 15.3693
242.33 15.3693
225.65 15.3693
208.96 15.3693
192.28 15.3693
175.60 15.3693
225.58 15.3721
208.89 15.3721
292.17 15.3315
275.49 15.3315
258.84 15.3315
242.15 15.3315
325.44 15.4639
308.76 15.4639
292.07 15.4639
275.41 15.4639
258.71 15.4639
242.05 15.4639
325.36 15.4269
308.68 15.4269
292.00 15.4269
275.29 15.4269
258.60 15.4269
241.95 15.4269
258.59 15.3539
241.91 15.3539
225.23 15.3539
208.54 15.3539
191.86 15.3539
175.18 15.3539
258.49 15.409
241.81 15.409
325.12 15.3957
308.43 15.3957
291.75 15.3957
275.07 15.3957
258.39 15.3957
241.70 15.3957
325.01 15.3727
308.33 15.3727
291.65 15.3727
274.96 15.3727
258.28 15.3727
241.60 15.3727
324.91 15.3516
308.22 15.3516
291.54 15.3516
274.86 15.3516
258.18 15.3516
241.49 15.3516
258.14 15.4832
241.46 15.4832
224.78 15.4832
208.09 15.4832
191.41 15.4832
174.73 15.4832
258.04 15.4839
241.35 15.4839
324.66 15.4711
307.98 15.4711
291.30 15.4711
274.62 15.4711
257.93 15.4711
241.25 15.4711
324.56 15.4236
307.88 15.4236
291.19 15.4236
274.50 15.4236
257.83 15.4236
241.14 15.4236
324.48 15.433
307.77 15.433
291.12 15.433
274.43 15.433
257.72 15.433
241.04 15.433
291.02 15.3903
274.34 15.3903
257.63 15.3903
240.97 15.3903
224.26 15.3903
207.60 15.3903
224.25 15.5348
207.57 15.5348
290.88 15.455
274.20 15.455
257.51 15.455
240.80 15.455
324.11 15.4541
307.43 15.4541
290.75 15.4541
274.06 15.4541
257.41 15.4541
240.70 15.4541
324.00 15.4999
307.32 15.4999
290.67 15.4999
273.99 15.4999
257.27 15.4999
240.62 15.4999
323.90 15.4339
307.25 15.4339
290.56 15.4339
273.88 15.4339
257.20 15.4339
240.51 15.4339
323.82 15.3949
307.14 15.3949
290.46 15.3949
273.78 15.3949
257.07 15.3949
240.41 15.3949
323.75 15.5163
307.07 15.5163
290.38 15.5163
273.70 15.5163
257.02 15.5163
240.33 15.5163
290.31 15.4589
273.63 15.4589
256.94 15.4589
240.24 15.4589
223.58 15.4589
206.90 15.4589
290.17 15.4493
273.49 15.4493
256.83 15.4493
240.13 15.4493
323.47 15.4007
306.79 15.4007
290.10 15.4007
273.42 15.4007
256.74 15.4007
240.03 15.4007
323.31 15.4146
306.61 15.4146
289.94 15.4146
273.29 15.4146
256.60 15.4146
239.89 15.4146
256.57 15.3635
239.91 15.3635
223.23 15.3635
206.55 15.3635
256.53 15.4807
239.81 15.4807
256.46 15.4788
239.75 15.4788
223.09 15.4788
206.41 15.4788
223.03 15.4952
206.35 15.4952
189.67 15.4952
172.99 15.4952
256.32 15.4727
239.64 15.4727
289.60 15.452
272.91 15.452
256.23 15.452
239.57 15.452
222.86 15.452
206.18 15.452
289.54 15.4391
272.83 15.4391
256.15 15.4391
239.47 15.4391
322.81 15.3993
306.12 15.3993
289.44 15.3993
272.76 15.3993
256.07 15.3993
239.39 15.3993
322.67 15.5098
305.96 15.5098
289.28 15.5098
272.60 15.5098
255.91 15.5098
239.22 15.5098
322.57 15.4655
305.91 15.4655
289.23 15.4655
272.55 15.4655
255.86 15.4655
239.15 15.4655
322.49 15.4506
305.81 15.4506
289.10 15.4506
272.44 15.4506
255.73 15.4506
239.05 15.4506
255.69 15.439
239.01 15.439
222.35 15.439
205.64 15.439
188.96 15.439
172.28 15.439
255.62 15.444
238.93 15.444
322.22 15.4356
305.51 15.4356
288.83 15.4356
272.14 15.4356
255.46 15.4356
238.80 15.4356
322.08 15.525
305.40 15.525
288.72 15.525
272.04 15.525
255.38 15.525
238.70 15.525
321.98 15.4741
305.33 15.4741
288.64 15.4741
271.96 15.4741
255.25 15.4741
238.57 15.4741
321.93 15.467
305.22 15.467
288.54 15.467
271.84 15.467
255.17 15.467
238.49 15.467
321.80 15.4452
305.09 15.4452
288.40 15.4452
271.74 15.4452
255.06 15.4452
238.38 15.4452
321.69 15.4596
305.03 15.4596
288.32 15.4596
271.65 15.4596
254.95 15.4596
238.30 15.4596
321.61 15.568
304.93 15.568
288.22 15.568
271.56 15.568
254.88 15.568
238.17 15.568
321.46 15.503
304.77 15.503
288.12 15.503
271.44 15.503
254.75 15.503
238.07 15.503
321.35 15.5085
304.69 15.5085
287.99 15.5085
271.33 15.5085
254.64 15.5085
237.96 15.5085
321.25 15.4861
304.56 15.4861
287.88 15.4861
271.23 15.4861
254.54 15.4861
237.83 15.4861
321.19 15.478
304.49 15.478
287.83 15.478
271.12 15.478
254.44 15.478
237.75 15.478
321.06 15.5304
304.38 15.5304
287.70 15.5304
271.01 15.5304
254.36 15.5304
237.68 15.5304
320.93 15.4785
304.28 15.4785
287.60 15.4785
270.91 15.4785
254.23 15.4785
237.54 15.4785
320.86 15.4522
304.20 15.4522
287.49 15.4522
270.83 15.4522
254.12 15.4522
237.44 15.4522
320.72 15.4815
304.04 15.4815
287.36 15.4815
270.67 15.4815
253.99 15.4815
237.34 15.4815
320.64 15.4567
303.99 15.4567
287.28 15.4567
270.62 15.4567
253.93 15.4567
237.25 15.4567
320.54 15.5313
303.86 15.5313
287.18 15.5313
270.46 15.5313
253.78 15.5313
237.10 15.5313
320.46 15.5018
303.75 15.5018
287.10 15.5018
270.38 15.5018
253.70 15.5018
237.04 15.5018
320.30 15.4646
303.64 15.4646
286.94 15.4646
270.28 15.4646
253.57 15.4646
236.91 15.4646
320.20 15.4874
303.54 15.4874
286.86 15.4874
270.15 15.4874
253.46 15.4874
236.81 15.4874
320.14 15.5508
303.46 15.5508
286.78 15.5508
270.07 15.5508
253.41 15.5508
236.73 15.5508
286.69 15.5867
270.01 15.5867
253.30 15.5867
236.61 15.5867
219.93 15.5867
203.25 15.5867
286.56 15.5927
269.87 15.5927
253.18 15.5927
236.50 15.5927
253.15 15.5581
236.46 15.5581
219.78 15.5581
203.12 15.5581
219.75 15.534
203.09 15.534
186.38 15.534
169.70 15.534
186.37 15.5552
169.69 15.5552
219.68 15.5762
202.99 15.5762
286.27 15.5338
269.61 15.5338
252.93 15.5338
236.25 15.5338
319.58 15.6493
302.90 15.6493
286.19 15.6493
269.53 15.6493
252.82 15.6493
236.17 15.6493
319.45 15.6391
302.74 15.6391
286.06 15.6391
269.40 15.6391
252.69 15.6391
236.01 15.6391
319.35 15.6406
302.64 15.6406
285.99 15.6406
269.27 15.6406
252.59 15.6406
235.94 15.6406
319.24 15.6282
302.53 15.6282
285.88 15.6282
269.19 15.6282
252.51 15.6282
235.83 15.6282
252.45 15.631
235.79 15.631
219.11 15.631
202.43 15.631
185.74 15.631
169.06 15.631
252.40 15.7595
235.72 15.7595
219.03 15.7595
202.35 15.7595
185.67 15.7595
168.98 15.7595
252.27 15.7304
235.59 15.7304
285.58 15.7117
268.90 15.7117
252.22 15.7117
235.53 15.7117
218.85 15.7117
202.16 15.7117
285.46 15.7784
268.77 15.7784
252.09 15.7784
235.41 15.7784
318.72 15.7238
302.06 15.7238
285.38 15.7238
268.70 15.7238
251.99 15.7238
235.31 15.7238
251.95 15.6936
235.24 15.6936
218.59 15.6936
201.90 15.6936
185.22 15.6936
168.51 15.6936
218.55 15.6675
201.86 15.6675
218.49 15.7617
201.83 15.7617
285.11 15.6747
268.42 15.6747
251.71 15.6747
235.06 15.6747
285.04 15.7312
268.36 15.7312
251.67 15.7312
234.96 15.7312
218.31 15.7312
201.60 15.7312
218.30 15.6906
201.59 15.6906
284.90 15.6924
268.19 15.6924
251.53 15.6924
234.82 15.6924
318.19 15.6998
301.51 15.6998
284.79 15.6998
268.11 15.6998
251.43 15.6998
234.77 15.6998
284.72 15.6671
268.04 15.6671
251.36 15.6671
234.67 15.6671
217.99 15.6671
201.31 15.6671
217.96 15.6093
201.25 15.6093
251.25 15.6799
234.57 15.6799
217.89 15.6799
201.20 15.6799
284.54 15.3477
267.85 15.3477
251.17 15.3477
234.49 15.3477
251.10 15.5541
234.43 15.5541
217.77 15.5541
201.09 15.5541
184.38 15.5541
167.70 15.5541
251.01 15.4336
234.32 15.4336
317.63 15.4354
300.92 15.4354
284.27 15.4354
267.56 15.4354
250.87 15.4354
234.19 15.4354
317.56 15.4106
300.87 15.4106
284.16 15.4106
267.50 15.4106
250.82 15.4106
234.14 15.4106
317.40 15.3876
300.72 15.3876
284.03 15.3876
267.35 15.3876
250.67 15.3876
233.99 15.3876
317.32 15.5296
300.65 15.5296
283.96 15.5296
267.28 15.5296
250.59 15.5296
233.91 15.5296
283.89 15.3561
267.23 15.3561
250.52 15.3561
233.84 15.3561
217.16 15.3561
200.47 15.3561
283.78 15.3369
267.10 15.3369
250.44 15.3369
233.73 15.3369
250.41 15.298
233.70 15.298
217.02 15.298
200.34 15.298
216.98 15.2899
200.27 15.2899
216.92 15.3599
200.23 15.3599
283.57 15.3013
266.85 15.3013
250.20 15.3013
233.49 15.3013
316.80 15.286
300.12 15.286
283.44 15.286
266.78 15.286
250.09 15.286
233.38 15.286
250.09 15.2542
233.38 15.2542
216.70 15.2542
200.04 15.2542
183.33 15.2542
166.68 15.2542
216.63 15.2384
199.94 15.2384
216.56 15.2387
199.88 15.2387
283.22 15.2484
266.54 15.2484
249.86 15.2484
233.17 15.2484
316.51 15.2137
299.82 15.2137
283.11 15.2137
266.46 15.2137
249.75 15.2137
233.06 15.2137
316.35 15.2873
299.67 15.2873
282.98 15.2873
266.33 15.2873
249.64 15.2873
232.96 15.2873
282.97 15.2845
266.28 15.2845
249.60 15.2845
232.92 15.2845
216.21 15.2845
199.55 15.2845
282.86 15.2354
266.18 15.2354
249.49 15.2354
232.81 15.2354
316.13 15.2292
299.44 15.2292
282.76 15.2292
266.08 15.2292
249.40 15.2292
232.71 15.2292
315.99 15.2074
299.31 15.2074
282.62 15.2074
265.94 15.2074
249.26 15.2074
232.57 15.2074
315.92 15.3332
299.23 15.3332
282.55 15.3332
265.87 15.3332
249.18 15.3332
232.50 15.3332
315.79 15.2925
299.10 15.2925
282.42 15.2925
265.74 15.2925
249.06 15.2925
232.37 15.2925
315.68 15.3455
298.99 15.3455
282.31 15.3455
265.63 15.3455
248.94 15.3455
232.26 15.3455
315.57 15.2604
298.89 15.2604
282.21 15.2604
265.52 15.2604
248.84 15.2604
232.16 15.2604
282.14 15.2485
265.45 15.2485
248.77 15.2485
232.09 15.2485
215.41 15.2485
198.72 15.2485
282.04 15.2344
265.36 15.2344
248.67 15.2344
231.99 15.2344
315.32 15.2757
298.64 15.2757
281.96 15.2757
265.28 15.2757
248.59 15.2757
231.91 15.2757
315.19 15.3215
298.50 15.3215
281.82 15.3215
265.14 15.3215
248.45 15.3215
231.77 15.3215
281.75 15.2626
265.07 15.2626
248.39 15.2626
231.71 15.2626
215.02 15.2626
198.33 15.2626
248.29 15.2332
231.63 15.2332
214.92 15.2332
198.26 15.2332
281.58 15.2311
264.89 15.2311
248.21 15.2311
231.56 15.2311
314.81 15.3111
298.15 15.3111
281.47 15.3111
264.79 15.3111
248.11 15.3111
231.37 15.3111
248.04 15.3223
231.39 15.3223
214.71 15.3223
198.03 15.3223
281.36 15.3424
264.68 15.3424
248.00 15.3424
231.29 15.3424
314.58 15.2594
297.91 15.2594
281.23 15.2594
264.51 15.2594
247.86 15.2594
231.18 15.2594
314.46 15.1942
297.78 15.1942
281.12 15.1942
264.44 15.1942
247.73 15.1942
231.05 15.1942
314.38 15.2438
297.70 15.2438
281.02 15.2438
264.33 15.2438
247.65 15.2438
230.97 15.2438
314.25 15.2483
297.59 15.2483
280.91 15.2483
264.23 15.2483
247.55 15.2483
230.86 15.2483
314.17 15.1937
297.49 15.1937
280.81 15.1937
264.12 15.1937
247.44 15.1937
230.76 15.1937
314.09 15.2411
297.41 15.2411
280.73 15.2411
264.04 15.2411
247.36 15.2411
230.65 15.2411
313.99 15.1921
297.30 15.1921
280.62 15.1921
263.91 15.1921
247.25 15.1921
230.57 15.1921
313.87 15.1224
297.20 15.1224
280.52 15.1224
263.81 15.1224
247.15 15.1224
230.44 15.1224
313.77 15.3743
297.07 15.3743
280.41 15.3743
263.70 15.3743
247.04 15.3743
230.36 15.3743
280.34 15.2304
263.63 15.2304
246.95 15.2304
230.26 15.2304
213.61 15.2304
196.93 15.2304
280.24 15.1406
263.54 15.1406
246.85 15.1406
230.17 15.1406
313.45 15.0396
296.76 15.0396
280.08 15.0396
263.43 15.0396
246.74 15.0396
230.04 15.0396
313.37 15.1963
296.69 15.1963
280.03 15.1963
263.35 15.1963
246.63 15.1963
229.96 15.1963
246.58 15.2014
229.89 15.2014
213.21 15.2014
196.52 15.2014
179.84 15.2014
163.18 15.2014
246.53 15.0949
229.81 15.0949
313.12 15.1442
296.44 15.1442
279.78 15.1442
263.10 15.1442
246.40 15.1442
229.71 15.1442
313.04 15.1343
296.36 15.1343
279.68 15.1343
262.97 15.1343
246.28 15.1343
229.63 15.1343
246.25 15.1908
229.57 15.1908
212.88 15.1908
196.20 15.1908
179.52 15.1908
162.83 15.1908
212.81 15.2064
196.13 15.2064
246.11 15.1939
229.46 15.1939
212.78 15.1939
196.09 15.1939
279.40 15.0408
262.72 15.0408
246.04 15.0408
229.35 15.0408
312.63 15.306
295.95 15.306
279.27 15.306
262.59 15.306
245.90 15.306
229.22 15.306
312.53 15.3599
295.85 15.3599
279.17 15.3599
262.49 15.3599
245.80 15.3599
229.09 15.3599
312.43 15.1429
295.77 15.1429
279.09 15.1429
262.40 15.1429
245.72 15.1429
229.04 15.1429
312.30 15.2407
295.61 15.2407
278.95 15.2407
262.27 15.2407
245.59 15.2407
228.91 15.2407
245.55 15.1211
228.84 15.1211
212.19 15.1211
195.50 15.1211
178.82 15.1211
162.14 15.1211
212.15 15.2443
195.43 15.2443
212.08 15.2773
195.39 15.2773
278.71 15.3723
261.99 15.3723
245.31 15.3723
228.66 15.3723
311.97 15.2866
295.29 15.2866
278.61 15.2866
261.92 15.2866
245.24 15.2866
295.22 15.2403
278.54 15.2403
261.83 15.2403
245.17 15.2403
228.46 15.2403
211.78 15.2403
228.45 15.3966
211.80 15.3966
228.39 15.2407
211.70 15.2407
195.02 15.2407
178.34 15.2407
261.68 15.3533
245.00 15.3533
328.30 15.1281
311.62 15.1281
294.91 15.1281
278.23 15.1281
261.55 15.1281
244.89 15.1281
261.54 15.3614
244.85 15.3614
228.17 15.3614
211.46 15.3614
194.80 15.3614
178.12 15.3614
161.44 15.3614
244.75 15.2696
328.08 15.298
311.37 15.298
294.69 15.298
278.01 15.298
261.35 15.298
244.67 15.298
294.65 15.2584
277.94 15.2584
261.28 15.2584
244.60 15.2584
227.91 15.2584
211.23 15.2584
294.54 15.1968
277.82 15.1968
261.15 15.1968
244.47 15.1968
327.78 15.3227
311.12 15.3227
294.42 15.3227
277.76 15.3227
261.07 15.3227
244.39 15.3227
327.67 15.2709
310.99 15.2709
294.33 15.2709
277.64 15.2709
260.96 15.2709
244.25 15.2709
294.27 15.3264
277.58 15.3264
260.90 15.3264
244.22 15.3264
227.51 15.3264
210.85 15.3264
227.47 15.4264
210.80 15.4264
227.44 15.3016
210.76 15.3016
294.04 15.1644
277.35 15.1644
260.66 15.1644
244.01 15.1644
327.32 15.3009
310.67 15.3009
293.99 15.3009
277.30 15.3009
260.59 15.3009
243.94 15.3009
327.22 15.0781
310.53 15.0781
293.88 15.0781
277.17 15.0781
260.51 15.0781
243.80 15.0781
327.14 15.3424
310.46 15.3424
293.75 15.3424
277.06 15.3424
260.38 15.3424
243.73 15.3424
260.32 15.2085
243.67 15.2085
226.99 15.2085
210.30 15.2085
193.62 15.2085
176.91 15.2085
226.89 15.1724
210.21 15.1724
226.88 15.2494
210.20 15.2494
260.17 15.096
243.49 15.096
226.81 15.096
210.09 15.096
226.79 15.0427
210.11 15.0427
193.43 15.0427
176.72 15.0427
260.04 15.051
243.35 15.051
326.66 15.2486
309.95 15.2486
293.27 15.2486
276.58 15.2486
259.93 15.2486
243.24 15.2486
326.55 15.2187
309.89 15.2187
293.19 15.2187
276.50 15.2187
259.85 15.2187
243.14 15.2187
293.14 15.1666
276.44 15.1666
259.78 15.1666
243.10 15.1666
226.41 15.1666
209.71 15.1666
292.99 15.2636
276.31 15.2636
259.65 15.2636
242.97 15.2636
326.27 15.1772
309.62 15.1772
292.94 15.1772
276.25 15.1772
259.57 15.1772
242.85 15.1772
292.84 15.3547
276.19 15.3547
259.48 15.3547
242.79 15.3547
226.14 15.3547
209.42 15.3547
292.77 15.4075
276.08 15.4075
259.37 15.4075
242.72 15.4075
292.66 15.4295
275.95 15.4295
259.30 15.4295
242.62 15.4295
225.91 15.4295
209.25 15.4295
292.53 15.4457
275.88 15.4457
259.19 15.4457
242.48 15.4457
292.49 15.3748
275.83 15.3748
259.15 15.3748
242.47 15.3748
225.78 15.3748
209.10 15.3748
225.72 15.3318
209.04 15.3318
292.35 15.2246
275.64 15.2246
258.98 15.2246
242.30 15.2246
325.61 15.4395
308.95 15.4395
292.26 15.4395
275.56 15.4395
258.88 15.4395
242.22 15.4395
292.20 15.2232
275.52 15.2232
258.82 15.2232
242.12 15.2232
225.47 15.2232
208.75 15.2232
225.41 15.2577
208.70 15.2577
258.73 15.3453
242.02 15.3453
225.33 15.3453
208.68 15.3453
225.33 15.4943
208.64 15.4943
291.96 15.3995
275.25 15.3995
258.59 15.3995
241.88 15.3995
291.86 15.4176
275.18 15.4176
258.50 15.4176
241.81 15.4176
225.10 15.4176
208.45 15.4176
225.09 15.3908
208.38 15.3908
191.73 15.3908
175.01 15.3908
225.02 15.3723
208.34 15.3723
291.65 15.3139
274.96 15.3139
258.31 15.3139
241.61 15.3139
324.91 15.374
308.23 15.374
291.54 15.374
274.84 15.374
258.15 15.374
241.50 15.374
291.48 15.2833
274.80 15.2833
258.09 15.2833
241.40 15.2833
224.75 15.2833
208.04 15.2833
291.38 15.3816
274.69 15.3816
258.01 15.3816
241.32 15.3816
324.60 15.3557
307.92 15.3557
291.26 15.3557
274.57 15.3557
257.90 15.3557
241.22 15.3557
324.55 15.4117
307.87 15.4117
291.19 15.4117
274.50 15.4117
257.82 15.4117
241.10 15.4117
324.43 15.497
307.74 15.497
291.09 15.497
274.40 15.497
257.72 15.497
241.04 15.497
324.35 15.3658
307.66 15.3658
290.98 15.3658
274.30 15.3658
257.62 15.3658
240.93 15.3658
324.24 15.35
307.56 15.35
290.88 15.35
274.17 15.35
257.51 15.35
240.80 15.35
324.11 15.3755
307.43 15.3755
290.74 15.3755
274.06 15.3755
257.38 15.3755
240.69 15.3755
324.00 15.4101
307.33 15.4101
290.65 15.4101
273.94 15.4101
257.25 15.4101
240.60 15.4101
323.90 15.3023
307.24 15.3023
290.56 15.3023
273.85 15.3023
257.20 15.3023
240.51 15.3023
323.80 15.4009
307.12 15.4009
290.43 15.4009
273.78 15.4009
257.06 15.4009
240.38 15.4009
323.70 15.3624
307.02 15.3624
290.33 15.3624
273.68 15.3624
257.00 15.3624
240.32 15.3624
323.58 15.2329
306.93 15.2329
290.25 15.2329
273.54 15.2329
256.85 15.2329
240.17 15.2329
256.82 15.2624
240.10 15.2624
223.45 15.2624
206.73 15.2624
190.08 15.2624
173.37 15.2624
256.68 15.3284
240.00 15.3284
256.67 15.2984
239.96 15.2984
223.31 15.2984
206.59 15.2984
256.57 15.1959
239.89 15.1959
323.20 15.2815
306.55 15.2815
289.87 15.2815
273.19 15.2815
256.47 15.2815
239.82 15.2815
323.13 15.1532
306.45 15.1532
289.74 15.1532
273.06 15.1532
256.40 15.1532
239.72 15.1532
323.05 15.2976
306.37 15.2976
289.69 15.2976
272.97 15.2976
256.32 15.2976
239.64 15.2976
222.93 15.2976
206.25 15.2976
289.52 15.2903
272.85 15.2903
256.19 15.2903
239.51 15.2903
222.82 15.2903
206.14 15.2903
289.45 15.2854
272.77 15.2854
256.05 15.2854
239.38 15.2854
222.69 15.2854
206.01 15.2854
289.34 15.2486
272.66 15.2486
256.00 15.2486
239.29 15.2486
222.64 15.2486
205.93 15.2486
289.27 15.3683
272.56 15.3683
255.88 15.3683
239.22 15.3683
222.54 15.3683
205.83 15.3683
289.16 15.3274
272.48 15.3274
255.80 15.3274
239.11 15.3274
289.09 15.3803
272.41 15.3803
255.73 15.3803
239.02 15.3803
222.36 15.3803
205.65 15.3803
222.30 15.2943
205.65 15.2943
188.94 15.2943
172.28 15.2943
222.20 15.1193
205.52 15.1193
222.19 15.2806
205.50 15.2806
188.85 15.2806
172.17 15.2806
222.09 15.2885
205.44 15.2885
222.09 15.2035
205.43 15.2035
288.72 15.1466
272.04 15.1466
255.36 15.1466
238.70 15.1466
255.33 15.2552
238.65 15.2552
221.96 15.2552
205.25 15.2552
188.60 15.2552
171.89 15.2552
221.87 15.1605
205.19 15.1605
288.49 15.2263
271.80 15.2263
255.15 15.2263
238.46 15.2263
221.78 15.2263
205.06 15.2263
288.40 15.3403
271.68 15.3403
255.00 15.3403
238.32 15.3403
221.65 15.3403
204.96 15.3403
288.27 15.2723
271.58 15.2723
254.91 15.2723
238.22 15.2723
321.53 15.3124
304.87 15.3124
288.17 15.3124
271.48 15.3124
254.82 15.3124
238.14 15.3124
288.10 15.2454
271.41 15.2454
254.75 15.2454
238.07 15.2454
221.39 15.2454
204.68 15.2454
221.35 15.2898
204.67 15.2898
187.99 15.2898
171.28 15.2898
254.61 15.2472
237.93 15.2472
254.60 15.2969
237.89 15.2969
221.24 15.2969
204.55 15.2969
187.87 15.2969
171.19 15.2969
187.81 15.4095
171.13 15.4095
221.14 15.2613
204.46 15.2613
221.10 15.2439
204.42 15.2439
254.34 15.2989
237.69 15.2989
221.00 15.2989
204.32 15.2989
220.94 15.4124
204.28 15.4124
254.24 15.6907
237.58 15.6907
220.87 15.6907
204.18 15.6907
220.83 15.4764
204.18 15.4764
187.47 15.4764
170.81 15.4764
220.79 15.5151
204.08 15.5151
254.08 15.3477
237.40 15.3477
220.72 15.3477
204.04 15.3477
220.69 15.5031
203.98 15.5031
187.32 15.5031
170.61 15.5031
220.65 15.4666
203.94 15.4666
287.25 15.5414
270.56 15.5414
253.86 15.5414
237.20 15.5414
253.87 15.5724
237.19 15.5724
220.48 15.5724
203.79 15.5724
187.14 15.5724
170.46 15.5724
220.38 15.5589
203.72 15.5589
287.05 15.5661
270.34 15.5661
253.69 15.5661
236.98 15.5661
220.29 15.5661
203.64 15.5661
286.96 15.5374
270.27 15.5374
253.56 15.5374
236.91 15.5374
220.20 15.5374
203.52 15.5374
253.50 15.5234
236.81 15.5234
220.13 15.5234
203.45 15.5234
220.09 15.512
203.43 15.512
186.73 15.512
170.04 15.512
186.71 15.5256
170.02 15.5256
219.99 15.6294
203.31 15.6294
286.65 15.5248
269.94 15.5248
253.25 15.5248
236.57 15.5248
219.89 15.5248
203.21 15.5248
286.54 15.5759
269.86 15.5759
253.15 15.5759
236.49 15.5759
219.79 15.5759
203.13 15.5759
286.44 15.5974
269.74 15.5974
253.05 15.5974
236.37 15.5974
219.69 15.5974
203.00 15.5974
286.28 15.6204
269.59 15.6204
252.94 15.6204
236.22 15.6204
319.56 15.6092
302.88 15.6092
286.20 15.6092
269.51 15.6092
252.83 15.6092
236.12 15.6092
319.46 15.6682
302.77 15.6682
286.07 15.6682
269.38 15.6682
252.70 15.6682
236.04 15.6682
319.35 15.648
302.67 15.648
285.99 15.648
269.30 15.648
252.59 15.648
235.94 15.648
285.89 15.7001
269.20 15.7001
252.55 15.7001
235.87 15.7001
219.15 15.7001
202.49 15.7001
219.15 15.6175
202.47 15.6175
185.75 15.6175
169.10 15.6175
219.10 15.5927
202.42 15.5927
219.01 15.611
202.33 15.611
185.68 15.611
168.99 15.611
218.97 15.5802
202.29 15.5802
218.94 15.6129
202.26 15.6129
185.57 15.6129
168.86 15.6129
218.84 15.7051
202.19 15.7051
218.84 15.7117
202.15 15.7117
185.47 15.7117
168.77 15.7117
218.77 15.5642
202.06 15.5642
218.73 15.6852
202.08 15.6852
185.37 15.6852
168.69 15.6852
185.33 15.4927
168.62 15.4927
218.60 15.3204
201.94 15.3204
285.25 15.2159
268.57 15.2159
251.89 15.2159
235.20 15.2159
218.49 15.2159
201.84 15.2159
285.18 15.31
268.49 15.31
251.81 15.31
235.13 15.31
318.44 15.2657
301.76 15.2657
285.05 15.2657
268.39 15.2657
251.71 15.2657
235.03 15.2657
318.31 15.4555
301.62 15.4555
284.94 15.4555
268.26 15.4555
251.57 15.4555
234.92 15.4555
284.87 15.4556
268.19 15.4556
251.50 15.4556
234.79 15.4556
218.14 15.4556
201.43 15.4556
218.10 15.4657
201.42 15.4657
184.71 15.4657
168.05 15.4657
184.67 15.3954
167.99 15.3954
218.00 15.4521
201.31 15.4521
217.96 15.4434
201.25 15.4434
184.59 15.4434
167.91 15.4434
284.58 15.6211
267.89 15.6211
251.19 15.6211
234.53 15.6211
251.15 15.4935
234.49 15.4935
217.79 15.4935
201.13 15.4935
184.42 15.4935
167.76 15.4935
251.07 15.5844
234.39 15.5844
217.71 15.5844
201.03 15.5844
284.33 15.5085
267.65 15.5085
250.97 15.5085
234.28 15.5085
250.93 15.5394
234.25 15.5394
217.54 15.5394
200.86 15.5394
184.17 15.5394
167.49 15.5394
184.11 15.5087
167.46 15.5087
217.44 15.5806
200.75 15.5806
217.37 15.6455
200.69 15.6455
184.01 15.6455
167.35 15.6455
250.66 15.6205
233.98 15.6205
283.96 15.6274
267.25 15.6274
250.57 15.6274
233.88 15.6274
217.22 15.6274
200.54 15.6274
250.52 15.645
233.84 15.645
217.16 15.645
200.47 15.645
250.45 15.5184
233.77 15.5184
217.09 15.5184
200.40 15.5184
217.05 15.6639
200.34 15.6639
183.66 15.6639
166.98 15.6639
216.98 15.6644
200.30 15.6644
216.95 15.7027
200.26 15.7027
183.56 15.7027
166.90 15.7027
216.88 15.6574
200.20 15.6574
216.85 15.6036
200.16 15.6036
183.48 15.6036
166.80 15.6036
250.08 15.6403
233.42 15.6403
283.38 15.6544
266.69 15.6544
250.03 15.6544
233.35 15.6544
216.67 15.6544
199.98 15.6544
216.64 15.6558
199.96 15.6558
183.27 15.6558
166.59 15.6558
249.90 15.6539
233.21 15.6539
316.52 15.5789
299.84 15.5789
283.15 15.5789
266.47 15.5789
249.79 15.5789
233.10 15.5789
316.42 15.6695
299.73 15.6695
283.05 15.6695
266.37 15.6695
249.68 15.6695
233.00 15.6695
282.98 15.5948
266.30 15.5948
249.61 15.5948
232.93 15.5948
216.25 15.5948
199.56 15.5948
216.21 15.66
199.53 15.66
182.85 15.66
166.17 15.66
216.17 15.648
199.49 15.648
216.11 15.5935
199.43 15.5935
182.74 15.5935
166.06 15.5935
216.04 15.6037
199.36 15.6037
216.00 15.5968
199.32 15.5968
182.64 15.5968
165.95 15.5968
249.27 15.5674
232.58 15.5674
282.56 15.5803
265.88 15.5803
249.17 15.5803
232.49 15.5803
215.79 15.5803
199.15 15.5803
215.79 15.538
199.11 15.538
182.43 15.538
165.75 15.538
215.72 15.6636
199.04 15.6636
215.71 15.6808
199.03 15.6808
182.35 15.6808
165.66 15.6808
182.29 15.6532
165.60 15.6532
215.56 15.6683
198.90 15.6683
315.54 15.6166
298.86 15.6166
282.20 15.6166
265.49 15.6166
248.81 15.6166
232.13 15.6166
248.81 15.6221
232.12 15.6221
215.44 15.6221
198.73 15.6221
182.05 15.6221
165.39 15.6221
182.01 15.6339
165.35 15.6339
248.65 15.6735
231.98 15.6735
215.27 15.6735
198.59 15.6735
281.87 15.601
265.21 15.601
248.50 15.601
231.82 15.601
281.80 15.6169
265.11 15.6169
248.46 15.6169
231.78 15.6169
215.09 15.6169
198.38 15.6169
215.03 15.6707
198.34 15.6707
181.69 15.6707
164.98 15.6707
215.02 15.592
198.33 15.592
214.98 15.6329
198.30 15.6329
181.62 15.6329
164.94 15.6329
214.91 15.6186
198.22 15.6186
214.88 15.5758
198.20 15.5758
181.51 15.5758
164.83 15.5758
214.81 15.5219
198.12 15.5219
214.75 15.5193
198.06 15.5193
181.36 15.5193
164.66 15.5193
181.35 15.6228
164.66 15.6228
214.67 15.6013
197.95 15.6013
214.63 15.589
197.95 15.589
181.25 15.589
164.58 15.589
247.90 15.6511
231.19 15.6511
281.17 15.5521
264.48 15.5521
247.77 15.5521
231.12 15.5521
214.43 15.5521
197.72 15.5521
281.06 15.485
264.35 15.485
247.69 15.485
230.98 15.485
214.30 15.485
197.64 15.485
280.98 15.426
264.30 15.426
247.62 15.426
230.93 15.426
214.25 15.426
197.56 15.426
247.51 15.5174
230.83 15.5174
214.12 15.5174
197.46 15.5174
180.78 15.5174
164.10 15.5174
180.72 15.4458
164.06 15.4458
247.36 15.4118
230.69 15.4118
280.67 15.4609
263.99 15.4609
247.28 15.4609
230.59 15.4609
213.94 15.4609
197.26 15.4609
213.93 15.4585
197.25 15.4585
180.57 15.4585
163.89 15.4585
180.53 15.4142
163.85 15.4142
213.82 15.3992
197.14 15.3992
180.46 15.3992
163.78 15.3992
180.40 15.2949
163.71 15.2949
213.69 15.3488
197.01 15.3488
313.65 15.326
296.97 15.326
280.29 15.326
263.60 15.326
246.90 15.326
230.21 15.326
280.22 15.3806
263.54 15.3806
246.85 15.3806
230.17 15.3806
213.49 15.3806
196.80 15.3806
313.44 15.3898
296.76 15.3898
280.06 15.3898
263.39 15.3898
246.71 15.3898
230.03 15.3898
280.03 15.3049
263.35 15.3049
246.67 15.3049
229.96 15.3049
213.30 15.3049
196.58 15.3049
313.26 15.2212
296.58 15.2212
279.89 15.2212
263.21 15.2212
246.53 15.2212
229.84 15.2212
279.82 15.2667
263.11 15.2667
246.46 15.2667
229.78 15.2667
213.09 15.2667
196.41 15.2667
279.66 15.3246
263.01 15.3246
246.30 15.3246
229.64 15.3246
212.94 15.3246
196.25 15.3246
246.26 15.2533
229.57 15.2533
212.91 15.2533
196.21 15.2533
212.85 15.2457
196.20 15.2457
179.51 15.2457
162.81 15.2457
179.48 15.2494
162.77 15.2494
146.09 15.2494
129.41 15.2494
212.71 15.245
196.06 15.245
212.65 15.1601
195.97 15.1601
179.31 15.1601
162.61 15.1601
245.93 15.311
229.28 15.311
279.21 15.1973
262.53 15.1973
245.85 15.1973
229.19 15.1973
212.50 15.1973
195.80 15.1973
212.47 15.2985
195.79 15.2985
279.12 15.2655
262.41 15.2655
245.76 15.2655
229.07 15.2655
279.01 15.2681
262.32 15.2681
245.66 15.2681
228.95 15.2681
212.28 15.2681
195.62 15.2681
245.57 15.2929
228.89 15.2929
212.23 15.2929
195.54 15.2929
178.84 15.2929
162.16 15.2929
178.83 15.2437
162.14 15.2437
212.15 15.2271
195.47 15.2271
278.75 15.3309
262.07 15.3309
245.38 15.3309
228.73 15.3309
212.02 15.3309
195.34 15.3309
278.65 15.2416
261.96 15.2416
245.30 15.2416
228.62 15.2416
211.91 15.2416
195.25 15.2416
278.51 15.3168
261.85 15.3168
245.17 15.3168
228.46 15.3168
245.11 15.3373
228.46 15.3373
211.75 15.3373
195.09 15.3373
178.41 15.3373
161.70 15.3373
278.34 15.2857
261.65 15.2857
245.00 15.2857
228.31 15.2857
311.63 15.4039
294.94 15.4039
278.26 15.4039
261.58 15.4039
244.90 15.4039
228.24 15.4039
278.19 15.2297
261.51 15.2297
244.83 15.2297
228.17 15.2297
211.46 15.2297
194.80 15.2297
211.40 15.4019
194.74 15.4019
178.06 15.4019
161.37 15.4019
178.04 15.4178
161.36 15.4178
244.65 15.3942
227.95 15.3942
211.25 15.3942
194.60 15.3942
277.88 15.4089
261.20 15.4089
244.51 15.4089
227.86 15.4089
311.14 15.4058
294.46 15.4058
277.81 15.4058
261.12 15.4058
244.43 15.4058
227.76 15.4058
211.06 15.4058
194.39 15.4058
277.73 15.5027
261.02 15.5027
244.36 15.5027
227.68 15.5027
310.96 15.5172
294.28 15.5172
277.60 15.5172
260.89 15.5172
244.20 15.5172
227.54 15.5172
210.86 15.5172
194.18 15.5172
244.16 15.5951
227.47 15.5951
210.77 15.5951
227.44 15.5748
210.76 15.5748
194.07 15.5748
177.37 15.5748
227.37 15.5668
210.69 15.5668
194.01 15.5668
177.32 15.5668
227.33 15.5513
210.62 15.5513
227.24 15.5672
210.58 15.5672
227.23 15.5375
210.55 15.5375
193.86 15.5375
177.18 15.5375
227.17 15.5743
210.46 15.5743
227.16 15.6589
210.44 15.6589
193.79 15.6589
177.08 15.6589
193.73 15.6962
177.07 15.6962
227.02 15.6835
210.31 15.6835
293.62 15.7434
276.94 15.7434
260.26 15.7434
243.57 15.7434
293.55 15.6728
276.90 15.6728
260.19 15.6728
243.53 15.6728
226.82 15.6728
210.17 15.6728
293.47 15.7136
276.76 15.7136
260.06 15.7136
243.40 15.7136
293.40 15.6948
276.72 15.6948
260.04 15.6948
243.35 15.6948
226.67 15.6948
209.99 15.6948
226.63 15.6596
209.95 15.6596
259.93 15.7701
243.25 15.7701
226.57 15.7701
209.88 15.7701
226.53 15.7687
209.82 15.7687
259.83 15.7167
243.15 15.7167
226.46 15.7167
209.78 15.7167
226.43 15.6485
209.74 15.6485
193.06 15.6485
176.38 15.6485
226.36 15.6716
209.68 15.6716
226.32 15.6638
209.64 15.6638
259.62 15.6252
242.94 15.6252
226.25 15.6252
209.57 15.6252
259.55 15.6387
242.87 15.6387
226.18 15.6387
209.50 15.6387
292.81 15.6003
276.13 15.6003
259.44 15.6003
242.76 15.6003
292.74 15.7347
276.06 15.7347
259.37 15.7347
242.69 15.7347
226.01 15.7347
209.32 15.7347
225.97 15.7095
209.29 15.7095
192.60 15.7095
175.92 15.7095
259.23 15.6807
242.55 15.6807
325.86 15.6531
309.18 15.6531
292.50 15.6531
275.81 15.6531
259.13 15.6531
242.42 15.6531
325.75 15.6504
309.07 15.6504
292.39 15.6504
275.71 15.6504
259.02 15.6504
242.34 15.6504
325.65 15.6267
308.97 15.6267
292.28 15.6267
275.60 15.6267
258.92 15.6267
242.23 15.6267
325.55 15.5679
308.86 15.5679
292.18 15.5679
275.50 15.5679
258.81 15.5679
242.13 15.5679
225.45 15.5679
208.76 15.5679
258.74 15.6968
242.03 15.6968
225.38 15.6968
208.69 15.6968
225.36 15.5941
208.68 15.5941
191.99 15.5941
175.31 15.5941
225.27 15.5738
208.59 15.5738
225.24 15.502
208.55 15.502
191.87 15.502
175.19 15.502
191.80 15.5049
175.15 15.5049
291.80 15.5235
275.11 15.5235
258.43 15.5235
241.75 15.5235
291.73 15.5992
275.04 15.5992
258.35 15.5992
241.68 15.5992
225.00 15.5992
208.31 15.5992
224.96 15.5232
208.28 15.5232
224.92 15.5846
208.24 15.5846
191.56 15.5846
174.88 15.5846
258.19 15.3853
241.50 15.3853
224.82 15.3853
208.14 15.3853
291.47 15.3528
274.79 15.3528
258.11 15.3528
241.43 15.3528
224.74 15.3528
208.06 15.3528
291.34 15.3545
274.66 15.3545
257.98 15.3545
241.29 15.3545
224.61 15.3545
207.93 15.3545
224.58 15.3887
207.89 15.3887
191.21 15.3887
174.53 15.3887
191.20 15.502
174.49 15.502
191.14 15.4797
174.43 15.4797
257.80 15.4899
241.11 15.4899
324.39 15.3691
307.70 15.3691
291.00 15.3691
274.35 15.3691
257.63 15.3691
240.98 15.3691
290.95 15.3001
274.29 15.3001
257.61 15.3001
240.93 15.3001
224.24 15.3001
207.56 15.3001
290.88 15.4584
274.17 15.4584
257.51 15.4584
240.80 15.4584
290.75 15.2692
274.07 15.2692
257.41 15.2692
240.72 15.2692
224.05 15.2692
207.37 15.2692
224.00 15.134
207.31 15.134
257.34 15.1293
240.66 15.1293
223.97 15.1293
207.29 15.1293
257.24 15.2656
240.56 15.2656
223.85 15.2656
207.17 15.2656
290.48 15.2595
273.79 15.2595
257.11 15.2595
240.43 15.2595
223.77 15.2595
207.09 15.2595
257.04 15.1993
240.38 15.1993
223.70 15.1993
207.02 15.1993
223.63 15.0917
206.98 15.0917
190.30 15.0917
173.62 15.0917
256.93 15.0426
240.22 15.0426
323.52 15.3515
306.87 15.3515
290.16 15.3515
273.48 15.3515
256.82 15.3515
240.14 15.3515
323.42 15.3208
306.74 15.3208
290.08 15.3208
273.37 15.3208
256.72 15.3208
240.03 15.3208
289.99 15.2901
273.31 15.2901
256.65 15.2901
239.96 15.2901
223.28 15.2901
206.60 15.2901
223.27 15.3382
206.59 15.3382
189.91 15.3382
173.22 15.3382
223.18 15.3065
206.49 15.3065
223.17 15.3445
206.49 15.3445
189.80 15.3445
173.12 15.3445
189.74 15.2774
173.06 15.2774
189.71 15.255
173.00 15.255
189.65 15.2649
172.99 15.2649
256.27 15.2117
239.58 15.2117
322.89 15.4262
306.21 15.4262
289.53 15.4262
272.85 15.4262
256.16 15.4262
239.51 15.4262
289.46 15.0943
272.81 15.0943
256.12 15.0943
239.44 15.0943
222.76 15.0943
206.07 15.0943
222.72 15.0517
206.04 15.0517
189.35 15.0517
172.67 15.0517
256.00 15.0933
239.32 15.0933
289.31 15.2044
272.62 15.2044
255.94 15.2044
239.26 15.2044
222.58 15.2044
205.89 15.2044
222.54 15.2255
205.86 15.2255
189.17 15.2255
172.49 15.2255
222.44 15.4582
205.76 15.4582
222.41 15.4838
205.72 15.4838
189.04 15.4838
172.34 15.4838
255.64 15.4537
238.96 15.4537
288.96 15.4334
272.25 15.4334
255.57 15.4334
238.89 15.4334
222.21 15.4334
205.55 15.4334
222.23 15.3877
205.51 15.3877
188.86 15.3877
172.17 15.3877
255.46 15.1198
238.80 15.1198
