1028.33 12.5675
1061.70 12.6263
1045.01 12.6263
1061.69 12.8034
1045.01 12.8034
1061.69 12.6395
1045.01 12.6395
1061.70 12.8495
1045.01 12.8495
1078.38 12.7058
1061.69 12.7058
1078.38 12.769
1061.69 12.769
1095.05 12.7199
1078.38 12.7199
1078.38 12.8551
1061.69 12.8551
1111.74 12.6407
1095.06 12.6407
1111.74 12.803
1095.06 12.803
1128.42 12.9212
1111.74 12.9212
1111.74 12.7698
1095.06 12.7698
1111.74 12.7318
1095.06 12.7318
1145.10 12.8289
1128.42 12.8289
1211.83 12.8488
1195.14 12.8488
1178.46 12.8488
1161.78 12.8488
1145.10 12.8488
1128.42 12.8488
1111.74 12.8488
1095.06 12.8488
1078.38 12.8488
1061.69 12.8488
1045.01 12.8488
1028.33 12.8488
1011.65 12.8488
994.97 12.8488
978.29 12.8488
961.60 12.8488
944.92 12.8488
928.24 12.8488
911.56 12.8488
894.88 12.8488
878.20 12.8488
861.51 12.8488
844.83 12.8488
828.15 12.8488
811.47 12.8488
794.79 12.8488
778.11 12.8488
761.43 12.8488
744.75 12.8488
728.07 12.8488
711.38 12.8488
694.70 12.8488
678.02 12.8488
661.34 12.8488
644.66 12.8488
627.98 12.8488
611.29 12.8488
594.61 12.8488
577.93 12.8488
561.25 12.8488
544.57 12.8488
527.89 12.8488
511.20 12.8488
494.51 12.8488
477.84 12.8488
461.16 12.8488
444.48 12.8488
427.80 12.8488
411.12 12.8488
394.43 12.8488
377.75 12.8488
361.07 12.8488
344.39 12.8488
327.71 12.8488
311.03 12.8488
294.35 12.8488
277.66 12.8488
260.98 12.8488
244.30 12.8488
227.62 12.8488
260.98 12.8675
244.30 12.8675
277.67 12.919
260.98 12.919
294.35 13.0325
277.66 13.0325
277.66 12.8464
260.98 12.8464
294.35 13.1725
277.66 13.1725
294.35 13.0683
277.66 13.0683
311.03 13.025
294.35 13.025
311.03 12.9569
294.34 12.9569
311.03 12.9046
294.34 12.9046
327.71 12.9364
311.03 12.9364
327.71 13.0574
311.03 13.0574
344.39 12.8919
327.71 12.8919
344.39 12.8688
327.71 12.8688
361.07 12.7621
344.39 12.7621
361.07 12.9705
344.39 12.9705
377.75 12.7223
361.07 12.7223
377.75 12.9067
361.07 12.9067
394.43 13.084
377.75 13.084
394.43 12.7645
377.75 12.7645
394.44 12.9437
377.75 12.9437
411.12 13.0639
394.43 13.0639
411.09 13.0436
394.43 13.0436
427.80 13.0118
411.11 13.0118
427.80 12.8662
411.11 12.8662
427.80 12.9907
411.12 12.9907
444.48 12.9069
427.80 12.9069
427.80 12.897
411.12 12.897
444.48 13.013
427.80 13.013
444.48 12.9539
427.80 12.9539
444.48 12.9232
427.77 12.9232
461.16 12.9519
444.48 12.9519
461.16 12.737
444.48 12.737
477.84 12.8551
461.16 12.8551
477.84 12.9737
461.16 12.9737
477.84 12.9997
461.16 12.9997
494.52 12.8727
477.84 12.8727
494.52 12.9442
477.84 12.9442
494.52 13.0495
477.84 13.0495
511.20 12.8885
494.52 12.8885
511.20 12.7802
494.52 12.7802
527.92 12.8859
511.24 12.8859
527.88 12.9192
511.20 12.9192
544.57 13.0112
527.89 13.0112
544.57 12.8334
527.89 12.8334
544.57 12.8416
527.88 12.8416
544.57 12.9888
527.89 12.9888
561.25 13.0008
544.57 13.0008
561.25 12.808
544.57 12.808
577.93 12.9599
561.25 12.9599
577.90 13.0349
561.25 13.0349
594.61 12.9726
577.93 12.9726
594.61 12.8484
577.93 12.8484
594.61 12.7671
577.93 12.7671
611.29 13.0304
594.61 13.0304
611.32 13.0031
594.64 13.0031
611.32 12.8212
594.64 12.8212
628.00 12.8447
611.32 12.8447
627.98 12.9376
611.26 12.9376
644.68 13.0396
628.00 13.0396
644.66 12.8942
627.97 12.8942
644.68 12.7838
628.00 12.7838
661.34 12.9037
644.66 12.9037
661.36 13.0509
644.68 13.0509
661.37 12.8579
644.68 12.8579
678.05 12.9399
661.37 12.9399
678.04 12.9772
661.36 12.9772
694.70 13.0129
678.02 13.0129
678.02 12.5697
661.34 12.5697
711.41 12.6892
694.73 12.6892
711.41 12.7947
694.73 12.7947
711.38 12.802
694.70 12.802
711.38 12.6418
694.70 12.6418
728.07 12.7
711.38 12.7
744.75 12.8223
728.07 12.8223
728.07 12.7977
711.38 12.7977
744.75 12.6897
728.07 12.6897
744.75 12.7752
728.07 12.7752
761.43 12.9599
744.75 12.9599
761.43 13.0389
744.75 13.0389
761.40 12.8206
744.75 12.8206
778.11 12.759
761.43 12.759
778.11 12.8138
811.47 12.8077
794.79 12.8077
794.80 12.822
778.12 12.822
811.47 12.8545
794.79 12.8545
828.15 12.7632
811.47 12.7632
828.16 12.9096
811.47 12.9096
828.13 12.8209
811.47 12.8209
844.81 12.7534
828.15 12.7534
844.84 12.8236
828.15 12.8236
844.86 12.824
828.17 12.824
861.54 12.9523
844.86 12.9523
861.49 12.7942
844.81 12.7942
878.17 13.0313
861.52 13.0313
878.20 13.0048
861.51 13.0048
894.90 13.0073
878.22 13.0073
894.91 13.0409
878.23 13.0409
894.91 12.9589
878.23 12.9589
911.56 13.0043
894.88 13.0043
911.59 12.9241
894.91 12.9241
911.58 12.9611
894.90 12.9611
928.24 12.9388
911.56 12.9388
928.24 12.9975
911.56 12.9975
928.27 12.8598
911.58 12.8598
944.96 12.7748
928.27 12.7748
944.92 12.8951
928.24 12.8951
961.61 12.9291
944.93 12.9291
961.61 12.7014
944.93 12.7014
961.61 12.6987
944.92 12.6987
978.29 12.8091
961.61 12.8091
978.28 12.9156
961.61 12.9156
978.28 12.69
961.61 12.69
994.97 12.6548
978.29 12.6548
994.97 12.7887
978.29 12.7887
1011.65 12.755
994.97 12.755
1011.65 12.5812
994.97 12.5812
1011.65 12.5787
994.95 12.5787
1028.31 12.8271
1011.63 12.8271
1028.30 12.7467
1011.62 12.7467
1028.30 12.6685
1011.65 12.6685
1045.01 12.6282
1028.30 12.6282
1045.01 12.854
1028.33 12.854
1061.69 12.8236
1045.01 12.8236
1045.01 12.7891
1028.33 12.7891
1061.66 12.8241
1044.98 12.8241
1061.67 12.9828
1044.98 12.9828
1061.67 12.8943
1044.99 12.8943
1078.38 12.6236
1061.69 12.6236
1095.06 12.6993
1078.34 12.6993
1095.03 12.831
1078.37 12.831
1095.06 12.7147
1078.38 12.7147
1095.03 12.6353
1078.36 12.6353
1111.71 12.5848
1095.06 12.5848
1111.71 12.7527
1095.03 12.7527
1178.43 12.7234
1161.78 12.7234
1145.09 12.7234
1128.42 12.7234
1111.71 12.7234
1095.06 12.7234
1078.38 12.7234
1061.69 12.7234
1045.01 12.7234
1028.33 12.7234
1011.65 12.7234
994.97 12.7234
978.29 12.7234
961.61 12.7234
944.92 12.7234
928.24 12.7234
911.56 12.7234
894.88 12.7234
878.20 12.7234
861.52 12.7234
844.84 12.7234
828.15 12.7234
811.47 12.7234
794.79 12.7234
778.11 12.7234
761.43 12.7234
744.75 12.7234
728.07 12.7234
711.38 12.7234
694.70 12.7234
678.02 12.7234
661.34 12.7234
644.66 12.7234
627.98 12.7234
611.29 12.7234
594.61 12.7234
577.93 12.7234
561.25 12.7234
544.57 12.7234
527.89 12.7234
511.20 12.7234
494.52 12.7234
477.84 12.7234
461.16 12.7234
444.48 12.7234
427.80 12.7234
411.12 12.7234
394.43 12.7234
377.75 12.7234
361.07 12.7234
344.39 12.7234
327.71 12.7234
311.03 12.7234
294.34 12.7234
277.66 12.7234
260.98 12.7234
260.98 12.7839
244.30 12.7839
277.66 12.7945
260.98 12.7945
277.66 12.7289
260.98 12.7289
294.35 12.8414
277.66 12.8414
294.35 12.9749
277.66 12.9749
294.34 12.9564
277.66 12.9564
311.03 12.9498
294.35 12.9498
311.03 13.0259
294.35 13.0259
311.03 13.0576
294.35 13.0576
327.71 13.0531
311.03 13.0531
327.71 12.9949
311.03 12.9949
344.39 12.9511
327.71 12.9511
344.39 12.9316
327.71 12.9316
344.39 12.9397
327.71 12.9397
344.39 12.9827
327.71 12.9827
361.07 13.0744
344.39 13.0744
377.75 13.1592
361.07 13.1592
361.07 12.9206
344.39 12.9206
377.75 12.9058
361.07 12.9058
394.43 12.8707
377.75 12.8707
394.43 13.0677
377.75 13.0677
394.43 12.9701
377.75 12.9701
394.43 12.9505
377.75 12.9505
411.12 12.8788
394.43 12.8788
427.80 12.8689
411.12 12.8689
411.15 12.9477
394.46 12.9477
427.80 12.877
411.12 12.877
427.82 12.9266
411.14 12.9266
444.48 12.923
427.80 12.923
444.48 12.8308
427.80 12.8308
461.16 12.882
444.48 12.882
461.16 12.8918
444.48 12.8918
461.16 12.9284
444.48 12.9284
461.16 12.8714
444.48 12.8714
477.84 12.8198
461.16 12.8198
477.84 12.7868
461.16 12.7868
477.84 12.8589
461.16 12.8589
494.52 12.8447
477.84 12.8447
494.48 12.8096
477.84 12.8096
511.18 12.8593
494.50 12.8593
511.21 12.8389
494.52 12.8389
511.18 12.6817
494.50 12.6817
527.86 12.6648
511.18 12.6648
527.89 12.7419
511.20 12.7419
544.54 12.5729
527.89 12.5729
544.57 12.7482
527.89 12.7482
544.57 12.5243
527.89 12.5243
544.57 12.6843
527.89 12.6843
561.25 12.6796
544.57 12.6796
561.25 12.6541
544.57 12.6541
577.93 12.6339
561.25 12.6339
577.93 12.7836
561.25 12.7836
594.61 12.8275
577.93 12.8275
594.64 12.7391
577.96 12.7391
594.61 12.7281
577.93 12.7281
594.64 12.8587
577.96 12.8587
611.32 12.8461
594.64 12.8461
611.32 12.6095
594.64 12.6095
611.29 12.6615
594.61 12.6615
628.00 12.7502
611.32 12.7502
628.01 12.7237
611.33 12.7237
628.01 12.5572
611.33 12.5572
644.66 12.6594
627.98 12.6594
644.66 12.786
627.98 12.786
661.34 12.8388
644.66 12.8388
661.34 12.8303
644.66 12.8303
661.34 12.8489
644.66 12.8489
678.02 12.9156
661.34 12.9156
678.02 12.905
661.34 12.905
678.02 12.6474
661.34 12.6474
694.68 12.8506
678.02 12.8506
711.38 12.6178
694.70 12.6178
711.38 12.8914
694.70 12.8914
711.38 12.9206
694.67 12.9206
711.38 12.9225
694.73 12.9225
728.07 13.0221
711.38 13.0221
728.06 12.9151
711.38 12.9151
744.75 12.8956
728.04 12.8956
744.72 12.8923
728.07 12.8923
761.46 12.7793
744.77 12.7793
761.46 12.9157
744.77 12.9157
761.43 12.8827
744.72 12.8827
778.11 12.9464
761.43 12.9464
778.14 12.8956
761.46 12.8956
794.79 12.8146
778.11 12.8146
778.11 12.6735
761.43 12.6735
794.79 12.628
778.11 12.628
794.79 12.7715
778.11 12.7715
811.50 12.732
794.82 12.732
811.47 12.647
794.76 12.647
811.47 12.7708
794.79 12.7708
828.18 12.9041
811.50 12.9041
828.15 12.8946
811.47 12.8946
828.15 12.7993
811.47 12.7993
844.83 12.9293
828.15 12.9293
844.86 12.791
828.18 12.791
844.83 13.0013
828.15 13.0013
861.52 12.9141
844.84 12.9141
861.54 12.8895
844.86 12.8895
878.20 12.9696
861.51 12.9696
894.91 12.8973
878.23 12.8973
878.23 12.7115
861.54 12.7115
894.88 12.8729
878.20 12.8729
911.59 12.741
894.91 12.741
911.59 12.6449
894.89 12.6449
894.88 12.9518
878.22 12.9518
911.56 12.665
894.88 12.665
928.27 12.9309
911.59 12.9309
944.95 13.0458
928.24 13.0458
928.27 12.8869
911.59 12.8869
944.95 13.0162
928.27 13.0162
961.58 12.7688
944.92 12.7688
961.58 13.0412
944.90 13.0412
961.63 12.8814
944.95 12.8814
961.61 12.7224
944.92 12.7224
961.63 12.8866
944.95 12.8866
995.00 12.5702
978.30 12.5702
961.62 12.5702
944.93 12.5702
978.32 12.5378
961.63 12.5378
995.00 12.7307
978.32 12.7307
1011.68 12.7277
994.97 12.7277
1011.65 12.5659
995.00 12.5659
1011.68 12.5636
994.97 12.5636
1011.65 12.7827
995.00 12.7827
1028.31 12.7039
1011.65 12.7039
1011.62 12.671
994.94 12.671
1044.99 12.7107
1028.33 12.7107
1045.01 12.7754
1028.33 12.7754
1061.71 12.7822
1045.00 12.7822
1045.04 12.6289
1028.36 12.6289
1061.72 12.5709
1045.01 12.5709
1061.70 12.726
1045.02 12.726
1061.69 12.7626
1045.01 12.7626
1061.70 12.7128
1045.01 12.7128
1095.07 12.6369
1078.41 12.6369
1078.38 12.7579
1061.72 12.7579
1095.06 12.8811
1078.40 12.8811
1161.81 12.6934
1145.10 12.6934
1128.45 12.6934
1111.74 12.6934
1095.09 12.6934
1078.38 12.6934
1061.72 12.6934
1045.01 12.6934
1028.36 12.6934
1011.65 12.6934
994.97 12.6934
978.28 12.6934
961.63 12.6934
944.95 12.6934
928.25 12.6934
911.59 12.6934
894.88 12.6934
878.23 12.6934
861.52 12.6934
844.86 12.6934
828.16 12.6934
811.47 12.6934
794.77 12.6934
778.11 12.6934
761.43 12.6934
744.75 12.6934
728.09 12.6934
711.41 12.6934
694.70 12.6934
678.02 12.6934
661.37 12.6934
644.66 12.6934
628.00 12.6934
611.29 12.6934
594.61 12.6934
577.93 12.6934
561.25 12.6934
544.60 12.6934
527.89 12.6934
511.20 12.6934
494.55 12.6934
477.84 12.6934
461.16 12.6934
444.48 12.6934
427.80 12.6934
411.14 12.6934
394.46 12.6934
377.76 12.6934
361.08 12.6934
344.39 12.6934
327.71 12.6934
311.03 12.6934
294.35 12.6934
277.67 12.6934
260.98 12.6934
244.31 12.6934
244.30 12.8654
227.65 12.8654
260.98 12.6164
244.30 12.6164
277.66 12.6863
260.98 12.6863
277.64 12.7553
260.95 12.7553
277.66 12.7919
260.98 12.7919
277.66 12.7039
260.98 12.7039
294.34 12.911
277.66 12.911
311.02 12.9185
294.34 12.9185
294.32 12.9253
277.63 12.9253
311.00 12.8875
294.31 12.8875
311.03 12.9331
294.34 12.9331
327.68 12.9511
311.00 12.9511
327.71 12.8878
311.02 12.8878
344.39 12.8208
327.74 12.8208
344.36 12.8841
327.67 12.8841
361.05 12.7697
344.36 12.7697
344.38 12.8715
327.70 12.8715
361.04 12.7656
344.36 12.7656
361.05 12.8672
344.36 12.8672
377.75 12.8412
361.04 12.8412
377.72 12.7346
361.04 12.7346
394.43 12.7994
377.78 12.7994
394.43 12.9368
377.72 12.9368
394.46 12.8232
377.75 12.8232
394.43 12.948
377.75 12.948
411.09 12.8569
394.43 12.8569
411.11 12.9501
394.43 12.9501
427.80 12.9033
411.09 12.9033
427.77 12.7247
411.12 12.7247
427.77 12.6909
411.09 12.6909
444.48 12.8203
427.80 12.8203
444.48 12.8283
427.80 12.8283
444.51 12.6981
427.82 12.6981
461.16 12.6473
444.48 12.6473
461.16 12.7313
444.48 12.7313
477.84 12.714
461.19 12.714
477.84 12.6861
461.16 12.6861
477.81 12.7793
461.13 12.7793
477.84 12.8872
461.16 12.8872
494.52 12.8114
477.84 12.8114
494.50 12.9472
477.84 12.9472
511.21 12.8233
494.52 12.8233
511.18 12.8665
494.52 12.8665
527.89 12.7211
511.20 12.7211
527.89 12.9806
511.20 12.9806
527.86 12.6948
511.21 12.6948
527.86 12.8315
511.18 12.8315
527.91 12.8474
511.20 12.8474
544.60 12.7511
527.89 12.7511
544.60 12.6953
527.92 12.6953
561.25 12.9105
544.57 12.9105
561.25 12.9719
544.57 12.9719
577.96 12.9592
561.28 12.9592
577.96 12.922
561.28 12.922
577.93 13.0594
561.25 13.0594
594.64 13.0978
577.96 13.0978
594.64 13.048
577.96 13.048
594.64 13.0373
577.96 13.0373
611.32 13.0094
594.64 13.0094
611.29 13.0136
594.61 13.0136
611.29 12.992
594.61 12.992
628.00 12.8667
611.32 12.8667
644.66 13.005
627.97 13.005
644.66 13.0113
627.95 13.0113
644.66 12.9193
627.95 12.9193
644.66 12.8506
627.98 12.8506
661.34 13.046
644.66 13.046
661.34 12.863
644.63 12.863
661.34 12.7741
644.63 12.7741
677.99 12.704
661.31 12.704
694.67 12.9635
677.99 12.9635
694.66 12.832
677.99 12.832
694.70 12.8278
678.05 12.8278
711.38 12.7878
694.69 12.7878
711.38 12.9414
694.70 12.9414
728.06 13.0549
711.38 13.0549
711.38 12.9335
694.70 12.9335
728.04 12.9197
711.36 12.9197
744.77 13.0919
728.06 13.0919
744.74 13.1164
728.09 13.1164
744.77 12.9069
728.08 12.9069
744.75 12.9959
728.07 12.9959
761.45 13.1054
744.77 13.1054
761.43 13.0557
744.77 13.0557
761.46 12.8926
744.78 12.8926
778.14 12.8589
761.43 12.8589
778.11 13.0141
761.45 13.0141
794.76 13.0677
778.08 13.0677
794.82 12.9196
778.11 12.9196
811.47 12.9309
794.76 12.9309
811.44 12.9711
794.76 12.9711
811.47 12.9883
794.79 12.9883
811.50 12.7999
794.79 12.7999
828.18 12.7849
811.50 12.7849
844.84 12.8546
828.13 12.8546
844.81 12.8423
828.13 12.8423
844.84 12.799
828.16 12.799
844.80 12.8448
828.13 12.8448
861.52 12.9526
844.86 12.9526
861.52 13.0545
844.83 13.0545
861.54 12.8103
844.83 12.8103
878.20 12.9008
861.52 12.9008
878.20 12.9497
861.52 12.9497
894.85 12.9733
878.20 12.9733
894.85 12.9798
878.18 12.9798
911.56 12.908
894.91 12.908
911.56 12.9285
894.88 12.9285
928.22 13.1617
911.56 13.1617
911.53 12.8926
894.85 12.8926
928.27 12.8907
911.59 12.8907
944.95 12.9345
928.24 12.9345
944.92 13.189
928.25 13.189
944.92 12.9318
928.24 12.9318
944.95 12.952
928.24 12.952
961.61 12.9463
944.95 12.9463
961.64 13.054
944.96 13.054
961.63 12.9633
944.95 12.9633
978.29 12.8882
961.58 12.8882
994.97 12.9059
978.29 12.9059
978.29 13.1313
961.61 13.1313
978.31 12.9672
961.61 12.9672
994.94 12.8791
978.29 12.8791
994.97 13.0083
978.29 13.0083
1011.68 13.0027
995.00 13.0027
1011.68 12.8149
995.00 12.8149
1028.30 12.5745
1011.62 12.5745
1028.33 12.9165
1011.65 12.9165
1045.01 12.7835
1028.33 12.7835
1028.30 12.9662
1011.62 12.9662
1045.02 12.715
1028.36 12.715
1045.04 12.8633
1028.36 12.8633
1061.70 12.8767
1044.99 12.8767
1061.69 12.7869
1044.99 12.7869
1078.40 12.7484
1061.72 12.7484
1078.40 12.9091
1061.69 12.9091
1128.45 12.9668
1111.74 12.9668
1095.06 12.9668
1078.38 12.9668
1061.72 12.9668
1045.04 12.9668
1028.36 12.9668
1011.68 12.9668
994.97 12.9668
978.29 12.9668
961.61 12.9668
944.92 12.9668
928.24 12.9668
911.56 12.9668
894.88 12.9668
878.20 12.9668
861.52 12.9668
844.83 12.9668
828.16 12.9668
811.47 12.9668
794.82 12.9668
778.14 12.9668
761.43 12.9668
744.77 12.9668
728.06 12.9668
711.38 12.9668
694.70 12.9668
678.02 12.9668
661.34 12.9668
644.66 12.9668
627.97 12.9668
611.29 12.9668
594.61 12.9668
577.93 12.9668
561.27 12.9668
544.57 12.9668
527.91 12.9668
511.20 12.9668
494.52 12.9668
477.84 12.9668
461.15 12.9668
444.48 12.9668
427.82 12.9668
411.12 12.9668
394.44 12.9668
377.75 12.9668
361.07 12.9668
344.39 12.9668
327.70 12.9668
311.03 12.9668
294.35 12.9668
277.69 12.9668
277.69 12.9514
261.01 12.9514
244.33 12.9514
227.62 12.9514
244.30 13.0259
227.62 13.0259
261.01 12.879
244.30 12.879
261.01 12.8531
244.30 12.8531
261.01 13.1088
244.30 13.1088
277.66 13.0951
260.98 13.0951
277.66 13.0102
260.98 13.0102
277.66 12.9851
261.01 12.9851
294.34 12.9959
277.66 12.9959
311.03 13.081
294.34 13.081
311.00 13.0215
294.32 13.0215
311.00 12.985
294.32 12.985
311.00 12.9472
294.31 12.9472
327.71 13.0183
311.00 13.0183
327.71 12.9794
311.00 12.9794
327.71 12.8823
311.03 12.8823
344.36 13.0773
327.68 13.0773
344.36 13.0874
327.71 13.0874
361.04 13.0471
344.39 13.0471
361.05 12.9267
344.36 12.9267
377.73 13.0445
361.05 13.0445
377.73 13.135
361.07 13.135
377.75 13.0767
361.07 13.0767
377.75 12.9094
361.07 12.9094
394.43 13.0807
377.75 13.0807
411.12 13.1303
394.43 13.1303
394.43 13.1633
377.75 13.1633
411.11 13.0211
394.43 13.0211
411.12 13.13
394.44 13.13
427.80 13.067
411.11 13.067
427.80 13.0553
411.12 13.0553
444.48 12.9807
427.80 12.9807
444.48 13.0811
427.80 13.0811
444.48 13.0699
427.80 13.0699
444.48 13.0296
427.80 13.0296
461.16 12.8736
444.48 12.8736
477.84 13.0714
461.16 13.0714
477.84 13.0867
461.16 13.0867
477.87 13.0184
461.19 13.0184
477.87 12.988
461.19 12.988
494.55 13.1165
477.87 13.1165
494.55 13.1933
477.87 13.1933
494.55 13.0544
477.87 13.0544
494.55 13.1911
477.87 13.1911
511.20 13.0723
494.52 13.0723
527.88 13.2543
511.20 13.2543
527.91 13.1473
511.23 13.1473
527.91 13.1265
511.23 13.1265
544.60 13.256
527.91 13.256
544.60 13.3001
527.91 13.3001
544.60 13.1961
527.91 13.1961
561.27 13.1811
544.59 13.1811
577.96 13.2268
561.28 13.2268
594.64 13.2025
577.96 13.2025
594.64 13.163
577.93 13.163
611.27 13.0834
594.59 13.0834
627.95 13.208
611.27 13.208
627.95 13.3147
611.27 13.3147
611.27 13.1014
594.59 13.1014
611.29 13.189
594.64 13.189
627.97 13.1739
611.29 13.1739
627.98 13.1961
611.30 13.1961
627.97 13.0855
611.29 13.0855
644.65 13.0514
627.97 13.0514
644.65 13.1899
627.98 13.1899
661.36 13.2372
644.65 13.2372
661.31 13.1244
644.63 13.1244
678.02 12.9717
661.34 12.9717
678.05 13.0512
661.34 13.0512
677.99 13.0231
661.31 13.0231
694.67 13.0455
678.02 13.0455
694.67 13.0073
677.99 13.0073
711.36 13.198
694.67 13.198
711.38 13.137
694.70 13.137
711.39 12.9278
694.71 12.9278
728.06 13.0922
711.36 13.0922
728.09 13.1034
711.38 13.1034
744.75 12.9095
728.07 12.9095
744.72 13.0152
728.04 13.0152
744.75 13.1376
728.06 13.1376
761.43 12.9876
744.77 12.9876
761.42 13.2156
744.74 13.2156
811.47 13.1083
794.79 13.1083
811.45 13.2753
794.77 13.2753
828.12 13.0228
811.45 13.0228
844.81 13.2162
828.12 13.2162
844.83 13.036
828.13 13.036
844.81 12.8865
828.13 12.8865
844.84 13.1014
828.13 13.1014
844.81 13.077
828.13 13.077
844.81 12.8609
828.13 12.8609
844.81 12.8065
828.15 12.8065
844.81 13.0391
828.13 13.0391
861.49 13.0458
844.81 13.0458
861.49 12.9442
844.81 12.9442
861.49 12.8555
844.83 12.8555
878.17 13.1235
861.49 13.1235
861.51 13.0702
844.81 13.0702
844.81 13.0184
828.12 13.0184
861.49 13.079
844.81 13.079
861.49 13.2878
844.81 13.2878
878.17 13.2806
861.49 13.2806
861.52 13.0709
844.84 13.0709
878.20 13.0214
861.52 13.0214
878.20 13.2307
861.49 13.2307
894.86 13.2242
878.17 13.2242
894.86 13.0716
878.18 13.0716
894.88 12.9755
878.20 12.9755
911.56 13.1601
894.88 13.1601
911.56 13.0361
894.85 13.0361
911.56 12.9517
894.88 12.9517
928.24 12.9256
911.56 12.9256
928.24 13.021
911.56 13.021
928.24 12.9598
911.56 12.9598
928.24 12.9718
911.56 12.9718
944.92 13.0475
928.24 13.0475
961.61 13.1425
944.92 13.1425
961.61 13.1168
944.92 13.1168
961.61 12.9492
944.92 12.9492
978.29 13.0969
961.61 13.0969
978.29 13.1335
961.61 13.1335
978.29 13.1702
961.61 13.1702
978.29 12.9136
961.61 12.9136
994.97 13.021
978.29 13.021
994.97 13.1359
978.29 13.1359
1011.65 12.8766
994.97 12.8766
1011.65 13.0975
994.97 13.0975
1011.65 12.8393
994.97 12.8393
1028.33 13.0203
1011.65 13.0203
1028.33 13.1306
1011.65 13.1306
1028.33 12.9627
1011.65 12.9627
1028.33 13.0349
1011.65 13.0349
1045.01 13.1411
1028.33 13.1411
1045.01 13.1628
1028.33 13.1628
1045.01 13.0289
1028.33 13.0289
1061.69 12.9553
1045.01 12.9553
1061.69 13.1318
1045.02 13.1318
1061.73 13.1778
1045.04 13.1778
1078.38 13.1052
1061.69 13.1052
1161.78 13.3308
1145.10 13.3308
1128.42 13.3308
1111.74 13.3308
1095.06 13.3308
1078.38 13.3308
1061.69 13.3308
1045.01 13.3308
1028.33 13.3308
1011.65 13.3308
994.97 13.3308
978.29 13.3308
961.61 13.3308
944.92 13.3308
928.24 13.3308
911.56 13.3308
894.88 13.3308
878.20 13.3308
861.52 13.3308
844.84 13.3308
828.15 13.3308
811.47 13.3308
794.79 13.3308
778.11 13.3308
761.43 13.3308
744.75 13.3308
728.06 13.3308
711.38 13.3308
694.70 13.3308
678.02 13.3308
661.34 13.3308
644.66 13.3308
627.97 13.3308
611.29 13.3308
594.61 13.3308
577.93 13.3308
561.25 13.3308
544.57 13.3308
527.88 13.3308
511.20 13.3308
494.52 13.3308
477.84 13.3308
461.16 13.3308
444.48 13.3308
427.80 13.3308
411.11 13.3308
394.43 13.3308
377.75 13.3308
361.07 13.3308
344.39 13.3308
327.71 13.3308
311.03 13.3308
294.34 13.3308
277.66 13.3308
260.98 13.3308
260.98 13.1256
244.30 13.1256
277.66 13.1385
260.98 13.1385
277.63 13.2239
260.98 13.2239
277.66 13.3533
260.98 13.3533
277.66 13.069
260.98 13.069
294.34 13.1774
277.66 13.1774
311.03 13.2853
294.35 13.2853
311.03 13.208
294.34 13.208
311.03 13.0793
294.35 13.0793
311.03 13.2169
294.35 13.2169
327.71 13.1994
311.03 13.1994
327.71 13.2969
310.99 13.2969
327.71 13.1198
311.02 13.1198
344.39 13.2348
327.71 13.2348
344.39 13.1965
327.71 13.1965
361.07 13.3286
344.39 13.3286
361.07 13.1837
344.39 13.1837
361.07 13.2333
344.39 13.2333
377.75 13.2346
361.07 13.2346
377.75 13.1959
361.07 13.1959
377.78 13.125
361.10 13.125
377.75 13.2228
361.07 13.2228
394.44 13.2566
377.75 13.2566
394.44 13.3252
377.73 13.3252
411.12 13.3187
394.44 13.3187
411.12 13.1644
394.44 13.1644
427.80 13.2927
411.09 13.2927
427.80 13.2596
411.12 13.2596
444.48 13.0663
427.80 13.0663
444.48 13.2291
427.80 13.2291
444.48 13.1201
427.80 13.1201
461.16 13.2029
444.48 13.2029
444.48 13.0395
427.80 13.0395
461.13 13.1955
444.48 13.1955
461.16 13.1227
444.48 13.1227
461.16 13.1799
444.48 13.1799
477.84 13.0054
461.16 13.0054
477.84 13.1753
461.16 13.1753
511.20 13.2398
494.52 13.2398
511.20 13.1018
494.52 13.1018
494.52 13.1612
477.84 13.1612
494.52 13.264
477.84 13.264
511.20 13.1248
494.52 13.1248
511.20 13.2087
494.52 13.2087
527.89 13.2203
511.20 13.2203
527.89 13.174
511.21 13.174
544.57 13.1063
527.89 13.1063
527.89 13.1605
511.20 13.1605
544.57 13.0525
527.89 13.0525
544.57 13.2509
527.89 13.2509
561.25 13.0335
544.57 13.0335
561.25 13.1558
544.57 13.1558
577.93 13.0642
561.25 13.0642
577.96 13.0795
561.27 13.0795
577.96 13.1291
561.28 13.1291
577.96 13.0967
561.28 13.0967
594.64 13.1963
577.96 13.1963
594.64 13.0452
577.96 13.0452
611.32 13.1958
594.64 13.1958
611.32 13.1439
594.64 13.1439
611.32 13.2273
594.64 13.2273
628.01 13.307
611.32 13.307
628.00 13.3497
611.32 13.3497
628.00 13.3653
611.32 13.3653
644.69 13.3619
628.01 13.3619
644.69 13.3463
628.00 13.3463
644.66 13.4199
627.98 13.4199
644.66 13.355
627.98 13.355
661.34 13.4256
644.66 13.4256
678.02 13.3716
661.34 13.3716
661.34 13.4352
644.66 13.4352
678.02 13.5058
661.34 13.5058
678.02 13.3951
661.34 13.3951
694.70 13.3945
677.99 13.3945
694.67 13.4846
677.99 13.4846
694.67 13.3872
677.99 13.3872
711.35 13.4359
694.67 13.4359
711.35 13.451
694.67 13.451
728.03 13.5478
711.36 13.5478
728.04 13.4802
711.36 13.4802
728.03 13.4094
711.38 13.4094
744.72 13.3799
728.03 13.3799
744.72 13.5323
728.03 13.5323
744.72 13.4582
728.04 13.4582
744.76 13.5561
728.05 13.5561
761.42 13.5633
744.72 13.5633
761.43 13.4926
744.72 13.4926
761.43 13.5357
744.75 13.5357
778.11 13.4786
761.43 13.4786
778.11 13.468
761.43 13.468
794.79 13.6174
778.11 13.6174
794.79 13.4783
778.11 13.4783
794.79 13.4258
778.11 13.4258
811.50 13.3372
794.82 13.3372
811.50 13.4479
794.79 13.4479
811.50 13.4156
794.82 13.4156
811.47 13.359
794.79 13.359
828.18 13.386
811.50 13.386
828.15 13.4552
811.47 13.4552
844.84 13.5482
828.15 13.5482
844.87 13.4863
828.19 13.4863
844.86 13.5337
828.18 13.5337
861.52 13.4953
844.84 13.4953
861.54 13.4948
844.86 13.4948
878.20 13.3508
861.52 13.3508
878.20 13.3691
861.52 13.3691
878.20 13.3769
861.52 13.3769
878.20 13.3673
861.52 13.3673
894.90 13.1855
878.22 13.1855
894.88 13.2542
878.20 13.2542
911.56 13.1554
894.88 13.1554
894.88 13.1619
878.20 13.1619
911.53 13.052
894.88 13.052
928.24 13.1549
911.56 13.1549
928.21 13.116
911.54 13.116
928.24 13.1199
911.56 13.1199
944.92 12.9625
928.22 12.9625
944.92 13.0968
928.22 13.0968
944.92 13.0887
928.25 13.0887
944.95 13.0231
928.25 13.0231
961.58 12.9839
944.93 12.9839
961.58 13.1843
944.92 13.1843
978.26 13.1264
961.60 13.1264
978.26 13.1297
961.61 13.1297
994.97 13.0755
978.31 13.0755
995.00 13.2419
978.32 13.2419
995.00 13.0737
978.32 13.0737
994.97 13.1036
978.26 13.1036
995.00 13.2089
978.32 13.2089
1011.65 13.3165
994.97 13.3165
1011.65 13.0909
994.97 13.0909
1028.30 13.2012
1011.63 13.2012
1028.33 12.9329
1011.65 12.9329
1045.01 13.1836
1028.33 13.1836
1045.02 13.2922
1028.33 13.2922
1045.01 13.0202
1028.33 13.0202
1078.38 13.7247
1061.69 13.7247
1045.01 13.7247
1028.33 13.7247
1011.65 13.7247
994.97 13.7247
978.29 13.7247
961.61 13.7247
944.93 13.7247
928.22 13.7247
911.56 13.7247
894.88 13.7247
878.20 13.7247
861.49 13.7247
844.84 13.7247
828.15 13.7247
811.47 13.7247
794.79 13.7247
778.10 13.7247
761.43 13.7247
744.75 13.7247
728.07 13.7247
711.38 13.7247
694.70 13.7247
678.02 13.7247
661.34 13.7247
644.63 13.7247
627.95 13.7247
611.27 13.7247
594.59 13.7247
577.93 13.7247
561.25 13.7247
544.57 13.7247
527.88 13.7247
511.20 13.7247
494.52 13.7247
477.84 13.7247
461.16 13.7247
444.48 13.7247
427.80 13.7247
411.08 13.7247
394.41 13.7247
377.75 13.7247
361.05 13.7247
344.39 13.7247
327.71 13.7247
311.03 13.7247
294.32 13.7247
277.64 13.7247
260.98 13.7247
244.30 13.7247
227.62 13.7247
227.62 13.8192
210.94 13.8192
227.62 13.8592
210.94 13.8592
244.30 13.6995
227.62 13.6995
244.30 13.7366
227.62 13.7366
260.98 13.5133
244.30 13.5133
260.98 13.6903
244.30 13.6903
260.98 13.5946
244.30 13.5946
277.66 13.6092
260.98 13.6092
277.66 13.4415
260.98 13.4415
277.66 13.4574
260.98 13.4574
294.34 13.2878
277.66 13.2878
294.34 13.3958
277.66 13.3958
311.02 13.2547
294.35 13.2547
294.35 13.4851
277.66 13.4851
327.70 13.4713
311.03 13.4713
327.71 13.5139
311.01 13.5139
327.71 13.2717
311.03 13.2717
327.71 13.5218
311.03 13.5218
344.39 13.3787
327.71 13.3787
344.39 13.5629
327.70 13.5629
344.39 13.4466
327.71 13.4466
361.07 13.727
344.39 13.727
361.09 13.657
344.41 13.657
377.75 13.5465
361.07 13.5465
377.75 13.5698
361.07 13.5698
377.76 13.6413
361.07 13.6413
377.78 13.6999
361.10 13.6999
394.44 13.6329
377.75 13.6329
394.46 13.6305
377.78 13.6305
394.48 13.7901
377.80 13.7901
411.16 13.6708
394.48 13.6708
411.12 13.6982
394.43 13.6982
427.80 13.5339
411.11 13.5339
427.80 13.7432
411.11 13.7432
427.80 13.7187
411.12 13.7187
444.48 13.6697
427.80 13.6697
444.48 13.6806
427.80 13.6806
444.48 13.7565
427.77 13.7565
461.13 13.8584
444.45 13.8584
461.13 13.7046
444.45 13.7046
477.82 13.823
461.16 13.823
477.84 13.9394
461.14 13.9394
477.78 13.7641
461.16 13.7641
494.50 13.781
477.84 13.781
494.52 13.7074
477.84 13.7074
494.52 13.8201
477.84 13.8201
511.21 13.5711
494.52 13.5711
511.20 13.7028
494.52 13.7028
511.21 13.5573
494.52 13.5573
511.21 13.679
494.52 13.679
527.89 13.5411
511.21 13.5411
527.89 13.656
511.20 13.656
544.57 13.6679
527.89 13.6679
544.57 13.5569
527.89 13.5569
544.57 13.5904
527.89 13.5904
561.25 13.5712
544.57 13.5712
561.25 13.5547
544.57 13.5547
561.25 13.6775
544.57 13.6775
577.93 13.6274
561.25 13.6274
577.93 13.703
561.25 13.703
594.64 13.6637
577.96 13.6637
577.93 13.7265
561.25 13.7265
594.61 13.7414
577.93 13.7414
594.61 13.7099
577.93 13.7099
611.30 13.68
594.61 13.68
611.29 13.6878
594.61 13.6878
627.97 13.5391
611.29 13.5391
627.97 13.4125
611.29 13.4125
644.66 13.5557
627.98 13.5557
627.98 13.4816
611.29 13.4816
644.66 13.4029
627.98 13.4029
644.66 13.419
627.98 13.419
661.34 13.2706
644.66 13.2706
661.37 13.3511
644.68 13.3511
678.02 13.1144
661.34 13.1144
678.02 13.0154
661.34 13.0154
678.02 13.1553
661.34 13.1553
678.02 13.2498
661.34 13.2498
694.70 13.0411
678.02 13.0411
694.73 13.1517
678.04 13.1517
711.38 13.0018
694.70 13.0018
711.38 13.1383
694.70 13.1383
711.38 12.9703
694.70 12.9703
711.38 13.1329
694.70 13.1329
728.07 13.0677
711.38 13.0677
728.07 13.0744
711.38 13.0744
728.06 13.0989
711.38 13.0989
744.75 13.1445
728.07 13.1445
744.75 13.2005
728.07 13.2005
761.43 13.3096
744.75 13.3096
761.43 13.3355
744.75 13.3355
761.43 13.3161
744.75 13.3161
778.11 13.3671
761.43 13.3671
778.11 13.2934
761.43 13.2934
778.11 13.2861
761.43 13.2861
794.79 13.348
778.11 13.348
811.47 13.4337
794.79 13.4337
794.80 13.2966
778.12 13.2966
828.15 13.1978
811.47 13.1978
828.15 13.2678
811.47 13.2678
828.15 13.2535
811.47 13.2535
828.15 13.3409
811.47 13.3409
828.13 13.1657
811.45 13.1657
844.83 13.2208
828.15 13.2208
844.84 13.2093
828.15 13.2093
844.84 13.2943
828.16 13.2943
861.54 13.2
844.86 13.2
861.52 13.316
844.83 13.316
878.20 13.2192
861.52 13.2192
878.20 13.306
861.52 13.306
878.20 13.1472
861.52 13.1472
878.20 13.3723
861.52 13.3723
894.88 13.1136
878.20 13.1136
894.91 13.1002
878.23 13.1002
911.56 12.9137
894.88 12.9137
911.56 13.088
894.88 13.088
911.56 13.0986
894.88 13.0986
911.59 13.1409
894.88 13.1409
911.59 12.99
894.91 12.99
928.27 13.1518
911.59 13.1518
928.24 13.0854
911.56 13.0854
928.27 13.1497
911.59 13.1497
944.93 13.0295
928.24 13.0295
961.63 13.2171
944.95 13.2171
944.92 13.3022
928.24 13.3022
961.61 13.2429
944.90 13.2429
978.32 13.2397
961.63 13.2397
978.29 13.268
961.61 13.268
978.31 13.1144
961.63 13.1144
978.31 13.3026
961.63 13.3026
995.00 13.2137
978.32 13.2137
994.97 13.3182
978.25 13.3182
994.94 13.1285
978.26 13.1285
994.95 13.2897
978.26 13.2897
1011.65 13.1366
994.97 13.1366
1011.65 13.2221
994.94 13.2221
1028.33 13.3417
1011.65 13.3417
1028.33 13.1355
1011.65 13.1355
1028.33 13.1334
1011.62 13.1334
1045.01 13.1449
1028.33 13.1449
1128.42 12.9208
1111.74 12.9208
1095.06 12.9208
1078.35 12.9208
1061.69 12.9208
1044.99 12.9208
1028.30 12.9208
1011.65 12.9208
994.97 12.9208
978.28 12.9208
961.61 12.9208
944.92 12.9208
928.24 12.9208
911.53 12.9208
894.87 12.9208
878.17 12.9208
861.49 12.9208
844.81 12.9208
828.15 12.9208
811.47 12.9208
794.79 12.9208
778.11 12.9208
761.43 12.9208
744.75 12.9208
728.07 12.9208
711.38 12.9208
694.67 12.9208
677.99 12.9208
661.31 12.9208
644.66 12.9208
627.97 12.9208
611.27 12.9208
594.61 12.9208
577.93 12.9208
561.25 12.9208
544.54 12.9208
527.88 12.9208
511.20 12.9208
494.50 12.9208
477.81 12.9208
461.13 12.9208
444.48 12.9208
427.77 12.9208
411.12 12.9208
394.41 12.9208
377.75 12.9208
361.07 12.9208
344.39 12.9208
327.71 12.9208
311.00 12.9208
294.34 12.9208
277.66 12.9208
260.98 12.9208
244.30 12.9208
227.62 12.9208
210.93 12.9208
244.30 13.2823
227.62 13.2823
244.30 13.2754
227.62 13.2754
260.98 13.1582
244.30 13.1582
260.98 13.2092
244.30 13.2092
277.66 13.1619
260.98 13.1619
277.66 13.2639
260.98 13.2639
277.66 13.2608
260.98 13.2608
294.34 13.2556
277.66 13.2556
294.34 13.3535
277.66 13.3535
294.34 13.4196
277.66 13.4196
311.02 13.3066
294.34 13.3066
311.02 13.3097
294.34 13.3097
311.02 13.2705
294.35 13.2705
311.03 13.2959
294.35 13.2959
327.71 13.2498
311.02 13.2498
327.71 13.2846
311.02 13.2846
344.39 13.3164
327.71 13.3164
344.39 13.349
327.71 13.349
344.39 13.2121
327.71 13.2121
361.07 13.2786
344.39 13.2786
361.07 13.1631
344.39 13.1631
361.07 13.2275
344.39 13.2275
361.07 13.0959
344.39 13.0959
377.75 13.2235
361.07 13.2235
394.44 13.3132
377.75 13.3132
394.43 13.2183
377.75 13.2183
394.44 13.1793
377.75 13.1793
411.12 13.2624
394.43 13.2624
411.12 13.2797
394.44 13.2797
411.12 13.1194
394.44 13.1194
411.12 13.066
394.44 13.066
427.80 13.1484
411.12 13.1484
427.80 13.181
411.11 13.181
444.48 12.9687
427.80 12.9687
444.48 12.9758
427.80 12.9758
444.48 13.1241
427.80 13.1241
461.16 13.2226
444.48 13.2226
461.16 13.055
444.48 13.055
461.16 13.0068
444.48 13.0068
461.16 13.268
444.48 13.268
477.84 13.1265
461.16 13.1265
477.84 13.0577
461.16 13.0577
494.52 13.0323
477.84 13.0323
494.52 13.1578
477.84 13.1578
511.20 13.1808
494.52 13.1808
494.52 13.1851
477.84 13.1851
511.21 13.0205
494.52 13.0205
511.21 13.1728
494.52 13.1728
527.89 13.1898
511.21 13.1898
527.89 13.144
511.21 13.144
527.89 13.126
511.21 13.126
544.57 13.1668
527.89 13.1668
544.57 13.3347
527.89 13.3347
544.57 13.3642
527.88 13.3642
561.25 13.3222
544.57 13.3222
561.25 13.5378
544.57 13.5378
561.25 13.4531
544.57 13.4531
577.93 13.2866
561.25 13.2866
577.93 13.1663
561.25 13.1663
594.61 13.2425
577.93 13.2425
594.61 13.4265
577.93 13.4265
594.61 13.3687
577.93 13.3687
594.61 13.0979
577.93 13.0979
611.29 13.2136
594.61 13.2136
627.98 13.4095
611.29 13.4095
611.30 13.1716
594.61 13.1716
627.98 13.0155
611.29 13.0155
627.98 13.0689
611.29 13.0689
644.66 13.2749
627.97 13.2749
644.66 13.2176
627.97 13.2176
644.66 13.119
627.98 13.119
661.34 13.1759
644.65 13.1759
661.34 13.1546
644.65 13.1546
661.34 13.0137
644.65 13.0137
678.02 13.147
661.34 13.147
678.02 13.1179
661.34 13.1179
694.70 13.0788
678.02 13.0788
694.70 13.1212
678.02 13.1212
694.70 12.8821
678.02 12.8821
694.70 13.1067
678.02 13.1067
711.38 13.0247
694.70 13.0247
711.38 12.8785
694.70 12.8785
728.07 13.0366
711.38 13.0366
728.07 13.2022
711.38 13.2022
728.06 13.2408
711.38 13.2408
728.06 13.1345
711.38 13.1345
744.75 12.9724
728.06 12.9724
744.75 13.2128
728.07 13.2128
761.43 13.0756
744.75 13.0756
744.75 13.1504
728.06 13.1504
761.42 13.051
744.74 13.051
761.42 13.2325
744.75 13.2325
778.11 13.3792
761.43 13.3792
778.14 13.1434
761.46 13.1434
794.79 13.1123
778.11 13.1123
794.79 13.2659
778.11 13.2659
794.79 13.2363
778.11 13.2363
794.79 13.0086
778.11 13.0086
811.47 13.028
794.79 13.028
811.47 13.2
794.79 13.2
828.15 13.3416
811.47 13.3416
828.15 13.0791
811.47 13.0791
844.86 13.1676
828.18 13.1676
828.15 13.0005
811.47 13.0005
844.84 13.2233
828.15 13.2233
844.84 13.2142
828.15 13.2142
861.52 13.229
844.84 13.229
861.52 13.1059
844.84 13.1059
878.20 13.012
861.52 13.012
878.20 13.1811
861.52 13.1811
878.20 13.2155
861.49 13.2155
878.20 13.1413
861.51 13.1413
894.88 13.1131
878.20 13.1131
894.88 13.0953
878.20 13.0953
894.88 12.971
878.20 12.971
911.56 13.1827
894.88 13.1827
911.56 13.217
894.88 13.217
911.56 13.2041
894.88 13.2041
928.24 13.0629
911.56 13.0629
928.25 13.1305
911.56 13.1305
928.24 13.2496
911.56 13.2496
928.24 13.2168
911.56 13.2168
944.93 13.0786
928.24 13.0786
944.93 13.1972
928.24 13.1972
961.58 13.249
944.92 13.249
961.61 13.1266
944.93 13.1266
961.61 13.1583
944.93 13.1583
978.29 13.198
961.61 13.198
978.29 13.4885
961.61 13.4885
978.27 13.2723
961.61 13.2723
994.97 13.2259
978.29 13.2259
994.97 13.3089
978.29 13.3089
994.97 13.3957
978.29 13.3957
1011.65 13.1725
994.97 13.1725
1011.65 13.3366
994.97 13.3366
1011.65 13.2755
994.94 13.2755
1028.33 13.3373
1011.65 13.3373
1078.38 13.201
1061.69 13.201
1045.01 13.201
1028.31 13.201
1011.65 13.201
994.97 13.201
978.29 13.201
961.61 13.201
944.92 13.201
928.22 13.201
911.56 13.201
894.88 13.201
878.20 13.201
861.52 13.201
844.84 13.201
828.13 13.201
811.47 13.201
794.79 13.201
778.11 13.201
761.43 13.201
744.75 13.201
728.03 13.201
711.38 13.201
694.70 13.201
678.02 13.201
661.34 13.201
644.66 13.201
627.97 13.201
611.29 13.201
594.61 13.201
577.93 13.201
561.25 13.201
544.57 13.201
527.89 13.201
511.20 13.201
494.52 13.201
477.84 13.201
461.16 13.201
444.48 13.201
427.80 13.201
411.12 13.201
394.43 13.201
377.75 13.201
361.07 13.201
344.39 13.201
327.68 13.201
311.02 13.201
294.35 13.201
277.66 13.201
260.98 13.201
244.30 13.201
227.62 13.201
227.62 13.2445
210.94 13.2445
227.62 13.3345
210.94 13.3345
244.32 13.2072
227.63 13.2072
244.32 13.1731
227.63 13.1731
244.30 13.1908
227.62 13.1908
244.33 13.1678
227.65 13.1678
261.01 13.3484
244.33 13.3484
261.01 13.2458
244.33 13.2458
277.69 13.2717
261.01 13.2717
277.69 13.3482
261.01 13.3482
277.69 13.3788
261.00 13.3788
277.66 13.3098
260.98 13.3098
294.35 13.5061
277.67 13.5061
294.35 13.3845
277.69 13.3845
294.37 13.2927
277.66 13.2927
311.06 13.3411
294.35 13.3411
311.02 13.3164
294.34 13.3164
311.02 13.4835
294.32 13.4835
327.68 13.3066
311.00 13.3066
327.68 13.0387
311.00 13.0387
344.36 13.2645
327.68 13.2645
344.42 13.0439
327.71 13.0439
344.42 13.3691
327.71 13.3691
344.36 13.0799
327.71 13.0799
361.07 13.1617
344.42 13.1617
377.78 13.1954
361.10 13.1954
361.05 12.9797
344.39 12.9797
377.75 13.035
361.07 13.035
377.78 13.2734
361.10 13.2734
394.43 13.192
377.73 13.192
394.46 13.2283
377.78 13.2283
394.46 13.1561
377.78 13.1561
394.46 13.1204
377.75 13.1204
411.12 13.2158
394.43 13.2158
411.12 12.9888
444.50 13.007
427.81 13.007
444.48 13.0556
427.76 13.0556
461.16 13.1701
444.45 13.1701
461.14 12.9851
444.44 12.9851
461.16 12.8556
444.48 12.8556
461.13 13.0696
444.45 13.0696
477.81 13.1349
461.13 13.1349
477.81 12.9188
461.13 12.9188
477.81 12.9399
461.13 12.9399
494.52 13.016
477.81 13.016
494.52 13.0776
477.81 13.0776
494.50 12.9369
477.84 12.9369
511.21 12.8812
494.49 12.8812
511.20 12.9966
494.50 12.9966
511.18 13.0151
494.52 13.0151
527.86 12.8766
511.20 12.8766
527.91 12.9063
511.23 12.9063
527.91 12.9831
511.23 12.9831
544.57 13.0335
527.88 13.0335
544.57 12.8719
527.89 12.8719
544.59 13.0221
527.91 13.0221
561.28 13.1283
544.60 13.1283
561.25 13.2303
544.57 13.2303
561.28 13.1053
544.60 13.1053
577.96 13.1093
561.28 13.1093
577.96 13.0359
561.28 13.0359
594.61 13.1821
577.93 13.1821
577.96 12.9725
561.28 12.9725
594.64 12.9262
577.95 12.9262
594.61 13.0751
577.93 13.0751
611.29 13.2392
594.61 13.2392
611.32 13.0066
594.64 13.0066
611.32 13.0409
594.64 13.0409
627.98 13.0638
611.29 13.0638
627.98 13.1912
611.26 13.1912
627.95 13.0333
611.29 13.0333
644.69 13.1028
628.01 13.1028
661.34 13.0026
644.68 13.0026
661.37 13.0321
644.66 13.0321
644.63 13.0163
627.95 13.0163
661.34 12.9728
644.69 12.9728
661.37 13.0115
644.66 13.0115
678.05 13.0843
661.34 13.0843
678.05 13.0225
661.34 13.0225
694.70 13.0548
678.02 13.0548
694.70 13.0788
678.02 13.0788
694.70 13.1412
678.05 13.1412
711.36 13.1624
694.70 13.1624
711.38 13.153
694.70 13.153
711.36 13.2833
694.70 13.2833
728.07 13.1138
711.41 13.1138
728.07 13.145
711.38 13.145
744.78 13.0931
728.07 13.0931
744.77 13.1738
728.07 13.1738
744.77 13.222
728.07 13.222
744.74 13.2038
728.06 13.2038
744.72 13.2705
728.06 13.2705
761.42 13.4052
744.77 13.4052
761.43 13.3017
744.77 13.3017
761.43 13.2603
744.77 13.2603
794.76 13.1629
778.08 13.1629
794.76 13.194
778.08 13.194
794.82 13.2646
778.11 13.2646
794.82 13.1215
778.11 13.1215
811.47 13.1195
794.77 13.1195
811.47 13.2164
794.76 13.2164
828.13 13.329
811.45 13.329
828.12 13.2913
811.47 13.2913
828.12 13.2213
811.47 13.2213
844.83 13.1906
828.18 13.1906
844.84 13.256
828.18 13.256
844.84 13.0372
828.15 13.0372
861.49 12.9016
844.81 12.9016
861.49 13.0366
844.81 13.0366
861.52 13.0424
844.81 13.0424
861.55 13.0182
844.84 13.0182
878.17 13.0033
861.49 13.0033
878.18 13.0793
861.50 13.0793
894.86 13.1453
878.20 13.1453
894.85 13.0634
878.20 13.0634
978.26 13.176
961.61 13.176
944.90 13.176
928.22 13.176
911.53 13.176
894.85 13.176
911.53 13.0858
894.85 13.0858
911.56 13.0488
894.85 13.0488
928.24 13.0288
911.53 13.0288
928.24 13.0205
911.54 13.0205
928.22 12.9107
911.54 12.9107
944.89 12.9633
928.21 12.9633
944.89 13.0178
928.24 13.0178
944.90 13.0437
928.24 13.0437
944.92 12.9612
928.24 12.9612
961.60 12.8982
944.95 12.8982
961.59 12.9693
944.94 12.9693
978.29 13.156
961.61 13.156
961.61 13.082
944.89 13.082
978.29 13.1366
961.58 13.1366
994.97 13.2088
978.28 13.2088
994.97 13.266
978.26 13.266
994.97 13.1102
978.29 13.1102
1011.65 13.1321
994.97 13.1321
1011.66 13.2503
994.97 13.2503
1011.65 13.1713
994.97 13.1713
1028.33 13.1595
1011.65 13.1595
1028.31 13.1719
1011.62 13.1719
1028.33 13.1536
1011.62 13.1536
1095.06 13.0842
1078.35 13.0842
1061.69 13.0842
1044.98 13.0842
1028.33 13.0842
1011.62 13.0842
994.97 13.0842
978.29 13.0842
961.61 13.0842
944.93 13.0842
928.25 13.0842
911.56 13.0842
894.86 13.0842
878.20 13.0842
861.52 13.0842
844.84 13.0842
828.15 13.0842
811.47 13.0842
794.79 13.0842
778.11 13.0842
761.43 13.0842
744.75 13.0842
728.07 13.0842
711.38 13.0842
694.70 13.0842
678.02 13.0842
661.34 13.0842
644.66 13.0842
627.98 13.0842
611.30 13.0842
594.62 13.0842
577.93 13.0842
561.25 13.0842
544.57 13.0842
527.89 13.0842
511.21 13.0842
494.50 13.0842
477.84 13.0842
461.16 13.0842
444.48 13.0842
427.80 13.0842
411.12 13.0842
394.44 13.0842
377.75 13.0842
361.07 13.0842
344.39 13.0842
327.71 13.0842
311.00 13.0842
294.35 13.0842
277.66 13.0842
260.98 13.0842
244.30 13.0842
227.62 13.0842
210.94 13.0842
244.30 13.3031
227.62 13.3031
261.01 13.1676
244.33 13.1676
260.98 13.1496
244.30 13.1496
260.97 13.094
244.30 13.094
277.66 13.1833
260.98 13.1833
277.66 13.085
260.98 13.085
277.66 13.1441
260.98 13.1441
294.34 13.1016
277.64 13.1016
294.35 13.188
277.66 13.188
311.03 13.2159
294.35 13.2159
311.03 13.0641
294.34 13.0641
311.00 13.0005
294.34 13.0005
311.01 13.0225
294.34 13.0225
327.70 13.1206
311.02 13.1206
327.71 12.9817
311.02 12.9817
327.70 13.1106
311.02 13.1106
344.39 13.1111
327.71 13.1111
361.07 13.0866
344.39 13.0866
344.39 13.1966
327.71 13.1966
344.39 13.0684
327.71 13.0684
361.07 13.0794
344.39 13.0794
377.75 13.1446
361.07 13.1446
361.07 13.1066
344.39 13.1066
377.75 13.0221
361.07 13.0221
394.41 13.0985
377.75 13.0985
394.44 13.0243
377.75 13.0243
394.43 12.945
377.75 12.945
394.43 12.9279
377.75 12.9279
411.12 13.1116
394.44 13.1116
411.12 13.1891
394.44 13.1891
411.12 13.1762
394.44 13.1762
427.80 13.2563
411.11 13.2563
427.80 13.175
411.12 13.175
444.48 13.1679
427.80 13.1679
444.48 13.0626
427.80 13.0626
444.48 13.1145
427.80 13.1145
461.16 13.2526
444.48 13.2526
461.16 13.0973
444.48 13.0973
461.16 13.2437
444.48 13.2437
461.16 13.1783
444.48 13.1783
477.84 13.1966
461.16 13.1966
477.84 13.1972
461.16 13.1972
477.84 13.1089
461.16 13.1089
494.52 13.0631
477.84 13.0631
494.55 13.2817
477.87 13.2817
511.23 13.19
494.55 13.19
494.52 13.1606
477.84 13.1606
511.20 13.1341
494.52 13.1341
527.92 13.2759
511.23 13.2759
527.91 13.2859
511.23 13.2859
527.86 13.2381
511.20 13.2381
527.91 13.2336
511.23 13.2336
544.60 13.3923
527.91 13.3923
544.60 13.5492
527.92 13.5492
561.28 13.2896
544.59 13.2896
561.25 13.3134
544.57 13.3134
561.28 13.3305
544.60 13.3305
577.96 13.3883
561.28 13.3883
577.93 13.2726
561.25 13.2726
577.96 13.2163
561.28 13.2163
594.64 13.3198
577.96 13.3198
594.64 13.4177
577.96 13.4177
594.62 13.0169
577.93 13.0169
611.30 13.1781
594.61 13.1781
611.29 13.1966
594.64 13.1966
611.30 13.3561
594.65 13.3561
627.95 13.0678
611.29 13.0678
628.00 13.127
611.32 13.127
627.95 13.2217
611.26 13.2217
644.68 13.2977
627.97 13.2977
644.65 13.2599
627.97 13.2599
644.68 13.172
627.97 13.172
661.31 13.1169
644.62 13.1169
661.34 13.2878
644.69 13.2878
661.34 13.1637
644.63 13.1637
678.02 13.0388
661.36 13.0388
678.02 13.2867
661.33 13.2867
678.05 13.1186
661.37 13.1186
694.70 13.2669
678.02 13.2669
694.73 13.2024
678.02 13.2024
694.73 13.1897
678.02 13.1897
711.41 13.2602
694.70 13.2602
711.41 13.2023
694.73 13.2023
711.39 13.1859
694.73 13.1859
728.09 13.2975
711.41 13.2975
728.06 13.1395
711.38 13.1395
728.06 13.0336
711.38 13.0336
744.78 13.0465
728.09 13.0465
744.72 13.1688
728.04 13.1688
744.75 13.0945
728.04 13.0945
761.43 13.1047
744.75 13.1047
761.43 13.1225
744.75 13.1225
761.41 13.1994
744.73 13.1994
778.11 13.2605
761.43 13.2605
778.11 13.1163
761.41 13.1163
778.08 13.0715
761.40 13.0715
794.79 13.1979
778.12 13.1979
794.76 13.2503
778.11 13.2503
794.76 13.2422
778.11 13.2422
811.47 13.1839
794.79 13.1839
811.47 13.2765
794.82 13.2765
811.50 13.2319
794.82 13.2319
811.47 13.1035
794.79 13.1035
811.47 13.1156
794.79 13.1156
828.16 13.1686
811.48 13.1686
828.15 13.2009
811.50 13.2009
844.86 13.0331
828.16 13.0331
844.84 13.054
828.18 13.054
844.84 13.1362
828.18 13.1362
861.49 13.2021
844.81 13.2021
861.49 12.9772
844.83 12.9772
861.52 13.0318
844.83 13.0318
878.20 12.8896
861.52 12.8896
878.20 13.1847
861.51 13.1847
878.20 13.0961
861.52 13.0961
878.20 13.2478
861.52 13.2478
894.88 13.2978
878.17 13.2978
894.88 13.2499
878.20 13.2499
894.90 13.2852
878.22 13.2852
911.56 13.3149
894.91 13.3149
911.59 13.19
894.88 13.19
928.27 13.3165
911.59 13.3165
911.59 13.2394
894.91 13.2394
928.24 13.1869
911.56 13.1869
928.27 13.3183
911.55 13.3183
944.92 13.4745
928.25 13.4745
944.93 13.5228
928.22 13.5228
944.91 13.5079
928.22 13.5079
961.58 13.5447
944.92 13.5447
961.59 13.46
944.93 13.46
961.62 13.3994
944.94 13.3994
961.58 13.286
944.90 13.286
978.27 13.3685
961.58 13.3685
978.26 13.5225
961.58 13.5225
978.26 13.521
961.58 13.521
994.97 13.5042
978.26 13.5042
994.97 13.4793
978.26 13.4793
1011.65 13.5297
994.97 13.5297
1061.72 13.1223
1045.01 13.1223
1028.33 13.1223
1011.67 13.1223
995.00 13.1223
978.32 13.1223
961.63 13.1223
944.95 13.1223
928.27 13.1223
911.59 13.1223
894.90 13.1223
878.22 13.1223
861.54 13.1223
844.86 13.1223
828.15 13.1223
811.47 13.1223
794.79 13.1223
778.11 13.1223
761.45 13.1223
744.77 13.1223
728.06 13.1223
711.38 13.1223
694.73 13.1223
678.02 13.1223
661.36 13.1223
644.68 13.1223
627.97 13.1223
611.29 13.1223
594.61 13.1223
577.96 13.1223
561.28 13.1223
544.58 13.1223
527.88 13.1223
511.23 13.1223
494.55 13.1223
477.84 13.1223
461.16 13.1223
444.51 13.1223
427.82 13.1223
411.14 13.1223
394.46 13.1223
377.75 13.1223
361.06 13.1223
344.39 13.1223
327.73 13.1223
311.03 13.1223
294.35 13.1223
277.69 13.1223
261.01 13.1223
244.33 13.1223
227.64 13.1223
210.96 13.1223
227.62 13.1919
210.94 13.1919
260.96 13.1893
244.27 13.1893
260.98 13.0307
244.29 13.0307
260.98 13.0983
244.30 13.0983
277.63 13.2354
260.95 13.2354
260.99 13.2434
244.30 13.2434
260.98 13.3103
244.33 13.3103
511.18 13.1915
494.52 13.1915
477.81 13.1915
461.16 13.1915
444.48 13.1915
427.78 13.1915
411.10 13.1915
394.44 13.1915
377.73 13.1915
361.05 13.1915
344.37 13.1915
327.68 13.1915
311.00 13.1915
294.32 13.1915
311.03 13.1218
294.37 13.1218
327.71 13.1479
311.00 13.1479
327.68 13.2272
311.03 13.2272
327.71 13.2578
311.00 13.2578
327.68 13.1442
311.00 13.1442
344.39 13.1289
327.71 13.1289
344.39 12.9617
327.71 12.9617
377.78 13.1666
361.10 13.1666
344.41 13.1666
327.73 13.1666
361.10 13.1214
344.39 13.1214
377.78 13.1793
361.10 13.1793
394.46 13.1712
377.75 13.1712
377.75 13.3497
361.07 13.3497
394.46 13.2469
377.78 13.2469
394.43 13.2783
377.73 13.2783
394.43 13.3266
377.75 13.3266
411.12 13.2427
394.43 13.2427
411.14 13.2423
394.46 13.2423
411.12 13.377
394.43 13.377
427.80 13.2818
411.12 13.2818
427.83 13.2879
411.14 13.2879
444.48 13.2168
427.80 13.2168
444.48 13.2245
427.77 13.2245
444.50 13.2616
427.82 13.2616
444.45 13.2588
427.77 13.2588
444.45 13.3985
427.80 13.3985
461.14 13.335
444.48 13.335
477.82 13.487
461.13 13.487
477.87 13.2674
461.19 13.2674
477.87 13.1987
461.16 13.1987
477.84 13.3078
461.14 13.3078
494.53 13.4485
477.84 13.4485
494.55 13.3641
477.87 13.3641
511.23 13.3532
494.55 13.3532
511.21 13.2989
494.55 13.2989
527.87 13.3463
511.21 13.3463
511.23 13.0557
494.55 13.0557
527.89 13.0789
511.21 13.0789
527.88 13.0735
511.20 13.0735
527.91 13.2099
511.23 13.2099
527.88 13.0248
511.20 13.0248
544.57 12.9926
527.89 12.9926
544.59 13.0693
527.91 13.0693
561.27 13.0967
544.59 13.0967
561.25 12.9571
544.57 12.9571
561.27 12.8502
544.59 12.8502
577.95 12.8569
561.27 12.8569
577.91 13.0064
561.22 13.0064
577.90 12.9927
561.22 12.9927
594.59 12.8148
577.90 12.8148
594.59 12.831
577.90 12.831
594.64 12.8288
577.96 12.8288
611.32 12.7167
594.64 12.7167
611.27 12.5205
594.59 12.5205
611.32 12.966
594.63 12.966
627.98 13.1175
611.29 13.1175
627.95 12.9608
611.29 12.9608
627.97 12.972
611.29 12.972
644.63 13.052
627.94 13.052
644.66 13.0631
627.98 13.0631
644.66 12.9759
627.97 12.9759
661.34 13.0044
644.66 13.0044
661.34 13.0564
644.69 13.0564
661.34 13.0349
644.66 13.0349
678.00 13.141
661.33 13.141
677.99 13.0893
661.34 13.0893
678.04 13.0631
661.36 13.0631
694.70 13.2021
678.02 13.2021
694.70 13.1756
677.99 13.1756
694.70 13.2509
678.02 13.2509
694.70 13.286
678.02 13.286
694.70 13.3088
678.02 13.3088
711.38 13.2521
694.67 13.2521
728.08 13.2415
711.40 13.2415
728.06 13.2869
711.38 13.2869
728.09 13.3066
711.41 13.3066
728.09 13.1754
711.38 13.1754
744.75 13.2456
728.03 13.2456
744.77 13.2525
728.09 13.2525
744.77 13.3429
728.09 13.3429
744.72 13.2993
728.06 13.2993
761.43 13.1751
744.74 13.1751
761.43 13.1655
744.75 13.1655
778.11 13.2508
761.40 13.2508
778.13 13.2823
761.42 13.2823
778.10 13.3135
761.45 13.3135
794.79 13.305
778.11 13.305
794.82 13.3194
778.11 13.3194
794.82 13.2804
778.11 13.2804
811.49 13.18
794.81 13.18
811.50 13.1795
794.82 13.1795
811.50 13.2617
794.79 13.2617
811.47 13.2362
794.79 13.2362
828.16 13.2198
811.47 13.2198
828.18 13.2694
811.50 13.2694
844.84 13.385
828.14 13.385
828.15 13.2822
811.49 13.2822
844.86 13.3788
828.16 13.3788
861.55 13.2929
844.87 13.2929
861.52 13.53
844.86 13.53
861.52 13.2256
844.87 13.2256
878.20 13.2822
861.49 13.2822
878.17 13.2369
861.49 13.2369
878.17 13.4069
861.49 13.4069
878.17 13.1508
861.52 13.1508
894.91 13.2606
878.20 13.2606
894.91 13.3924
878.20 13.3924
911.59 13.4908
894.91 13.4908
894.88 13.3685
878.20 13.3685
911.56 13.3424
894.88 13.3424
911.57 13.467
894.90 13.467
928.24 13.3817
911.56 13.3817
911.59 13.4281
894.88 13.4281
928.24 13.3537
911.59 13.3537
944.93 13.3845
928.27 13.3845
944.90 13.5038
928.23 13.5038
944.92 13.3149
928.22 13.3149
944.92 13.4093
928.21 13.4093
961.63 13.4343
944.93 13.4343
961.63 13.4688
944.92 13.4688
961.58 13.355
944.92 13.355
978.29 13.2379
961.58 13.2379
978.26 13.3363
961.60 13.3363
978.26 13.3074
961.61 13.3074
1044.98 13.1808
1028.33 13.1808
1011.65 13.1808
994.94 13.1808
978.26 13.1808
961.58 13.1808
944.92 13.1808
928.24 13.1808
911.56 13.1808
894.88 13.1808
878.20 13.1808
861.52 13.1808
844.84 13.1808
828.15 13.1808
811.44 13.1808
794.79 13.1808
778.11 13.1808
761.40 13.1808
744.75 13.1808
728.07 13.1808
711.36 13.1808
694.70 13.1808
678.02 13.1808
661.34 13.1808
644.65 13.1808
627.95 13.1808
611.26 13.1808
594.61 13.1808
577.93 13.1808
561.22 13.1808
544.57 13.1808
527.89 13.1808
511.20 13.1808
494.52 13.1808
477.84 13.1808
461.16 13.1808
444.48 13.1808
427.77 13.1808
411.11 13.1808
394.41 13.1808
377.73 13.1808
361.07 13.1808
344.37 13.1808
327.71 13.1808
311.03 13.1808
294.34 13.1808
277.66 13.1808
260.98 13.1808
244.30 13.1808
227.62 13.1808
227.62 13.1007
210.93 13.1007
227.62 13.2716
210.94 13.2716
244.30 13.1827
227.62 13.1827
244.30 13.0973
227.62 13.0973
244.30 13.102
227.62 13.102
260.98 13.3111
244.30 13.3111
260.98 13.2295
244.30 13.2295
260.98 13.2078
244.30 13.2078
277.66 13.1874
260.98 13.1874
277.66 13.339
260.98 13.339
277.66 13.3715
260.98 13.3715
294.34 13.2849
277.66 13.2849
294.34 13.2797
277.66 13.2797
294.35 13.3515
277.66 13.3515
294.34 13.3499
277.66 13.3499
294.34 13.2292
277.66 13.2292
311.03 13.2185
294.34 13.2185
327.71 13.3048
311.02 13.3048
327.71 13.3583
311.02 13.3583
327.71 13.2411
311.03 13.2411
327.71 13.2841
311.03 13.2841
344.39 13.3883
327.71 13.3883
344.42 13.3297
327.74 13.3297
361.10 13.3353
344.42 13.3353
361.10 13.3715
344.42 13.3715
361.10 13.3334
344.42 13.3334
377.75 13.2982
361.07 13.2982
377.75 13.4843
361.07 13.4843
377.75 13.2694
361.07 13.2694
394.43 13.2596
377.75 13.2596
394.43 13.3058
377.75 13.3058
394.43 13.2938
377.75 13.2938
394.41 13.182
377.73 13.182
411.11 13.2758
394.41 13.2758
427.77 13.194
411.09 13.194
427.77 13.3083
411.11 13.3083
427.77 13.1993
411.08 13.1993
427.81 13.1482
411.13 13.1482
444.48 13.2059
427.80 13.2059
444.48 13.2055
427.77 13.2055
444.48 13.2255
427.82 13.2255
461.13 13.2437
444.48 13.2437
461.16 13.3595
444.48 13.3595
461.18 13.2419
444.50 13.2419
477.84 13.1141
461.16 13.1141
477.84 13.1919
461.16 13.1919
477.87 13.3232
461.19 13.3232
494.52 13.2008
477.84 13.2008
494.52 13.2209
477.84 13.2209
511.24 13.1798
494.56 13.1798
511.23 13.3285
494.55 13.3285
511.23 13.1637
494.52 13.1637
511.23 13.2173
494.55 13.2173
511.21 13.1434
494.53 13.1434
527.91 13.2638
511.23 13.2638
527.89 13.124
511.21 13.124
544.60 13.1428
527.89 13.1428
544.54 13.1502
527.89 13.1502
544.60 13.0105
527.91 13.0105
544.56 13.2599
527.91 13.2599
561.28 13.0692
544.60 13.0692
561.27 13.1122
544.60 13.1122
577.93 13.0796
561.22 13.0796
577.93 13.0404
561.22 13.0404
577.92 12.9878
561.27 12.9878
594.61 13.0141
577.93 13.0141
594.58 12.9956
577.90 12.9956
594.58 12.8514
577.90 12.8514
611.29 12.845
594.59 12.845
611.27 12.9297
594.61 12.9297
611.28 13.0638
594.63 13.0638
611.29 12.9139
594.59 12.9139
627.97 12.9125
611.27 12.9125
627.97 12.942
611.29 12.942
644.68 12.9306
627.97 12.9306
627.98 12.8571
611.27 12.8571
644.66 12.7616
627.95 12.7616
644.63 12.9246
627.95 12.9246
661.31 12.9537
644.63 12.9537
661.31 12.7914
644.66 12.7914
661.31 12.7685
644.66 12.7685
677.99 12.9475
661.31 12.9475
677.99 12.9171
661.34 12.9171
678.02 12.826
661.31 12.826
694.70 12.8497
678.02 12.8497
694.70 13.0762
678.02 13.0762
711.38 13.2349
694.70 13.2349
711.36 12.9192
694.70 12.9192
711.35 12.9532
694.70 12.9532
711.38 13.0251
744.75 13.174
728.07 13.174
744.75 12.9483
728.07 12.9483
744.75 12.9964
728.07 12.9964
744.75 13.0237
728.06 13.0237
761.43 13.0787
744.75 13.0787
761.43 12.8946
744.75 12.8946
761.43 12.8217
744.75 12.8217
778.11 13.0138
761.43 13.0138
778.11 13.0145
761.43 13.0145
778.11 12.962
761.43 12.962
778.11 13.0733
761.43 13.0733
794.79 12.9646
778.11 12.9646
811.47 13.0905
794.79 13.0905
794.79 12.9916
778.11 12.9916
811.47 12.9459
794.79 12.9459
828.15 13.1511
811.47 13.1511
828.15 13.1497
811.47 13.1497
811.47 12.9446
794.79 12.9446
844.83 12.9019
828.15 12.9019
844.84 12.9623
828.15 12.9623
844.84 13.0778
828.15 13.0778
844.84 12.8172
828.16 12.8172
