262.31 16.6682
245.63 16.6682
228.95 16.6682
212.28 16.6682
212.28 17.4835
195.60 17.4835
178.92 17.4835
212.28 15.4161
195.60 15.4161
178.92 15.4161
212.29 18.7498
195.61 18.7498
178.93 18.7498
162.24 18.7498
195.60 15.9002
178.92 15.9002
162.24 15.9002
145.56 15.9002
262.33 16.0307
245.63 16.0307
228.94 16.0307
212.26 16.0307
212.26 17.3359
195.59 17.3359
178.90 17.3359
162.24 17.3359
145.54 17.3359
128.86 17.3359
195.58 19.4406
178.90 19.4406
162.22 19.4406
312.37 15.0453
295.69 15.0453
279.00 15.0453
312.35 15.8999
295.67 15.8999
279.01 15.8999
262.33 15.8999
245.63 15.8999
228.95 15.8999
212.26 15.8999
195.58 15.8999
178.90 15.8999
162.22 15.8999
162.22 14.8949
145.54 14.8949
128.88 14.8949
178.90 15.1889
162.22 15.1889
145.54 15.1889
128.86 15.1889
178.88 15.7556
162.20 15.7556
145.52 15.7556
178.90 15.4994
162.22 15.4994
145.54 15.4994
178.90 16.5344
162.22 16.5344
145.54 16.5344
178.90 15.4209
162.22 15.4209
145.54 15.4209
128.86 15.4209
162.22 16.3286
145.54 16.3286
128.86 16.3286
145.54 14.9335
128.86 14.9335
112.18 14.9335
145.54 16.3589
128.86 16.3589
112.18 16.3589
162.22 19.2894
145.54 19.2894
128.85 19.2894
278.99 15.4381
262.31 15.4381
245.62 15.4381
245.63 16.6467
228.94 16.6467
212.26 16.6467
245.65 17.429
228.95 17.429
212.26 17.429
195.58 17.429
178.90 17.429
162.22 17.429
145.54 17.429
162.24 19.3302
145.54 19.3302
128.86 19.3302
178.90 17.4338
162.22 17.4338
145.54 17.4338
279.01 16.3187
262.31 16.3187
245.63 16.3187
228.95 16.3187
228.95 16.418
212.27 16.418
195.59 16.418
228.94 15.9113
212.26 15.9113
195.58 15.9113
178.90 15.9113
178.88 16.3594
162.20 16.3594
145.52 16.3594
128.84 16.3594
162.22 18.962
145.54 18.962
128.86 18.962
295.67 17.3017
278.99 17.3017
262.31 17.3017
262.29 16.5371
245.61 16.5371
228.93 16.5371
262.30 17.2108
245.63 17.2108
228.97 17.2108
212.26 17.2108
245.62 15.5949
228.95 15.5949
212.26 15.5949
195.57 15.5949
178.91 15.5949
162.22 15.5949
145.54 15.5949
195.58 15.5722
178.89 15.5722
162.22 15.5722
145.54 15.5722
162.22 15.4351
145.53 15.4351
128.86 15.4351
178.90 15.2022
162.24 15.2022
145.54 15.2022
279.01 19.2658
262.31 19.2658
245.65 19.2658
228.93 19.2658
245.65 19.0947
228.95 19.0947
212.28 19.0947
195.58 19.0947
178.92 19.0947
162.22 19.0947
145.56 19.0947
212.24 15.776
195.56 15.776
178.90 15.776
178.90 16.306
162.22 16.306
145.54 16.306
128.86 16.306
145.55 15.2628
128.87 15.2628
112.18 15.2628
262.31 16.569
245.63 16.569
228.94 16.569
329.01 16.1837
312.37 16.1837
295.66 16.1837
295.65 17.3462
278.99 17.3462
262.28 17.3462
245.60 17.3462
228.92 17.3462
212.24 17.3462
195.56 17.3462
178.88 17.3462
212.26 15.8852
195.58 15.8852
178.90 15.8852
162.24 15.8852
178.90 15.8999
162.22 15.8999
145.54 15.8999
128.85 15.8999
178.92 19.0264
162.22 19.0264
145.53 19.0264
178.92 15.681
162.21 15.681
145.56 15.681
162.22 16.5488
145.54 16.5488
128.86 16.5488
112.15 16.5488
162.20 17.1794
145.52 17.1794
128.86 17.1794
162.19 18.5436
145.54 18.5436
128.84 18.5436
212.27 15.8438
195.58 15.8438
178.90 15.8438
162.22 15.8438
279.01 15.838
262.31 15.838
245.65 15.838
262.32 17.5206
245.66 17.5206
228.97 17.5206
212.26 17.5206
195.61 17.5206
178.91 17.5206
162.22 17.5206
228.94 15.8072
212.26 15.8072
195.58 15.8072
212.24 18.8535
195.58 18.8535
178.88 18.8535
162.19 18.8535
145.51 18.8535
212.26 16.1903
195.57 16.1903
178.92 16.1903
195.58 15.8565
178.90 15.8565
162.22 15.8565
145.54 15.8565
195.57 15.653
178.92 15.653
162.22 15.653
145.54 15.653
262.33 16.0307
245.65 16.0307
228.94 16.0307
212.28 16.0307
212.27 17.5398
195.59 17.5398
178.91 17.5398
195.58 16.9979
178.93 16.9979
162.22 16.9979
145.54 16.9979
145.55 16.8465
128.87 16.8465
112.20 16.8465
162.21 16.6563
145.56 16.6563
128.86 16.6563
145.55 16.4737
128.87 16.4737
112.19 16.4737
145.54 16.1411
128.88 16.1411
112.18 16.1411
145.56 15.7026
128.86 15.7026
112.17 15.7026
162.24 15.675
145.54 15.675
128.86 15.675
178.88 15.3052
162.25 15.3052
145.54 15.3052
145.50 15.4176
128.84 15.4176
112.15 15.4176
162.25 16.4471
145.57 16.4471
128.88 16.4471
162.22 17.1433
145.56 17.1433
128.86 17.1433
162.25 19.5596
145.54 19.5596
128.86 19.5596
262.33 18.3814
245.65 18.3814
228.95 18.3814
212.26 18.3814
295.67 15.9873
278.98 15.9873
262.30 15.9873
278.98 14.3295
262.33 14.3295
245.62 14.3295
228.94 14.3295
212.26 14.3295
195.58 14.3295
178.90 14.3295
195.58 15.3057
178.92 15.3057
162.22 15.3057
145.56 15.3057
178.90 16.3285
162.22 16.3285
145.54 16.3285
128.86 16.3285
195.56 14.9719
178.90 14.9719
162.24 14.9719
145.54 14.9719
278.99 15.7001
262.33 15.7001
245.63 15.7001
245.63 16.4063
228.95 16.4063
212.26 16.4063
195.58 16.4063
178.90 16.4063
162.21 16.4063
145.54 16.4063
212.27 19.5829
195.58 19.5829
178.90 19.5829
178.91 17.4756
162.22 17.4756
145.54 17.4756
128.85 17.4756
195.56 15.2025
178.88 15.2025
162.22 15.2025
178.88 18.5573
162.20 18.5573
145.54 18.5573
128.84 18.5573
178.88 14.7676
162.20 14.7676
145.54 14.7676
278.98 15.834
262.33 15.834
245.63 15.834
228.94 15.834
228.95 15.5757
212.26 15.5757
195.58 15.5757
212.26 15.7088
195.58 15.7088
178.90 15.7088
162.22 15.7088
178.92 16.4804
162.24 16.4804
145.56 16.4804
128.86 16.4804
178.92 17.5176
162.24 17.5176
145.56 17.5176
178.92 17.477
162.24 17.477
145.56 17.477
128.88 17.477
162.24 19.3956
145.56 19.3956
128.88 19.3956
228.97 18.1945
212.26 18.1945
195.58 18.1945
178.92 18.1945
178.93 15.6771
162.24 15.6771
145.56 15.6771
178.90 15.1925
162.24 15.1925
145.54 15.1925
245.65 19.1651
228.97 19.1651
212.29 19.1651
212.28 15.741
195.58 15.741
178.92 15.741
178.91 17.0356
162.24 17.0356
145.54 17.0356
329.05 14.7315
312.35 14.7315
295.67 14.7315
279.01 14.7315
262.31 14.7315
245.63 14.7315
245.63 16.0319
228.93 16.0319
212.25 16.0319
212.27 15.8659
195.60 15.8659
178.92 15.8659
162.24 15.8659
162.24 15.22
145.56 15.22
128.88 15.22
178.90 15.0174
162.24 15.0174
145.56 15.0174
162.24 16.2827
145.54 16.2827
128.86 16.2827
178.90 15.7816
162.22 15.7816
145.56 15.7816
162.24 17.239
145.56 17.239
128.86 17.239
112.20 17.239
145.56 16.1404
128.85 16.1404
112.17 16.1404
178.92 15.3982
162.22 15.3982
145.54 15.3982
295.65 14.6637
278.95 14.6637
262.29 14.6637
262.33 19.1085
245.63 19.1085
228.95 19.1085
312.37 17.0239
295.67 17.0239
278.99 17.0239
262.31 17.0239
245.63 17.0239
228.95 17.0239
212.26 17.0239
195.59 17.0239
195.56 16.6682
178.88 16.6682
162.20 16.6682
145.54 16.6682
178.90 18.7066
162.24 18.7066
145.52 18.7066
145.56 15.6378
128.87 15.6378
112.18 15.6378
95.50 15.6378
145.54 15.5137
128.86 15.5137
112.18 15.5137
228.95 15.9735
212.26 15.9735
195.58 15.9735
195.58 16.0045
178.90 16.0045
162.22 16.0045
178.90 15.5532
162.22 15.5532
145.54 15.5532
162.24 17.2346
145.54 17.2346
128.86 17.2346
178.90 19.357
162.22 19.357
145.56 19.357
312.35 14.9143
295.67 14.9143
278.99 14.9143
262.31 14.9143
262.32 15.7159
245.64 15.7159
228.95 15.7159
212.28 15.7159
195.60 15.7159
178.90 15.7159
162.24 15.7159
178.89 14.9501
162.24 14.9501
145.53 14.9501
128.86 14.9501
162.22 14.4893
145.54 14.4893
128.86 14.4893
112.18 14.4893
162.22 15.5789
145.54 15.5789
128.87 15.5789
162.22 16.3937
145.54 16.3937
128.86 16.3937
178.90 14.8523
162.22 14.8523
145.56 14.8523
178.90 15.3257
162.24 15.3257
145.54 15.3257
128.86 15.3257
162.20 14.2384
145.52 14.2384
128.84 14.2384
162.24 16.2495
145.54 16.2495
128.86 16.2495
112.18 16.2495
145.54 14.9125
128.86 14.9125
112.18 14.9125
162.22 16.0615
145.54 16.0615
128.86 16.0615
162.19 15.0461
145.56 15.0461
128.86 15.0461
162.22 15.5854
145.54 15.5854
128.86 15.5854
262.31 15.2971
245.63 15.2971
228.94 15.2971
212.26 15.2971
312.37 17.2859
295.67 17.2859
279.01 17.2859
279.01 19.0239
262.33 19.0239
245.65 19.0239
228.96 19.0239
212.28 19.0239
195.60 19.0239
178.92 19.0239
162.24 19.0239
195.58 19.1115
178.90 19.1115
162.22 19.1115
178.88 15.5505
162.20 15.5505
145.54 15.5505
128.86 15.5505
178.92 15.5451
162.22 15.5451
145.54 15.5451
278.99 16.446
262.31 16.446
245.63 16.446
228.95 16.446
228.95 16.4985
212.27 16.4985
195.58 16.4985
195.61 16.1015
178.93 16.1015
162.23 16.1015
162.22 18.0905
145.54 18.0905
128.88 18.0905
162.23 19.0381
145.54 19.0381
128.85 19.0381
295.69 19.2253
278.99 19.2253
262.31 19.2253
262.30 16.0096
245.65 16.0096
228.95 16.0096
212.26 16.0096
195.60 16.0096
178.92 16.0096
162.24 16.0096
212.25 15.8604
195.56 15.8604
178.88 15.8604
262.31 17.3239
245.63 17.3239
228.97 17.3239
212.26 17.3239
212.26 15.3752
195.58 15.3752
178.90 15.3752
162.22 15.3752
145.54 15.3752
128.86 15.3752
178.91 17.3178
162.23 17.3178
145.55 17.3178
145.54 16.1079
128.88 16.1079
112.18 16.1079
162.22 15.7435
145.54 15.7435
128.88 15.7435
145.54 16.5835
128.86 16.5835
112.18 16.5835
145.54 15.5022
128.87 15.5022
112.18 15.5022
162.24 17.1075
145.54 17.1075
128.86 17.1075
162.22 15.1832
145.56 15.1832
128.86 15.1832
195.58 16.5722
178.88 16.5722
162.20 16.5722
145.54 16.5722
162.23 15.9273
145.54 15.9273
128.86 15.9273
162.22 15.6872
145.56 15.6872
128.86 15.6872
162.22 16.4135
145.54 16.4135
128.86 16.4135
112.18 16.4135
162.23 18.4893
145.57 18.4893
128.89 18.4893
278.99 15.6959
262.33 15.6959
245.65 15.6959
228.95 15.6959
228.93 15.6567
212.27 15.6567
195.59 15.6567
212.27 17.2259
195.58 17.2259
178.90 17.2259
162.22 17.2259
195.58 15.8973
178.92 15.8973
162.24 15.8973
145.56 15.8973
162.22 15.2037
145.52 15.2037
128.86 15.2037
112.16 15.2037
278.99 16.6563
262.31 16.6563
245.63 16.6563
245.63 16.7846
228.93 16.7846
212.25 16.7846
212.27 16.5135
195.56 16.5135
178.89 16.5135
162.22 16.5135
162.20 19.1765
145.52 19.1765
128.84 19.1765
112.16 19.1765
162.22 16.1715
145.54 16.1715
128.86 16.1715
162.22 15.5867
145.54 15.5867
128.86 15.5867
178.90 16.0838
162.22 16.0838
145.54 16.0838
262.31 15.792
245.63 15.792
228.92 15.792
212.24 15.792
212.25 17.4221
195.57 17.4221
178.89 17.4221
162.21 17.4221
145.55 17.4221
128.87 17.4221
195.58 15.3608
178.90 15.3608
162.22 15.3608
178.92 15.9588
162.24 15.9588
145.56 15.9588
128.88 15.9588
195.60 15.5794
178.92 15.5794
162.24 15.5794
178.90 18.8307
162.22 18.8307
145.54 18.8307
128.86 18.8307
178.90 15.6594
162.22 15.6594
145.52 15.6594
145.52 17.0564
128.84 17.0564
112.15 17.0564
95.47 17.0564
145.52 15.8073
128.84 15.8073
112.16 15.8073
195.58 16.667
178.90 16.667
162.20 16.667
162.22 16.0567
145.54 16.0567
128.88 16.0567
162.24 15.6483
145.56 15.6483
128.88 15.6483
162.26 16.5085
145.57 16.5085
128.89 16.5085
162.22 15.4272
145.52 15.4272
128.84 15.4272
228.97 16.2101
212.28 16.2101
195.58 16.2101
178.90 16.2101
178.91 17.1519
162.22 17.1519
145.54 17.1519
195.58 18.4228
178.88 18.4228
162.22 18.4228
145.56 18.4228
145.56 15.8074
128.86 15.8074
112.17 15.8074
95.52 15.8074
145.56 15.4063
128.86 15.4063
112.18 15.4063
162.24 16.2329
145.54 16.2329
128.86 16.2329
162.22 16.4501
145.54 16.4501
128.86 16.4501
228.95 16.001
212.26 16.001
195.58 16.001
178.90 16.001
178.90 17.9177
162.22 17.9177
145.54 17.9177
178.90 15.9371
162.22 15.9371
145.54 15.9371
162.20 15.3529
145.52 15.3529
128.84 15.3529
178.88 17.0674
162.20 17.0674
145.54 17.0674
178.88 16.4591
162.20 16.4591
145.50 16.4591
128.84 16.4591
162.22 15.7277
145.56 15.7277
128.86 15.7277
145.56 15.2419
128.88 15.2419
112.16 15.2419
95.52 15.2419
162.24 14.8658
145.56 14.8658
128.86 14.8658
162.24 16.5138
145.56 16.5138
128.88 16.5138
145.57 15.1066
128.87 15.1066
112.18 15.1066
162.20 15.5401
145.54 15.5401
128.86 15.5401
312.37 16.1714
295.69 16.1714
278.99 16.1714
262.31 16.1714
262.31 16.0232
245.63 16.0232
228.92 16.0232
212.26 16.0232
195.59 16.0232
178.92 16.0232
162.24 16.0232
162.24 19.36
145.53 19.36
128.86 19.36
145.53 15.5
128.86 15.5
112.17 15.5
178.92 16.4721
162.22 16.4721
145.54 16.4721
162.22 15.5427
145.54 15.5427
128.85 15.5427
178.90 15.6448
162.22 15.6448
145.54 15.6448
162.22 16.1312
145.54 16.1312
128.86 16.1312
112.18 16.1312
162.25 15.6237
145.57 15.6237
128.89 15.6237
212.26 16.5417
195.58 16.5417
178.90 16.5417
178.91 15.9753
162.23 15.9753
145.54 15.9753
128.86 15.9753
162.22 15.0208
145.53 15.0208
128.86 15.0208
145.53 15.3503
128.86 15.3503
112.18 15.3503
145.54 17.2689
128.86 17.2689
112.18 17.2689
245.63 18.359
228.95 18.359
212.26 18.359
212.27 16.3545
195.59 16.3545
178.90 16.3545
178.91 15.1894
162.22 15.1894
145.54 15.1894
128.88 15.1894
162.22 15.1041
145.52 15.1041
128.86 15.1041
162.23 14.8662
145.55 14.8662
128.86 14.8662
162.20 18.1996
145.55 18.1996
128.86 18.1996
178.90 16.3841
162.22 16.3841
145.56 16.3841
245.63 16.1163
228.95 16.1163
212.27 16.1163
195.59 16.1163
195.58 15.3842
178.89 15.3842
162.22 15.3842
162.23 16.5674
145.55 16.5674
128.86 16.5674
162.21 15.4657
145.53 15.4657
128.85 15.4657
112.17 15.4657
162.22 15.8617
145.55 15.8617
128.87 15.8617
145.55 17.9016
128.86 17.9016
112.18 17.9016
162.22 16.0581
145.54 16.0581
128.86 16.0581
228.94 16.9186
212.26 16.9186
195.58 16.9186
178.90 16.9186
178.90 15.8097
162.22 15.8097
145.56 15.8097
178.92 16.41
162.24 16.41
145.54 16.41
162.22 19.1855
145.54 19.1855
128.86 19.1855
112.20 19.1855
145.54 15.3633
128.86 15.3633
112.18 15.3633
295.67 17.4548
278.99 17.4548
262.31 17.4548
262.30 16.309
245.63 16.309
228.95 16.309
212.27 16.309
195.59 16.309
178.91 16.309
162.25 16.309
262.31 16.381
245.63 16.381
228.95 16.381
212.26 16.381
195.59 16.381
178.92 16.381
162.22 16.381
162.22 15.6771
145.54 15.6771
128.87 15.6771
262.31 16.1728
245.65 16.1728
228.95 16.1728
228.97 15.6813
212.29 15.6813
195.62 15.6813
178.92 15.6813
178.92 16.6459
162.24 16.6459
145.54 16.6459
145.54 16.1959
128.86 16.1959
112.18 16.1959
95.52 16.1959
162.22 15.8633
145.54 15.8633
128.86 15.8633
195.58 15.4088
178.90 15.4088
162.22 15.4088
162.22 17.3388
145.54 17.3388
128.86 17.3388
162.22 15.8339
145.54 15.8339
128.86 15.8339
145.54 16.5294
128.86 16.5294
112.18 16.5294
162.22 15.9574
145.54 15.9574
128.86 15.9574
278.99 15.6684
262.31 15.6684
245.63 15.6684
228.95 15.6684
228.94 18.3561
212.26 18.3561
195.60 18.3561
212.27 15.0352
195.58 15.0352
178.91 15.0352
162.22 15.0352
178.91 16.8272
162.23 16.8272
145.55 16.8272
128.87 16.8272
178.88 16.2675
162.20 16.2675
145.53 16.2675
178.88 18.0036
162.19 18.0036
145.51 18.0036
128.86 18.0036
178.88 15.8467
162.19 15.8467
145.51 15.8467
245.62 15.5297
228.97 15.5297
212.28 15.5297
195.60 15.5297
195.60 14.7668
178.92 14.7668
162.24 14.7668
212.26 16.1416
195.59 16.1416
178.90 16.1416
162.22 16.1416
162.24 15.0679
145.55 15.0679
128.88 15.0679
112.20 15.0679
162.24 17.8883
145.56 17.8883
128.88 17.8883
162.24 15.2547
145.56 15.2547
128.86 15.2547
162.22 15.6856
145.54 15.6856
128.86 15.6856
245.63 15.7241
228.94 15.7241
212.22 15.7241
195.56 15.7241
195.60 16.9581
178.90 16.9581
162.22 16.9581
278.99 17.0119
262.31 17.0119
245.63 17.0119
228.95 17.0119
212.28 17.0119
195.57 17.0119
178.91 17.0119
162.22 17.0119
145.56 17.0119
162.22 14.7062
145.54 14.7062
128.84 14.7062
178.90 15.4608
162.22 15.4608
145.54 15.4608
178.90 16.1807
162.23 16.1807
145.56 16.1807
128.88 16.1807
162.20 15.7191
145.52 15.7191
128.84 15.7191
228.93 16.7352
212.27 16.7352
195.58 16.7352
178.90 16.7352
178.88 17.7646
162.20 17.7646
145.52 17.7646
178.88 17.607
162.20 17.607
145.52 17.607
178.90 15.5258
162.22 15.5258
145.54 15.5258
128.86 15.5258
178.90 14.3503
162.22 14.3503
145.54 14.3503
178.90 14.972
162.22 14.972
145.54 14.972
128.86 14.972
178.90 15.5627
162.22 15.5627
145.54 15.5627
228.95 16.675
212.26 16.675
195.58 16.675
178.90 16.675
178.90 15.4533
162.22 15.4533
145.54 15.4533
178.90 15.9875
162.22 15.9875
145.54 15.9875
162.22 18.6748
145.54 18.6748
128.86 18.6748
112.18 18.6748
162.22 15.8661
145.54 15.8661
128.86 15.8661
278.99 16.6789
262.31 16.6789
245.63 16.6789
228.95 16.6789
312.35 15.4092
295.67 15.4092
278.99 15.4092
595.94 15.2737
579.26 15.2737
562.58 15.2737
545.89 15.2737
529.21 15.2737
512.53 15.2737
495.85 15.2737
479.17 15.2737
462.49 15.2737
445.81 15.2737
429.12 15.2737
412.44 15.2737
395.76 15.2737
412.44 19.3938
395.76 19.3938
379.08 19.3938
379.08 17.6554
362.40 17.6554
345.72 17.6554
329.04 17.6554
329.04 15.1847
312.35 15.1847
295.67 15.1847
295.67 14.2127
278.99 14.2127
262.31 14.2127
245.63 14.2127
245.63 19.1242
228.95 19.1242
212.27 19.1242
312.35 14.2216
295.67 14.2216
278.99 14.2216
262.31 14.2216
245.63 14.2216
228.95 14.2216
212.26 14.2216
195.58 14.2216
178.90 14.2216
162.22 14.2216
145.54 14.2216
128.86 14.2216
162.22 14.8777
145.54 14.8777
128.86 14.8777
212.26 16.4663
195.58 16.4663
178.90 16.4663
262.31 17.3041
245.63 17.3041
228.95 17.3041
379.10 14.2016
362.42 14.2016
345.74 14.2016
329.05 14.2016
312.37 14.2016
295.69 14.2016
279.01 14.2016
262.33 14.2016
245.65 14.2016
228.97 14.2016
212.28 14.2016
195.60 14.2016
178.92 14.2016
162.24 14.2016
245.66 15.4071
228.97 15.4071
212.29 15.4071
195.61 15.4071
178.93 15.4071
162.25 15.4071
145.57 15.4071
128.88 15.4071
162.25 15.4946
145.57 15.4946
128.87 15.4946
195.59 15.1718
178.90 15.1718
162.22 15.1718
162.22 14.9111
145.56 14.9111
128.86 14.9111
178.90 15.9595
162.22 15.9595
145.54 15.9595
162.22 15.4836
145.54 15.4836
128.86 15.4836
112.17 15.4836
145.52 17.5723
128.86 17.5723
112.17 17.5723
145.54 14.6952
128.88 14.6952
112.20 14.6952
162.24 15.2302
145.56 15.2302
128.86 15.2302
178.90 19.3512
162.22 19.3512
145.54 19.3512
278.97 15.7341
262.31 15.7341
245.61 15.7341
245.63 16.4466
228.93 16.4466
212.26 16.4466
195.58 16.4466
178.90 16.4466
162.22 16.4466
145.52 16.4466
195.58 15.5287
178.90 15.5287
162.22 15.5287
178.92 16.6605
162.24 16.6605
145.56 16.6605
128.88 16.6605
178.88 15.5422
162.22 15.5422
145.54 15.5422
162.24 16.0367
145.56 16.0367
128.88 16.0367
178.92 18.9286
162.23 18.9286
145.56 18.9286
262.33 15.8848
245.63 15.8848
228.95 15.8848
212.29 15.8848
212.28 16.4897
195.61 16.4897
178.93 16.4897
212.27 17.5729
195.59 17.5729
178.92 17.5729
162.22 17.5729
178.88 19.2203
162.20 19.2203
145.52 19.2203
128.84 19.2203
178.90 15.8629
162.22 15.8629
145.54 15.8629
262.33 16.1097
245.59 16.1097
228.94 16.1097
212.25 16.1097
245.62 15.9287
228.94 15.9287
212.26 15.9287
195.58 15.9287
178.90 15.9287
162.24 15.9287
145.54 15.9287
228.96 16.6047
212.27 16.6047
195.56 16.6047
212.26 16.2476
195.58 16.2476
178.89 16.2476
162.22 16.2476
195.58 17.5876
178.89 17.5876
162.24 17.5876
145.54 17.5876
162.23 15.3864
145.54 15.3864
128.87 15.3864
112.16 15.3864
162.22 15.5555
145.54 15.5555
128.86 15.5555
145.53 15.8434
128.85 15.8434
112.17 15.8434
145.56 17.2026
128.85 17.2026
112.18 17.2026
178.90 19.2779
162.21 19.2779
145.53 19.2779
162.19 16.7122
145.51 16.7122
128.86 16.7122
178.90 19.4071
162.22 19.4071
145.54 19.4071
278.98 16.5671
262.33 16.5671
245.64 16.5671
228.94 16.5671
262.36 16.5034
245.68 16.5034
229.02 16.5034
228.97 17.4612
212.28 17.4612
195.60 17.4612
178.89 17.4612
228.97 16.3267
212.26 16.3267
195.58 16.3267
178.89 16.3267
162.21 16.3267
145.53 16.3267
128.85 16.3267
228.93 19.2541
212.25 19.2541
195.58 19.2541
195.57 19.3643
178.88 19.3643
162.20 19.3643
212.27 17.5632
195.59 17.5632
178.91 17.5632
162.22 17.5632
278.97 17.6096
262.28 17.6096
245.60 17.6096
228.93 17.6096
278.96 16.4229
262.30 16.4229
245.61 16.4229
245.63 16.8271
228.97 16.8271
212.28 16.8271
195.60 16.8271
228.94 19.1901
212.28 19.1901
195.59 19.1901
178.92 19.1901
162.24 19.1901
145.56 19.1901
228.93 15.9927
212.25 15.9927
195.56 15.9927
195.60 19.4128
178.92 19.4128
162.24 19.4128
178.90 16.0167
162.22 16.0167
145.54 16.0167
128.83 16.0167
262.30 16.8881
245.63 16.8881
228.94 16.8881
228.95 19.4918
212.27 19.4918
195.60 19.4918
195.59 17.5758
178.91 17.5758
162.23 17.5758
145.55 17.5758
145.56 16.7964
128.88 16.7964
112.20 16.7964
162.24 19.1597
145.53 19.1597
128.85 19.1597
228.93 17.6927
212.24 17.6927
195.56 17.6927
195.59 19.1286
178.90 19.1286
162.20 19.1286
162.20 17.4854
145.52 17.4854
128.84 17.4854
228.93 19.2266
212.24 19.2266
195.57 19.2266
245.63 16.6355
228.93 16.6355
212.26 16.6355
245.63 15.8024
228.95 15.8024
212.26 15.8024
195.59 15.8024
178.92 15.8024
162.24 15.8024
145.54 15.8024
195.57 19.1567
178.91 19.1567
162.23 19.1567
245.63 16.6087
228.94 16.6087
212.26 16.6087
195.58 16.6087
195.56 19.1834
178.88 19.1834
162.20 19.1834
162.22 17.3855
145.54 17.3855
128.86 17.3855
245.61 17.4321
228.93 17.4321
212.26 17.4321
212.28 16.1609
195.60 16.1609
178.92 16.1609
212.29 17.3409
195.62 17.3409
178.94 17.3409
162.25 17.3409
278.97 16.5722
262.30 16.5722
245.60 16.5722
228.93 16.5722
228.93 19.2505
212.26 19.2505
195.58 19.2505
228.91 16.2003
212.26 16.2003
195.56 16.2003
178.88 16.2003
162.20 16.2003
162.24 19.0536
145.56 19.0536
128.86 19.0536
112.18 19.0536
145.56 17.5085
128.86 17.5085
112.18 17.5085
245.62 17.4363
228.93 17.4363
212.26 17.4363
245.63 15.8028
228.95 15.8028
212.29 15.8028
212.25 16.6792
195.59 16.6792
178.93 16.6792
162.22 16.6792
212.28 15.0789
195.60 15.0789
178.90 15.0789
162.24 15.0789
178.90 19.2165
162.24 19.2165
145.54 19.2165
128.86 19.2165
178.90 16.4844
162.22 16.4844
145.54 16.4844
262.31 19.2109
245.62 19.2109
228.94 19.2109
212.26 19.2109
212.26 15.8984
195.58 15.8984
178.92 15.8984
178.91 16.4774
162.23 16.4774
145.55 16.4774
145.54 17.4221
128.84 17.4221
112.15 17.4221
162.22 19.0607
145.56 19.0607
128.88 19.0607
212.29 18.9879
195.61 18.9879
178.91 18.9879
262.31 16.5693
245.62 16.5693
228.93 16.5693
295.67 19.0655
279.02 19.0655
262.33 19.0655
245.65 19.0655
228.95 19.0655
212.27 19.0655
212.26 15.5054
195.58 15.5054
178.91 15.5054
212.26 16.481
195.58 16.481
178.91 16.481
162.22 16.481
195.56 15.7387
178.90 15.7387
162.20 15.7387
145.52 15.7387
178.90 16.4781
162.24 16.4781
145.54 16.4781
262.28 15.8854
245.60 15.8854
228.95 15.8854
212.26 15.8854
228.95 15.6974
212.26 15.6974
195.58 15.6974
178.93 15.6974
162.24 15.6974
145.55 15.6974
128.88 15.6974
195.59 16.6025
178.90 16.6025
162.22 16.6025
178.90 19.0706
162.23 19.0706
145.54 19.0706
128.88 19.0706
178.93 17.3144
162.25 17.3144
145.55 17.3144
262.31 18.9237
245.63 18.9237
228.94 18.9237
212.26 18.9237
245.60 16.4645
228.92 16.4645
212.24 16.4645
212.26 16.0487
195.58 16.0487
178.92 16.0487
162.21 16.0487
195.58 18.9928
178.90 18.9928
162.23 18.9928
145.54 18.9928
145.53 19.1356
128.86 19.1356
112.20 19.1356
162.24 17.2204
145.54 17.2204
128.86 17.2204
212.29 16.3116
195.61 16.3116
178.91 16.3116
178.93 17.4497
162.23 17.4497
145.54 17.4497
178.91 16.0897
162.23 16.0897
145.55 16.0897
262.31 19.0395
245.63 19.0395
228.94 19.0395
212.26 19.0395
262.32 19.2551
245.63 19.2551
228.95 19.2551
228.94 16.3564
212.26 16.3564
195.57 16.3564
178.89 16.3564
195.58 17.4676
178.90 17.4676
162.21 17.4676
145.53 17.4676
128.88 17.4676
262.33 19.4052
245.65 19.4052
228.94 19.4052
262.33 19.1246
245.65 19.1246
228.95 19.1246
228.95 16.119
212.27 16.119
195.59 16.119
178.90 16.119
278.99 19.1236
262.33 19.1236
245.65 19.1236
228.97 19.1236
212.29 19.1236
195.60 19.1236
178.90 19.1236
162.22 19.1236
145.54 19.1236
212.27 17.2634
195.59 17.2634
178.90 17.2634
228.97 16.6998
212.28 16.6998
195.60 16.6998
195.58 19.0696
178.90 19.0696
162.22 19.0696
178.88 17.3457
162.20 17.3457
145.51 17.3457
178.88 15.6493
162.19 15.6493
145.51 15.6493
162.19 16.6552
145.51 16.6552
128.83 16.6552
178.88 15.9185
162.19 15.9185
145.52 15.9185
128.82 15.9185
178.88 16.2798
162.22 16.2798
145.54 16.2798
262.31 18.7719
245.63 18.7719
228.95 18.7719
212.26 18.7719
262.31 15.6898
245.63 15.6898
228.95 15.6898
212.26 15.6898
195.58 15.6898
178.90 15.6898
162.22 15.6898
212.26 16.1537
195.58 16.1537
178.90 16.1537
162.22 16.1537
178.90 18.3366
162.22 18.3366
145.54 18.3366
128.86 18.3366
162.22 16.5384
145.54 16.5384
128.86 16.5384
162.24 16.3776
145.56 16.3776
128.88 16.3776
112.20 16.3776
162.22 15.9065
145.54 15.9065
128.86 15.9065
228.95 16.6809
212.27 16.6809
195.58 16.6809
178.90 16.6809
178.92 17.1013
162.24 17.1013
145.54 17.1013
162.24 15.8167
145.56 15.8167
128.88 15.8167
279.01 17.1936
262.31 17.1936
245.65 17.1936
245.63 15.2754
228.95 15.2754
212.26 15.2754
212.26 19.1796
195.58 19.1796
178.90 19.1796
162.19 19.1796
162.22 16.8372
145.56 16.8372
128.86 16.8372
112.18 16.8372
162.24 15.8142
145.54 15.8142
128.85 15.8142
162.20 19.0833
145.53 19.0833
128.84 19.0833
178.90 16.7432
162.22 16.7432
145.56 16.7432
228.93 17.53
212.26 17.53
195.56 17.53
178.90 17.53
262.31 15.7485
245.60 15.7485
228.95 15.7485
228.96 16.7995
212.28 16.7995
195.60 16.7995
195.59 16.2944
178.93 16.2944
162.24 16.2944
145.54 16.2944
145.54 18.7422
128.88 18.7422
112.20 18.7422
145.56 15.8061
128.88 15.8061
112.17 15.8061
262.33 16.2585
245.62 16.2585
228.97 16.2585
228.95 19.1557
212.28 19.1557
195.59 19.1557
178.92 19.1557
162.22 19.1557
145.56 19.1557
178.92 19.1442
162.24 19.1442
145.54 19.1442
162.22 17.5459
145.54 17.5459
128.86 17.5459
162.24 16.181
145.54 16.181
128.86 16.181
262.33 16.7043
245.63 16.7043
228.95 16.7043
212.28 16.7043
212.27 16.8065
195.59 16.8065
178.91 16.8065
178.92 19.1971
162.24 19.1971
145.54 19.1971
145.56 16.3081
128.88 16.3081
112.20 16.3081
95.50 16.3081
145.54 16.5151
128.86 16.5151
112.18 16.5151
245.63 17.5401
228.95 17.5401
212.26 17.5401
212.26 16.4568
195.58 16.4568
178.90 16.4568
195.58 16.1283
178.90 16.1283
162.22 16.1283
145.54 16.1283
162.22 16.7565
145.54 16.7565
128.88 16.7565
112.20 16.7565
162.24 19.0884
145.56 19.0884
128.88 19.0884
245.63 19.2039
228.94 19.2039
212.28 19.2039
195.58 19.2039
245.65 17.431
228.95 17.431
212.27 17.431
262.33 16.8522
245.63 16.8522
228.97 16.8522
212.26 16.8522
212.26 17.5947
195.59 17.5947
178.93 17.5947
162.23 17.5947
162.22 16.4873
145.51 16.4873
128.88 16.4873
195.60 17.4657
178.92 17.4657
162.22 17.4657
162.24 19.1196
145.54 19.1196
128.88 19.1196
145.51 19.1806
128.82 19.1806
112.17 19.1806
212.26 19.2178
195.54 19.2178
178.89 19.2178
245.63 19.109
228.97 19.109
212.26 19.109
278.99 16.0664
262.34 16.0664
245.66 16.0664
228.97 16.0664
228.97 15.8583
212.29 15.8583
195.61 15.8583
178.93 15.8583
178.93 19.2978
162.25 19.2978
145.57 19.2978
128.89 19.2978
145.53 16.53
128.85 16.53
112.18 16.53
145.55 16.4185
128.86 16.4185
112.18 16.4185
128.86 16.6875
112.17 16.6875
95.50 16.6875
145.51 16.2972
128.86 16.2972
112.15 16.2972
212.28 15.6455
195.60 15.6455
178.92 15.6455
178.90 18.7293
162.24 18.7293
145.53 18.7293
145.54 19.1998
128.85 19.1998
112.17 19.1998
95.50 19.1998
128.86 19.0729
112.20 19.0729
95.50 19.0729
145.54 16.1869
128.86 16.1869
112.17 16.1869
228.95 17.4901
212.26 17.4901
195.60 17.4901
212.30 16.5968
195.60 16.5968
178.92 16.5968
162.24 16.5968
145.56 16.5968
128.87 16.5968
112.19 16.5968
162.22 16.1585
145.54 16.1585
128.88 16.1585
195.56 19.2367
178.88 19.2367
162.20 19.2367
212.25 15.9793
195.57 15.9793
178.89 15.9793
178.88 19.3041
162.20 19.3041
145.54 19.3041
178.89 16.0291
162.22 16.0291
145.54 16.0291
128.88 16.0291
212.26 16.5719
195.58 16.5719
178.92 16.5719
178.91 17.4486
162.23 17.4486
145.56 17.4486
162.22 17.6053
145.54 17.6053
128.84 17.6053
128.86 16.8317
112.16 16.8317
95.50 16.8317
145.57 16.2166
128.88 16.2166
112.20 16.2166
228.94 16.8632
212.26 16.8632
195.58 16.8632
195.56 17.553
178.90 17.553
162.22 17.553
178.90 16.1452
162.20 16.1452
145.51 16.1452
128.86 16.1452
162.22 16.3817
145.57 16.3817
128.87 16.3817
162.24 16.1876
145.56 16.1876
128.85 16.1876
145.56 19.0558
128.88 19.0558
112.17 19.0558
95.49 19.0558
128.85 16.9094
112.20 16.9094
95.52 16.9094
212.27 19.2486
195.60 19.2486
178.90 19.2486
178.89 16.526
162.24 16.526
145.56 16.526
178.88 18.8211
162.19 18.8211
145.52 18.8211
128.85 18.8211
212.24 17.375
195.58 17.375
178.87 17.375
178.92 16.6124
162.24 16.6124
145.54 16.6124
162.20 17.6711
145.54 17.6711
128.84 17.6711
162.20 17.0278
145.54 17.0278
128.86 17.0278
162.19 16.4141
145.54 16.4141
128.86 16.4141
262.31 19.3784
245.65 19.3784
228.97 19.3784
212.26 19.3784
212.28 16.9123
195.60 16.9123
178.90 16.9123
178.89 18.9928
162.24 18.9928
145.56 18.9928
128.86 18.9928
145.54 16.0107
128.86 16.0107
112.17 16.0107
95.46 16.0107
145.54 17.1954
128.85 17.1954
112.18 17.1954
128.86 16.6599
112.18 16.6599
95.50 16.6599
145.57 16.0677
128.89 16.0677
112.21 16.0677
228.95 19.3751
212.26 19.3751
195.56 19.3751
195.60 16.1032
178.92 16.1032
162.24 16.1032
178.88 17.7123
162.22 17.7123
145.54 17.7123
128.86 17.7123
228.93 16.5978
212.27 16.5978
195.58 16.5978
295.67 16.7742
279.01 16.7742
262.33 16.7742
245.65 16.7742
228.97 16.7742
212.26 16.7742
195.60 16.7742
195.58 16.6945
178.90 16.6945
162.22 16.6945
178.90 19.5511
162.20 19.5511
145.54 19.5511
262.31 17.7446
245.63 17.7446
228.95 17.7446
228.97 16.202
212.28 16.202
195.58 16.202
178.90 16.202
212.26 15.7505
195.58 15.7505
178.88 15.7505
162.22 15.7505
262.33 19.4671
245.65 19.4671
228.97 19.4671
212.28 19.4671
262.31 17.6518
245.63 17.6518
228.97 17.6518
212.28 17.6518
195.59 17.6518
178.90 17.6518
162.22 17.6518
145.56 17.6518
128.88 17.6518
195.60 17.8021
178.90 17.8021
162.22 17.8021
162.22 18.8879
145.54 18.8879
128.86 18.8879
112.18 18.8879
178.92 16.0385
162.22 16.0385
145.56 16.0385
162.24 16.9913
145.56 16.9913
128.88 16.9913
112.20 16.9913
162.22 16.582
145.56 16.582
128.88 16.582
278.97 19.4103
262.28 19.4103
245.61 19.4103
228.92 19.4103
228.94 16.2946
212.29 16.2946
195.58 16.2946
195.60 15.8872
178.92 15.8872
162.24 15.8872
145.56 15.8872
162.24 17.4949
145.54 17.4949
128.88 17.4949
112.18 17.4949
162.24 19.5506
145.56 19.5506
128.88 19.5506
295.69 16.5349
279.01 16.5349
262.31 16.5349
245.65 16.5349
245.63 16.7467
228.95 16.7467
212.26 16.7467
212.26 15.9885
195.58 15.9885
178.90 15.9885
162.22 15.9885
162.22 16.5608
145.54 16.5608
128.86 16.5608
112.18 16.5608
145.54 17.701
128.86 17.701
112.18 17.701
245.61 19.1972
228.93 19.1972
212.24 19.1972
212.26 17.4135
195.58 17.4135
178.90 17.4135
195.58 15.9044
178.90 15.9044
162.22 15.9044
145.54 15.9044
145.54 16.167
128.88 16.167
112.18 16.167
95.50 16.167
162.20 19.1833
145.52 19.1833
128.84 19.1833
212.27 16.6107
195.60 16.6107
178.90 16.6107
195.59 17.3936
178.93 17.3936
162.23 17.3936
195.58 16.5469
178.90 16.5469
162.24 16.5469
245.63 19.0588
228.97 19.0588
212.26 19.0588
195.58 19.0588
195.60 17.3724
178.90 17.3724
162.24 17.3724
145.56 17.3724
128.86 17.3724
112.18 17.3724
178.94 19.2803
162.24 19.2803
145.58 19.2803
245.63 15.8797
228.97 15.8797
212.26 15.8797
195.58 15.8797
262.29 15.9488
245.61 15.9488
228.93 15.9488
228.95 19.076
212.26 19.076
195.58 19.076
178.90 19.076
162.22 19.076
145.51 19.076
128.88 19.076
195.59 17.2731
178.91 17.2731
162.22 17.2731
262.29 19.0375
245.61 19.0375
228.93 19.0375
212.24 19.0375
278.97 15.9941
262.28 15.9941
245.63 15.9941
228.92 15.9941
345.71 19.0103
329.04 19.0103
312.35 19.0103
295.67 19.0103
279.01 19.0103
262.30 19.0103
245.63 19.0103
228.92 19.0103
212.28 19.0103
195.60 19.0103
195.59 17.3348
178.92 17.3348
162.26 17.3348
162.21 16.5212
145.56 16.5212
128.88 16.5212
145.54 19.0376
128.88 19.0376
112.19 19.0376
195.58 19.3981
178.90 19.3981
162.24 19.3981
262.33 16.129
245.63 16.129
228.95 16.129
212.27 16.129
262.31 16.1976
245.63 16.1976
228.95 16.1976
212.27 16.1976
195.59 16.1976
178.91 16.1976
162.24 16.1976
145.54 16.1976
128.86 16.1976
112.17 16.1976
178.88 15.5595
162.20 15.5595
145.54 15.5595
245.63 19.0551
228.94 19.0551
212.24 19.0551
195.56 19.0551
195.56 17.3118
178.90 17.3118
162.19 17.3118
195.58 17.5176
178.89 17.5176
162.24 17.5176
162.22 15.7759
145.54 15.7759
128.86 15.7759
162.24 15.4743
145.56 15.4743
128.88 15.4743
112.18 15.4743
145.54 15.445
128.88 15.445
112.20 15.445
178.92 16.444
162.24 16.444
145.56 16.444
262.32 18.5045
245.65 18.5045
228.97 18.5045
212.26 18.5045
212.25 15.8377
195.58 15.8377
178.88 15.8377
162.20 15.8377
195.59 16.3235
178.91 16.3235
162.23 16.3235
145.55 16.3235
162.22 15.9115
145.54 15.9115
128.85 15.9115
112.18 15.9115
145.54 15.6251
128.86 15.6251
112.18 15.6251
262.31 17.1236
245.59 17.1236
228.94 17.1236
228.97 19.0273
212.29 19.0273
195.59 19.0273
245.61 16.4431
228.93 16.4431
212.25 16.4431
195.56 16.4431
178.88 16.4431
162.20 16.4431
145.51 16.4431
145.57 15.8605
128.88 15.8605
112.21 15.8605
162.22 17.2233
145.51 17.2233
128.83 17.2233
128.86 15.1866
112.20 15.1866
95.49 15.1866
145.56 15.4305
128.86 15.4305
112.20 15.4305
245.63 16.3577
228.97 16.3577
212.28 16.3577
362.42 17.1781
345.74 17.1781
329.06 17.1781
312.35 17.1781
295.69 17.1781
279.01 17.1781
262.31 17.1781
312.35 18.8924
295.66 18.8924
279.01 18.8924
262.33 18.8924
245.65 18.8924
228.94 18.8924
212.29 18.8924
195.56 18.8924
178.90 18.8924
162.24 18.8924
262.33 19.0623
245.62 19.0623
228.95 19.0623
212.28 19.0623
212.24 14.6336
195.59 14.6336
178.93 14.6336
162.25 14.6336
145.54 14.6336
145.54 14.8058
128.88 14.8058
112.17 14.8058
162.23 14.776
145.57 14.776
128.87 14.776
112.18 14.776
162.22 15.5022
145.51 15.5022
128.83 15.5022
162.23 15.5957
145.54 15.5957
128.86 15.5957
162.25 19.3938
145.57 19.3938
128.86 19.3938
195.57 19.3825
178.89 19.3825
162.22 19.3825
145.54 19.3825
145.56 17.1979
128.85 17.1979
112.17 17.1979
162.22 15.2837
145.54 15.2837
128.84 15.2837
262.33 15.9182
245.62 15.9182
228.97 15.9182
295.67 16.358
278.99 16.358
262.31 16.358
245.65 16.358
228.97 16.358
212.27 16.358
195.59 16.358
245.61 15.4539
228.93 15.4539
212.27 15.4539
195.59 15.4539
178.90 15.4539
162.20 15.4539
145.54 15.4539
128.83 15.4539
112.16 15.4539
162.22 17.3216
145.54 17.3216
128.86 17.3216
228.95 15.5671
212.24 15.5671
195.56 15.5671
262.29 19.0945
245.59 19.0945
278.99 19.0128
262.31 19.0128
245.63 19.0128
228.93 19.0128
212.26 19.0128
195.58 19.0128
178.88 19.0128
178.92 16.5556
162.24 16.5556
145.56 16.5556
128.88 16.5556
178.89 14.3746
162.23 14.3746
145.54 14.3746
128.86 14.3746
195.60 15.0224
178.92 15.0224
162.24 15.0224
178.90 15.3235
162.20 15.3235
145.52 15.3235
195.60 17.1515
178.90 17.1515
162.24 17.1515
162.22 14.6235
145.54 14.6235
128.86 14.6235
112.16 14.6235
162.22 15.6166
145.54 15.6166
128.86 15.6166
228.95 14.3214
212.27 14.3214
195.61 14.3214
195.56 16.0983
178.90 16.0983
162.20 16.0983
178.88 15.6335
162.22 15.6335
145.54 15.6335
178.90 14.7341
162.20 14.7341
145.53 14.7341
128.86 14.7341
178.88 15.5967
162.22 15.5967
145.54 15.5967
162.22 17.1909
145.54 17.1909
128.84 17.1909
178.90 14.7314
162.22 14.7314
145.54 14.7314
212.26 15.9303
195.58 15.9303
178.90 15.9303
162.20 15.9303
178.90 18.0366
162.24 18.0366
145.56 18.0366
178.88 16.5039
162.22 16.5039
145.54 16.5039
178.90 15.6008
162.24 15.6008
145.56 15.6008
128.86 15.6008
162.24 15.1082
145.56 15.1082
128.88 15.1082
245.63 14.5175
228.93 14.5175
212.26 14.5175
195.58 14.5175
312.33 15.5556
295.67 15.5556
278.99 15.5556
278.99 19.1817
262.29 19.1817
245.63 19.1817
228.94 19.1817
212.26 19.1817
195.58 19.1817
178.90 19.1817
178.90 16.6206
162.24 16.6206
145.56 16.6206
128.88 16.6206
178.93 15.3693
162.26 15.3693
145.57 15.3693
128.88 15.3693
195.56 15.7619
178.88 15.7619
162.22 15.7619
162.22 15.2129
145.54 15.2129
128.86 15.2129
178.92 15.33
162.22 15.33
145.54 15.33
195.60 16.1108
178.92 16.1108
162.22 16.1108
145.56 16.1108
178.90 14.7065
162.22 14.7065
145.54 14.7065
228.97 17.1509
212.28 17.1509
195.60 17.1509
178.92 17.1509
195.60 16.5424
178.90 16.5424
162.22 16.5424
195.58 15.0433
178.88 15.0433
162.20 15.0433
195.56 15.7102
178.90 15.7102
162.22 15.7102
145.52 15.7102
195.59 15.0111
178.93 15.0111
162.25 15.0111
178.92 15.9838
162.22 15.9838
145.54 15.9838
128.86 15.9838
178.90 17.0491
162.22 17.0491
145.52 17.0491
212.27 15.487
195.59 15.487
178.93 15.487
162.24 15.487
162.22 15.0495
145.56 15.0495
128.86 15.0495
178.90 17.9353
162.20 17.9353
145.54 17.9353
162.22 16.2725
145.54 16.2725
128.88 16.2725
178.88 15.6052
162.22 15.6052
145.52 15.6052
279.01 15.6623
262.31 15.6623
245.65 15.6623
228.95 15.6623
228.95 15.0917
212.26 15.0917
195.60 15.0917
245.63 15.5684
228.95 15.5684
212.29 15.5684
195.58 15.5684
228.97 15.6714
212.29 15.6714
195.57 15.6714
178.92 15.6714
162.24 15.6714
145.56 15.6714
212.26 16.9811
195.58 16.9811
178.88 16.9811
195.58 14.881
178.90 14.881
162.22 14.881
145.54 14.881
195.58 16.1418
178.90 16.1418
162.22 16.1418
162.24 15.2304
145.54 15.2304
128.88 15.2304
112.18 15.2304
162.22 14.4445
145.54 14.4445
128.86 14.4445
195.60 15.8666
178.90 15.8666
162.24 15.8666
278.97 19.5159
262.29 19.5159
245.61 19.5159
279.01 16.7488
262.32 16.7488
245.66 16.7488
228.96 16.7488
212.28 16.7488
195.62 16.7488
178.92 16.7488
162.24 16.7488
145.54 16.7488
162.24 15.2124
145.52 15.2124
128.88 15.2124
178.90 14.6862
162.24 14.6862
145.54 14.6862
128.86 14.6862
195.58 15.0296
178.90 15.0296
162.22 15.0296
178.91 14.6521
162.21 14.6521
145.53 14.6521
195.58 17.6299
178.90 17.6299
162.24 17.6299
312.38 19.0524
295.68 19.0524
279.00 19.0524
262.34 19.0524
295.68 16.8264
279.01 16.8264
262.33 16.8264
245.63 16.8264
228.95 16.8264
212.27 16.8264
195.59 16.8264
262.33 15.4043
245.63 15.4043
228.94 15.4043
212.28 15.4043
262.33 14.8603
245.61 14.8603
228.97 14.8603
212.26 14.8603
195.58 14.8603
178.90 14.8603
162.22 14.8603
162.21 15.799
145.56 15.799
128.85 15.799
178.92 16.304
162.22 16.304
145.54 16.304
128.88 16.304
162.22 15.577
145.54 15.577
128.86 15.577
162.22 15.5135
145.54 15.5135
128.86 15.5135
178.90 16.4279
162.24 16.4279
145.54 16.4279
228.99 15.9205
212.31 15.9205
195.63 15.9205
178.93 15.9205
178.90 17.1524
162.22 17.1524
145.56 17.1524
162.21 15.5436
145.54 15.5436
128.86 15.5436
178.86 14.3118
162.20 14.3118
145.52 14.3118
178.90 15.2685
162.22 15.2685
145.54 15.2685
178.90 15.547
162.22 15.547
145.54 15.547
128.86 15.547
145.55 15.1451
128.87 15.1451
112.18 15.1451
178.90 15.2127
162.22 15.2127
145.56 15.2127
145.55 16.3587
128.87 16.3587
112.18 16.3587
162.23 14.7576
145.57 14.7576
128.87 14.7576
162.23 15.7991
145.54 15.7991
128.84 15.7991
162.22 17.0266
145.54 17.0266
128.85 17.0266
145.52 14.8405
128.83 14.8405
112.15 14.8405
145.52 16.8086
128.83 16.8086
112.15 16.8086
195.56 15.5075
178.87 15.5075
162.19 15.5075
162.22 15.6211
145.52 15.6211
128.84 15.6211
162.20 16.1071
145.54 16.1071
128.86 16.1071
162.24 15.7874
145.56 15.7874
128.88 15.7874
178.94 16.6991
162.26 16.6991
145.58 16.6991
212.26 16.1522
195.58 16.1522
178.90 16.1522
162.22 16.1522
162.24 16.0514
145.56 16.0514
128.86 16.0514
162.22 15.4265
145.54 15.4265
128.86 15.4265
162.22 17.6286
145.52 17.6286
128.84 17.6286
178.90 19.0244
162.22 19.0244
145.54 19.0244
295.65 17.3807
278.97 17.3807
262.29 17.3807
245.61 17.3807
312.33 15.4888
295.65 15.4888
278.97 15.4888
262.29 15.4888
245.60 15.4888
228.92 15.4888
212.24 15.4888
195.56 15.4888
178.88 15.4888
162.20 15.4888
212.26 15.5461
195.58 15.5461
178.90 15.5461
162.22 15.5461
262.31 16.4902
245.63 16.4902
228.95 16.4902
212.26 16.4902
228.94 15.6836
212.26 15.6836
195.57 15.6836
178.90 15.6836
162.22 15.6836
145.54 15.6836
212.26 19.1025
195.58 19.1025
178.90 19.1025
178.90 15.5778
162.22 15.5778
145.54 15.5778
128.86 15.5778
178.90 19.2181
162.22 19.2181
145.54 19.2181
278.99 17.372
262.31 17.372
245.63 17.372
228.95 17.372
228.95 17.4795
212.26 17.4795
195.58 17.4795
295.67 19.1036
278.99 19.1036
262.31 19.1036
245.63 19.1036
228.95 19.1036
212.26 19.1036
195.58 19.1036
178.90 19.1036
178.90 15.7258
162.22 15.7258
145.54 15.7258
178.90 16.5012
162.22 16.5012
145.54 16.5012
245.65 16.6112
228.97 16.6112
212.28 16.6112
195.60 16.6112
195.60 16.1345
178.92 16.1345
162.24 16.1345
178.92 17.5767
162.24 17.5767
145.55 17.5767
162.22 16.7293
145.54 16.7293
128.86 16.7293
178.92 19.1869
162.24 19.1869
145.56 19.1869
279.01 15.1638
262.33 15.1638
245.63 15.1638
228.97 15.1638
228.93 15.2222
212.26 15.2222
195.58 15.2222
295.68 15.7626
279.00 15.7626
262.31 15.7626
245.63 15.7626
228.95 15.7626
212.25 15.7626
195.59 15.7626
178.91 15.7626
228.95 16.1395
212.26 16.1395
195.58 16.1395
178.90 16.1395
162.22 16.1395
145.54 16.1395
212.27 17.3236
195.58 17.3236
178.85 17.3236
162.20 17.3236
162.20 16.1847
145.52 16.1847
128.86 16.1847
112.16 16.1847
178.92 16.0148
162.19 16.0148
145.54 16.0148
279.01 16.5213
262.33 16.5213
245.65 16.5213
228.96 16.5213
228.97 18.8064
212.28 18.8064
195.60 18.8064
212.29 17.4164
195.59 17.4164
178.90 17.4164
212.26 14.9841
195.58 14.9841
178.90 14.9841
162.22 14.9841
195.58 15.7134
178.90 15.7134
162.22 15.7134
195.59 15.6539
178.91 15.6539
162.23 15.6539
145.55 15.6539
128.86 15.6539
178.91 18.3419
162.23 18.3419
145.55 18.3419
245.63 16.4643
228.95 16.4643
212.27 16.4643
195.61 16.4643
212.27 17.0884
195.59 17.0884
178.91 17.0884
162.25 17.0884
145.54 17.0884
128.86 17.0884
195.58 19.1137
178.89 19.1137
162.22 19.1137
295.67 15.8063
278.99 15.8063
262.31 15.8063
245.62 15.8063
245.62 17.3355
228.97 17.3355
212.27 17.3355
262.30 16.0186
245.60 16.0186
228.93 16.0186
212.25 16.0186
245.62 15.8853
228.97 15.8853
212.26 15.8853
195.58 15.8853
178.92 15.8853
162.22 15.8853
145.53 15.8853
228.94 19.5199
212.25 19.5199
195.57 19.5199
312.35 16.1446
295.67 16.1446
278.99 16.1446
262.33 16.1446
245.65 16.1446
262.30 17.6009
245.65 17.6009
228.97 17.6009
212.26 17.6009
195.58 17.6009
178.90 17.6009
162.24 17.6009
145.54 17.6009
195.59 16.1918
178.91 16.1918
162.22 16.1918
145.54 16.1918
145.57 16.9104
128.89 16.9104
112.19 16.9104
162.23 16.7953
145.54 16.7953
128.86 16.7953
145.55 15.9353
128.86 15.9353
112.18 15.9353
162.22 15.5014
145.54 15.5014
128.85 15.5014
178.90 16.4706
162.22 16.4706
145.53 16.4706
195.57 15.9219
178.90 15.9219
162.20 15.9219
145.53 15.9219
212.24 17.3248
195.58 17.3248
178.90 17.3248
162.24 17.3248
262.30 16.2222
245.62 16.2222
228.94 16.2222
228.96 15.9516
212.26 15.9516
195.60 15.9516
178.90 15.9516
162.22 15.9516
145.54 15.9516
145.53 19.2939
128.86 19.2939
112.18 19.2939
145.54 16.0064
128.86 16.0064
112.20 16.0064
178.90 15.4169
162.22 15.4169
145.53 15.4169
162.22 15.1748
145.54 15.1748
128.86 15.1748
178.90 15.8526
162.22 15.8526
145.54 15.8526
162.22 16.3687
145.54 16.3687
128.86 16.3687
112.19 16.3687
145.54 16.763
128.86 16.763
112.18 16.763
178.88 17.3838
162.21 17.3838
145.56 17.3838
162.22 16.3495
145.54 16.3495
128.86 16.3495
178.90 15.7773
162.22 15.7773
145.56 15.7773
178.92 16.7225
162.22 16.7225
145.56 16.7225
128.86 16.7225
162.22 18.7397
145.54 18.7397
128.86 18.7397
228.97 16.0868
212.27 16.0868
195.61 16.0868
178.92 16.0868
178.92 16.4502
162.19 16.4502
145.54 16.4502
195.58 17.4695
178.90 17.4695
162.22 17.4695
195.58 16.4684
178.90 16.4684
162.22 16.4684
145.56 16.4684
162.22 16.6785
145.54 16.6785
128.84 16.6785
145.54 16.2552
128.86 16.2552
112.18 16.2552
95.51 16.2552
162.22 16.3171
145.54 16.3171
128.86 16.3171
228.93 16.6963
212.25 16.6963
195.56 16.6963
195.55 15.8256
178.88 15.8256
162.20 15.8256
195.56 19.4118
178.89 19.4118
162.20 19.4118
379.08 18.478
362.40 18.478
345.72 18.478
329.04 18.478
312.37 18.478
295.69 18.478
279.01 18.478
279.01 15.707
262.33 15.707
245.65 15.707
228.97 15.707
228.97 16.7119
212.29 16.7119
195.60 16.7119
178.92 16.7119
178.92 15.2357
162.22 15.2357
145.56 15.2357
128.85 15.2357
162.22 15.9849
145.54 15.9849
128.86 15.9849
128.86 17.3382
112.18 17.3382
95.50 17.3382
145.54 17.5057
128.86 17.5057
112.19 17.5057
212.26 16.4007
195.58 16.4007
178.90 16.4007
178.90 16.3032
162.22 16.3032
145.54 16.3032
178.90 16.0446
162.22 16.0446
145.54 16.0446
145.52 18.9386
128.84 18.9386
112.15 18.9386
162.22 16.7605
145.54 16.7605
128.86 16.7605
145.54 16.324
128.86 16.324
112.18 16.324
162.22 18.6753
145.54 18.6753
128.86 18.6753
228.93 16.8137
212.24 16.8137
195.56 16.8137
195.58 16.6938
178.90 16.6938
162.22 16.6938
178.90 15.6995
162.22 15.6995
145.54 15.6995
145.54 17.4002
128.85 17.4002
112.18 17.4002
145.54 19.4006
128.86 19.4006
112.18 19.4006
228.95 16.5584
212.26 16.5584
195.58 16.5584
195.58 16.1469
178.90 16.1469
162.22 16.1469
245.63 17.7661
228.95 17.7661
212.27 17.7661
195.58 17.7661
178.90 17.7661
162.22 17.7661
145.54 17.7661
145.54 16.2487
128.86 16.2487
112.17 16.2487
162.22 17.0296
145.54 17.0296
128.86 17.0296
262.31 16.9995
245.65 16.9995
228.97 16.9995
228.94 15.6415
212.26 15.6415
195.58 15.6415
195.58 19.5821
178.90 19.5821
162.22 19.5821
162.22 16.09
145.54 16.09
128.86 16.09
162.24 16.978
145.56 16.978
128.86 16.978
162.24 15.9833
145.53 15.9833
128.86 15.9833
178.88 16.7245
162.20 16.7245
145.54 16.7245
245.65 18.9675
228.97 18.9675
212.26 18.9675
195.58 18.9675
195.58 16.4214
178.90 16.4214
162.24 16.4214
178.90 16.8865
162.24 16.8865
145.54 16.8865
145.56 19.4985
128.86 19.4985
112.20 19.4985
162.22 17.6627
145.54 17.6627
128.88 17.6627
295.65 15.5212
278.97 15.5212
262.31 15.5212
278.99 16.5517
262.31 16.5517
245.62 16.5517
228.95 16.5517
212.26 16.5517
195.58 16.5517
178.92 16.5517
178.88 16.837
162.20 16.837
145.54 16.837
128.86 16.837
195.58 15.8378
178.90 15.8378
162.22 15.8378
145.54 15.8378
128.86 15.8378
178.88 16.5154
162.20 16.5154
145.52 16.5154
162.24 15.8165
145.55 15.8165
128.88 15.8165
112.20 15.8165
162.24 15.9183
145.56 15.9183
128.86 15.9183
178.92 16.4075
162.26 16.4075
145.59 16.4075
128.88 16.4075
162.24 16.2218
145.56 16.2218
128.86 16.2218
212.25 16.0931
195.58 16.0931
178.90 16.0931
162.20 16.0931
162.22 16.0424
145.54 16.0424
128.86 16.0424
162.19 17.4256
145.52 17.4256
128.86 17.4256
145.54 16.7641
128.88 16.7641
112.18 16.7641
145.54 17.554
128.86 17.554
112.19 17.554
228.95 16.5943
212.26 16.5943
195.56 16.5943
195.58 16.2306
178.90 16.2306
162.24 16.2306
178.93 19.3371
162.24 19.3371
145.55 19.3371
162.22 16.3364
145.54 16.3364
128.88 16.3364
112.16 16.3364
162.20 18.7843
145.52 18.7843
128.84 18.7843
312.35 16.7558
295.69 16.7558
279.01 16.7558
262.31 16.7558
262.31 17.0213
245.66 17.0213
228.95 17.0213
312.35 16.3293
295.67 16.3293
278.99 16.3293
262.31 16.3293
245.63 16.3293
228.94 16.3293
212.26 16.3293
195.60 16.3293
178.90 16.3293
162.24 16.3293
162.22 17.0537
145.54 17.0537
128.86 17.0537
162.20 17.7917
145.52 17.7917
128.84 17.7917
145.54 18.9521
128.88 18.9521
112.18 18.9521
178.90 16.5695
162.22 16.5695
145.54 16.5695
295.65 17.5098
278.97 17.5098
262.29 17.5098
245.61 17.5098
262.31 16.823
245.65 16.823
228.95 16.823
212.27 16.823
228.97 16.1029
212.29 16.1029
195.60 16.1029
178.92 16.1029
178.90 18.4951
162.24 18.4951
145.56 18.4951
178.92 16.0151
162.24 16.0151
145.54 16.0151
128.88 16.0151
145.57 16.3226
128.88 16.3226
112.20 16.3226
162.22 15.9331
145.54 15.9331
128.84 15.9331
245.63 16.0339
228.94 16.0339
212.26 16.0339
195.58 16.0339
212.25 15.9949
195.59 15.9949
178.90 15.9949
162.20 15.9949
145.54 15.9949
128.86 15.9949
212.27 17.3017
195.59 17.3017
178.90 17.3017
178.90 16.5868
162.22 16.5868
145.54 16.5868
128.88 16.5868
178.89 16.593
162.18 16.593
145.52 16.593
128.84 16.593
145.56 15.7336
128.86 15.7336
112.18 15.7336
162.24 18.2554
145.54 18.2554
128.86 18.2554
228.93 17.1245
212.24 17.1245
195.54 17.1245
178.88 17.1245
178.92 15.8574
162.24 15.8574
145.54 15.8574
178.90 15.5251
162.21 15.5251
145.54 15.5251
162.22 16.3219
145.56 16.3219
128.88 16.3219
112.18 16.3219
162.22 16.2552
145.52 16.2552
128.88 16.2552
145.56 16.2319
128.86 16.2319
112.18 16.2319
95.49 16.2319
145.54 16.0083
128.88 16.0083
112.20 16.0083
195.58 17.876
178.89 17.876
162.24 17.876
162.22 15.9255
145.54 15.9255
128.88 15.9255
178.90 16.3834
162.22 16.3834
145.56 16.3834
162.23 16.4563
145.54 16.4563
128.87 16.4563
112.20 16.4563
162.22 16.8692
145.54 16.8692
128.84 16.8692
262.31 15.5324
245.63 15.5324
228.97 15.5324
228.95 16.6093
212.30 16.6093
195.60 16.6093
178.92 16.6093
162.24 16.6093
145.56 16.6093
128.88 16.6093
162.24 15.9621
145.54 15.9621
128.86 15.9621
112.20 15.9621
128.86 15.5265
112.18 15.5265
95.50 15.5265
162.23 16.1481
145.57 16.1481
128.88 16.1481
145.55 16.121
128.86 16.121
112.16 16.121
162.19 19.0368
145.53 19.0368
128.84 19.0368
245.62 17.4815
228.94 17.4815
212.26 17.4815
195.58 17.4815
195.58 15.0801
178.90 15.0801
162.22 15.0801
178.90 18.6509
162.22 18.6509
145.56 18.6509
128.88 18.6509
228.95 17.1421
212.25 17.1421
195.58 17.1421
195.58 15.8301
178.88 15.8301
162.20 15.8301
195.56 19.031
178.88 19.031
162.20 19.031
162.20 15.9037
145.52 15.9037
128.84 15.9037
112.16 15.9037
162.22 15.6176
145.49 15.6176
128.84 15.6176
145.54 16.2278
128.88 16.2278
112.20 16.2278
95.52 16.2278
145.54 16.5579
128.88 16.5579
112.20 16.5579
228.95 16.5437
212.25 16.5437
195.54 16.5437
195.60 18.5485
178.90 18.5485
162.21 18.5485
212.24 17.2456
195.58 17.2456
178.88 17.2456
162.20 17.2456
278.99 19.3036
262.31 19.3036
245.63 19.3036
228.97 19.3036
379.08 19.1785
362.40 19.1785
345.72 19.1785
329.05 19.1785
312.37 19.1785
295.69 19.1785
278.99 19.1785
262.33 19.1785
245.65 19.1785
228.97 19.1785
228.97 16.3731
212.26 16.3731
195.58 16.3731
195.60 15.9627
178.92 15.9627
162.22 15.9627
162.22 16.6706
145.56 16.6706
128.86 16.6706
145.56 15.7719
128.88 15.7719
112.18 15.7719
228.93 16.6288
212.27 16.6288
195.57 16.6288
195.59 17.4966
178.91 17.4966
162.23 17.4966
162.22 15.438
145.54 15.438
128.87 15.438
145.54 16.6869
128.86 16.6869
112.18 16.6869
95.52 16.6869
162.22 17.4797
145.54 17.4797
128.88 17.4797
228.94 19.0814
212.26 19.0814
195.58 19.0814
195.58 16.1661
178.88 16.1661
162.20 16.1661
145.52 16.1661
128.86 16.1661
112.18 16.1661
178.92 16.7853
162.22 16.7853
145.54 16.7853
145.56 18.9109
128.86 18.9109
112.18 18.9109
145.54 18.9446
128.86 18.9446
112.16 18.9446
145.52 16.4962
128.84 16.4962
112.14 16.4962
145.54 15.7449
128.86 15.7449
112.17 15.7449
279.01 17.6088
262.31 17.6088
245.63 17.6088
228.97 17.6088
295.69 16.254
278.99 16.254
262.31 16.254
278.99 19.2502
262.29 19.2502
245.63 19.2502
228.92 19.2502
212.24 19.2502
195.56 19.2502
178.90 19.2502
162.20 19.2502
145.51 19.2502
128.84 19.2502
112.16 19.2502
162.22 16.8787
145.54 16.8787
145.54 16.3001
128.86 16.3001
112.17 16.3001
162.23 16.2245
145.55 16.2245
128.87 16.2245
278.99 17.2322
262.33 17.2322
245.65 17.2322
245.63 19.3514
228.95 19.3514
212.25 19.3514
212.27 17.8183
195.58 17.8183
178.90 17.8183
162.22 17.8183
162.22 16.4918
145.56 16.4918
128.84 16.4918
162.24 17.0599
145.56 17.0599
128.86 17.0599
162.22 16.1881
145.53 16.1881
128.87 16.1881
178.88 15.875
162.20 15.875
145.52 15.875
279.01 16.6504
262.32 16.6504
245.62 16.6504
228.94 16.6504
228.95 16.9086
212.26 16.9086
195.59 16.9086
245.62 16.6025
228.95 16.6025
212.27 16.6025
195.59 16.6025
195.57 16.3004
178.89 16.3004
162.22 16.3004
145.52 16.3004
178.90 18.9133
162.24 18.9133
145.56 18.9133
178.91 15.3689
162.24 15.3689
145.54 15.3689
128.86 15.3689
178.88 16.6209
162.20 16.6209
145.54 16.6209
295.67 18.4542
278.98 18.4542
262.33 18.4542
245.63 18.4542
245.66 16.207
228.95 16.207
212.28 16.207
212.27 17.5135
195.59 17.5135
178.93 17.5135
178.92 14.992
162.24 14.992
145.56 14.992
145.53 15.4501
128.85 15.4501
112.17 15.4501
162.22 15.7801
145.51 15.7801
128.84 15.7801
162.20 16.5419
145.51 16.5419
128.86 16.5419
145.56 16.1251
128.85 16.1251
112.18 16.1251
162.20 15.8872
145.49 15.8872
128.84 15.8872
178.92 15.7625
162.24 15.7625
145.56 15.7625
145.55 15.6674
128.86 15.6674
112.21 15.6674
162.21 17.1247
145.53 17.1247
128.88 17.1247
145.56 15.541
128.85 15.541
112.20 15.541
162.21 16.1371
145.54 16.1371
128.85 16.1371
228.95 18.0738
212.27 18.0738
195.60 18.0738
195.58 15.576
178.90 15.576
162.22 15.576
162.23 16.7022
145.55 16.7022
128.87 16.7022
145.53 15.7548
128.86 15.7548
112.20 15.7548
162.20 19.2779
145.54 19.2779
128.84 19.2779
278.98 16.3757
262.30 16.3757
245.62 16.3757
245.63 15.9552
228.97 15.9552
212.26 15.9552
228.94 16.4332
212.26 16.4332
195.58 16.4332
178.90 16.4332
178.92 17.5048
162.24 17.5048
145.56 17.5048
128.86 17.5048
195.59 18.7917
178.88 18.7917
162.25 18.7917
195.60 16.8479
178.90 16.8479
162.22 16.8479
145.54 16.8479
195.56 16.2758
178.88 16.2758
162.20 16.2758
145.52 16.2758
279.00 16.1005
262.31 16.1005
245.63 16.1005
228.95 16.1005
228.96 15.7832
212.25 15.7832
195.59 15.7832
195.61 15.5693
178.91 15.5693
162.22 15.5693
145.56 15.5693
178.90 15.2942
162.25 15.2942
145.55 15.2942
195.58 18.4611
178.90 18.4611
162.23 18.4611
145.54 18.4611
162.19 16.2797
145.51 16.2797
128.83 16.2797
195.56 15.2972
178.88 15.2972
162.21 15.2972
312.33 15.4737
295.65 15.4737
278.97 15.4737
262.31 15.4737
295.67 14.5506
278.98 14.5506
262.33 14.5506
245.63 14.5506
228.97 14.5506
212.28 14.5506
195.60 14.5506
178.92 14.5506
162.24 14.5506
178.90 16.4345
162.22 16.4345
145.54 16.4345
178.90 15.6712
162.22 15.6712
145.54 15.6712
128.86 15.6712
145.54 15.0302
128.86 15.0302
112.18 15.0302
162.22 14.7368
145.54 14.7368
128.86 14.7368
178.88 13.9091
162.20 13.9091
145.54 13.9091
178.90 14.5208
162.22 14.5208
145.54 14.5208
178.90 13.9157
162.22 13.9157
145.54 13.9157
178.90 14.9265
162.22 14.9265
145.54 14.9265
128.86 14.9265
162.22 15.1112
145.54 15.1112
128.86 15.1112
145.54 14.4458
128.86 14.4458
112.18 14.4458
162.22 16.8273
145.54 16.8273
128.86 16.8273
162.22 15.4055
145.54 15.4055
128.86 15.4055
162.22 14.5881
145.54 14.5881
128.86 14.5881
178.90 14.2334
162.22 14.2334
145.54 14.2334
212.26 15.3545
195.58 15.3545
178.90 15.3545
178.90 14.2374
162.22 14.2374
145.54 14.2374
162.22 15.2817
145.54 15.2817
128.86 15.2817
162.22 14.6215
145.54 14.6215
128.86 14.6215
112.18 14.6215
178.90 15.5124
162.22 15.5124
145.54 15.5124
245.63 17.655
228.95 17.655
212.27 17.655
212.26 14.4393
195.58 14.4393
178.90 14.4393
178.90 15.5674
162.22 15.5674
145.54 15.5674
178.90 16.1293
162.22 16.1293
145.54 16.1293
128.86 16.1293
195.62 14.8736
178.94 14.8736
162.25 14.8736
178.93 14.9867
162.25 14.9867
145.56 14.9867
212.26 15.6068
195.58 15.6068
178.90 15.6068
178.90 15.0193
162.22 15.0193
145.54 15.0193
128.86 15.0193
195.56 14.8767
178.88 14.8767
162.20 14.8767
212.24 14.1305
195.56 14.1305
178.88 14.1305
178.90 16.0718
162.20 16.0718
145.54 16.0718
128.86 16.0718
195.58 15.4938
178.90 15.4938
162.22 15.4938
178.90 15.1196
162.22 15.1196
145.53 15.1196
128.86 15.1196
178.90 16.3613
162.22 16.3613
145.54 16.3613
162.22 14.6811
145.54 14.6811
128.86 14.6811
178.90 14.6021
162.22 14.6021
145.54 14.6021
145.54 15.343
128.86 15.343
112.18 15.343
162.21 14.9631
145.54 14.9631
128.86 14.9631
178.90 16.9216
162.22 16.9216
145.54 16.9216
145.54 14.1335
128.86 14.1335
112.18 14.1335
178.90 14.8137
162.22 14.8137
145.54 14.8137
