1710.56 13.0142
1710.58 12.9393
1710.55 13.0506
1710.58 13.0737
1710.58 13.1674
1710.56 13.3131
1710.56 13.2956
1710.56 13.2089
1710.56 13.1605
1710.53 13.3435
1710.56 13.3448
1710.56 13.4875
1710.56 13.2771
1710.57 13.2794
1710.56 13.4225
1710.54 13.3693
1710.55 13.434
1710.54 13.3016
1710.56 13.3064
1710.56 13.4809
1710.56 13.3612
1710.54 13.4302
1710.56 13.3542
1710.56 13.3806
1693.88 13.3806
1710.56 13.353
1710.56 13.3475
1710.53 13.544
1693.85 13.544
1710.54 13.2876
1693.85 13.2876
1693.87 13.3002
1693.85 13.3262
1693.88 13.4843
1693.87 13.37
1693.87 13.4522
1693.87 13.3999
1693.85 13.2587
1693.87 13.4107
1693.86 13.4129
1693.85 13.3887
1693.89 13.3573
1693.87 13.3146
1693.89 13.3229
1693.89 13.3
1693.87 13.3601
1693.85 13.4191
1693.89 13.5057
1693.85 13.4253
1693.88 13.3091
1693.86 13.3718
1693.87 13.3893
1693.87 13.3224
1693.88 13.4
1693.86 13.3747
1693.87 13.3862
1693.87 13.3212
1693.87 13.4494
1693.87 13.4307
1693.88 13.4416
1693.89 13.4548
1693.85 13.4915
1693.89 13.3136
1693.87 13.4191
1693.85 13.3995
1693.87 13.3454
1677.18 13.3454
1693.86 13.3667
1693.85 13.4542
1693.85 13.4368
1677.17 13.4368
1677.20 13.4362
1677.17 13.5005
1677.17 13.3934
1677.17 13.4781
1677.17 13.5102
1677.17 13.4646
1677.17 13.4977
1677.19 13.4655
1677.19 13.3649
1677.19 13.4356
1677.19 13.5909
1677.19 13.4763
1677.19 13.5466
1677.19 13.5148
1677.17 13.5677
1677.19 13.523
1677.21 13.5296
1677.22 13.4427
1677.19 13.5972
1677.17 13.4606
1677.17 13.5359
1677.20 13.4509
1677.17 13.4171
1677.19 13.4095
1677.20 13.511
1677.21 13.4288
1677.21 13.5581
1677.19 13.5569
1677.20 13.3823
1677.21 13.3114
1677.19 13.4831
1660.51 13.4831
1660.52 13.3966
1677.22 13.6061
1660.54 13.6061
1660.54 13.3568
1660.54 13.544
1660.52 13.3584
1660.49 13.5465
1660.52 13.5076
1660.52 13.4553
1660.52 13.4575
1660.52 13.4582
1660.52 13.3867
1660.54 13.36
1660.54 13.3798
1660.51 13.463
1660.52 13.2949
1660.50 13.424
1660.52 13.4557
1660.52 13.4119
1660.52 13.4259
1660.51 13.3415
1660.52 13.3732
1660.52 13.4329
1660.52 13.5151
1660.54 13.3502
1660.48 13.4932
1660.51 13.3908
1660.52 13.4995
1660.51 13.5647
1660.51 13.2624
1660.53 13.3157
1660.51 13.438
1660.53 13.4138
1660.50 13.5505
1660.49 13.4834
1643.81 13.4834
1643.83 13.4778
1643.83 13.444
1643.85 13.4341
1643.85 13.4775
1660.49 13.5147
1643.81 13.5147
1643.81 13.569
1643.83 13.4391
1643.83 13.4409
1643.83 13.3944
1643.83 13.584
1643.85 13.4589
1643.81 13.4074
1643.82 13.4448
1643.83 13.3868
1643.83 13.7187
1643.83 13.347
1643.82 13.5799
1643.82 13.5738
1643.85 13.3711
1643.83 13.6707
1643.85 13.4913
1643.83 13.438
1643.85 13.448
1643.83 13.5939
1643.83 13.533
1643.83 13.4717
1643.82 13.5425
1643.83 13.4878
1643.83 13.6524
1643.83 13.5677
1643.83 13.5068
1643.80 13.5741
1643.83 13.4438
1643.85 13.5096
1643.83 13.4465
1643.83 13.5811
1643.83 13.5874
1643.81 13.5005
1643.83 13.5072
1643.81 13.4869
1627.13 13.4869
1627.15 13.5278
1627.13 13.5654
1627.14 13.6575
1627.17 13.5707
1627.15 13.5047
1627.13 13.5996
1627.15 13.7041
1627.13 13.5418
1627.17 13.6178
1627.17 13.7275
1627.17 13.7093
1627.17 13.6054
1627.15 13.6059
1627.15 13.5935
1627.17 13.5042
1627.12 13.5982
1627.17 13.5384
1627.12 13.6326
1627.13 13.5302
1627.15 13.611
1627.15 13.635
1627.13 13.6017
1627.15 13.4345
1610.47 13.4345
1627.15 13.4461
1627.14 13.4948
1627.14 13.4176
1610.46 13.4176
1627.12 13.3846
1627.14 13.7039
1610.46 13.7039
1610.49 13.5278
1610.46 13.3822
1610.46 13.4806
1610.47 13.4186
1610.46 13.4097
1610.46 13.5193
1610.46 13.4965
1610.46 13.4455
1610.46 13.516
1610.48 13.66
1610.46 13.5621
1610.46 13.6925
1610.46 13.6141
1610.46 13.506
1610.46 13.5953
1610.44 13.5064
1610.43 13.6698
1610.46 13.5702
1610.46 13.5818
1610.47 13.5771
1610.47 13.7153
1610.46 13.654
1610.49 13.5112
1610.46 13.6044
1610.46 13.6036
1610.49 13.5751
1610.48 13.654
1593.78 13.654
1593.79 13.5607
1593.81 13.6015
1593.78 13.6853
1593.78 13.7165
1593.78 13.5801
1593.78 13.6828
1593.78 13.7451
1593.80 13.5944
1593.78 13.5632
1593.76 13.789
1593.78 13.8301
1593.78 13.6797
1593.79 13.7973
1593.79 13.6733
1593.80 13.8515
1593.80 13.4959
1593.80 13.7201
1593.78 13.7437
1593.76 13.7412
1593.78 13.7025
1593.77 13.5938
1593.78 13.7038
1593.77 13.6328
1593.80 13.55
1593.78 13.5741
1593.81 13.6491
1593.78 13.6298
1593.78 13.5739
1593.79 13.6203
1593.78 13.5307
1593.79 13.6584
1593.79 13.5278
1593.78 13.559
1593.76 13.6209
1593.78 13.6901
1593.78 13.7761
1577.08 13.7761
1577.10 13.592
1577.10 13.5409
1577.09 13.559
1577.10 13.6255
1577.08 13.6872
1577.10 13.7614
1577.11 13.4824
1577.12 13.6134
1577.12 13.5692
1577.11 13.3827
1577.10 13.5486
1577.12 13.6358
1577.12 13.6132
1577.11 13.3196
1577.10 13.4577
1577.10 13.3388
1577.11 13.3808
1577.10 13.4215
1577.08 13.4139
1577.13 13.2102
1577.13 13.2554
1577.07 13.4645
1577.09 13.3216
1577.13 13.3032
1577.11 13.2471
1577.12 13.3557
1577.08 13.1949
1577.10 13.2554
1577.10 13.3563
1577.12 13.2389
1577.10 13.4278
1577.12 13.1495
1577.10 13.2551
1577.12 13.2445
1577.10 13.2832
1577.08 13.2443
1577.10 13.3339
1577.11 13.2807
1560.43 13.2807
1560.43 13.1381
1560.43 13.2135
1560.43 13.102
1560.43 13.5705
1560.43 13.2458
1577.11 13.2267
1560.43 13.2267
1577.09 13.3808
1560.40 13.3808
1560.42 13.2353
1560.44 13.4844
1560.42 13.3833
1560.42 13.4174
1560.40 13.3086
1560.42 13.3858
1560.42 13.2729
1560.42 13.2913
1560.43 13.2912
1560.40 13.3684
1560.40 13.3134
1560.42 13.4313
1560.42 13.4315
1560.42 13.5019
1560.40 13.5977
1560.41 13.516
1560.42 13.4246
1560.40 13.2755
1560.42 13.4214
1560.39 13.5944
1560.39 13.5037
1560.44 13.3329
1560.42 13.5128
1560.42 13.3899
1560.42 13.3995
1560.40 13.4509
1560.42 13.349
1560.41 13.2954
1560.40 13.4108
1560.40 13.2837
1560.42 13.3276
1560.42 13.3815
1560.42 13.3533
1560.44 13.3681
1560.41 13.2919
1543.73 13.2919
1543.72 13.526
1543.74 13.4316
1543.72 13.18
1543.72 13.2339
1543.74 13.2697
1543.74 13.3201
1543.72 13.4387
1543.72 13.2398
1543.78 13.2725
1543.74 13.3226
1543.76 13.4151
1543.74 13.2922
1543.74 13.3205
1543.76 13.344
1543.73 13.2277
1543.74 13.3596
1543.74 13.4319
1543.76 13.5358
1543.74 13.2964
1543.76 13.4648
1543.74 13.3723
1543.74 13.1655
1543.76 13.3384
1543.74 13.3947
1543.74 13.4699
1543.74 13.5424
1543.74 13.4598
1543.74 13.2511
1543.74 13.4045
1543.74 13.2919
1543.74 13.3982
1543.73 13.4548
1543.76 13.3715
1543.76 13.3743
1543.74 13.3905
1543.73 13.5255
1527.05 13.5255
1527.06 13.36
1527.06 13.5016
1527.05 13.3917
1527.06 13.4491
1527.06 13.4064
1527.07 13.2665
1527.06 13.45
1527.04 13.5613
1527.01 13.2647
1527.06 13.4121
1527.06 13.3547
1527.06 13.4042
1527.06 13.457
1527.08 13.4238
1527.03 13.5178
1527.03 13.3345
1527.05 13.468
1527.08 13.5301
1527.05 13.6164
1527.03 13.5724
1527.05 13.4118
1527.08 13.4226
1527.03 13.4991
1527.06 13.4816
1527.06 13.4726
1527.06 13.6028
1527.08 13.4627
1527.08 13.5537
1527.08 13.5765
1527.06 13.3564
1527.04 13.5228
1527.06 13.4684
1527.05 13.6041
1527.04 13.4904
1527.06 13.4529
1527.06 13.6057
1510.35 13.6057
1510.36 13.5434
1510.36 13.4917
1510.38 13.4147
1510.39 13.4704
1510.38 13.3297
1510.37 13.4394
1510.36 13.4606
1510.37 13.4838
1510.38 13.4023
1510.36 13.4782
1510.36 13.3998
1510.36 13.5292
1510.39 13.3046
1510.38 13.4438
1510.36 13.4198
1510.36 13.4549
1510.39 13.3815
1510.40 13.5409
1510.38 13.419
1510.35 13.4951
1510.38 13.3677
1510.40 13.551
1510.38 13.5096
1510.38 13.4898
1510.36 13.3869
1510.38 13.3309
1510.39 13.4692
1510.40 13.4971
1510.40 13.4564
1510.40 13.3507
1510.40 13.3459
1510.36 13.4387
1510.39 13.4253
1510.36 13.3873
1510.38 13.6264
1510.38 13.3265
1510.40 13.4506
1510.36 13.5402
1510.36 13.4755
1493.67 13.4755
1493.69 13.4178
1493.68 13.3251
1493.66 13.3008
1493.69 13.4172
1493.67 13.3788
1493.69 13.3589
1493.67 13.3319
1493.67 13.3282
1493.67 13.4397
1493.69 13.4861
1493.72 13.394
1493.69 13.2735
1493.69 13.2961
1493.69 13.5208
1493.69 13.2655
1493.69 13.2517
1493.70 13.3962
1493.69 13.3763
1493.71 13.3037
1493.67 13.3971
1493.69 13.3587
1493.73 13.456
1493.71 13.3554
1493.69 13.1995
1493.69 13.2708
1493.71 13.1837
1493.69 13.439
1493.70 13.3432
1493.70 13.3382
1493.71 13.2635
1493.69 13.3015
1493.71 13.2821
1493.69 13.1512
1493.71 13.4199
1493.71 13.2618
1493.69 13.2411
1493.70 13.3775
1493.69 13.3314
1493.71 13.3087
1493.69 13.4065
1493.71 13.4538
1493.71 13.4465
1493.69 13.363
1493.69 13.407
1493.69 13.3299
1493.69 13.5144
1477.01 13.5144
1477.01 13.5795
1477.03 13.4271
1477.05 13.4369
1477.01 13.416
1477.03 13.3791
1477.03 13.4301
1477.01 13.4631
1477.01 13.4078
1477.03 13.49
1477.01 13.4171
1477.03 13.5552
1477.03 13.3948
1477.01 13.5664
1477.02 13.3387
1477.00 13.5177
1476.99 13.4698
1477.01 13.3966
1477.03 13.4955
1477.01 13.4357
1477.01 13.4218
1477.03 13.6667
1477.03 13.5523
1477.03 13.5547
1477.01 13.504
1477.03 13.6099
1477.01 13.5692
1477.03 13.7098
1477.02 13.5735
1477.01 13.7668
1477.01 13.5215
1477.03 13.5915
1476.99 13.5468
1477.03 13.5779
1477.03 13.6568
1477.03 13.6499
1477.01 13.7125
1477.01 13.509
1477.01 13.5664
1477.01 13.6607
1477.03 13.1395
1477.01 13.3054
1477.01 13.6208
2177.66 13.5776
2160.96 13.5776
2144.30 13.5776
2127.62 13.5776
2110.92 13.5776
2094.24 13.5776
2077.55 13.5776
2060.87 13.5776
2044.19 13.5776
2027.51 13.5776
2010.83 13.5776
1994.16 13.5776
1977.48 13.5776
1960.80 13.5776
1944.10 13.5776
1927.42 13.5776
1910.74 13.5776
1894.08 13.5776
1877.38 13.5776
1860.69 13.5776
1844.01 13.5776
1827.30 13.5776
1810.67 13.5776
1793.98 13.5776
1777.28 13.5776
1760.62 13.5776
1743.92 13.5776
1727.24 13.5776
1710.55 13.5776
1693.89 13.5776
1677.19 13.5776
1660.51 13.5776
1643.83 13.5776
1627.15 13.5776
1610.46 13.5776
1593.80 13.5776
1577.12 13.5776
1560.44 13.5776
1543.74 13.5776
1527.06 13.5776
1510.37 13.5776
1493.69 13.5776
1477.01 13.5776
1477.01 13.432
1460.33 13.432
1443.65 13.432
1426.97 13.432
1410.28 13.432
1393.60 13.432
1376.94 13.432
1360.24 13.432
1343.56 13.432
1326.88 13.432
1310.19 13.432
1310.21 13.3469
1310.19 13.402
1310.19 13.3855
1310.19 13.502
1310.17 13.6242
1310.19 13.4483
1310.19 13.5131
1310.20 13.5575
1310.22 13.6106
1293.52 13.6106
1310.23 13.5765
1310.21 13.5885
1310.19 13.4148
1310.20 13.4809
1293.52 13.4809
1293.51 13.4405
1293.51 13.5797
1293.51 13.4293
1293.51 13.4531
1293.51 13.5332
1293.51 13.4733
1293.51 13.507
1293.51 13.4968
1293.51 13.4983
1293.51 13.4511
1293.49 13.478
1293.49 13.3548
1293.49 13.4033
1293.49 13.5862
1293.51 13.5206
1293.49 13.6462
1293.49 13.4438
1293.51 13.5713
1293.49 13.6309
1293.49 13.461
1293.49 13.6091
1293.49 13.6667
1293.49 13.5013
1293.49 13.5641
1293.49 13.5955
1293.49 13.4328
1293.49 13.6771
1293.49 13.7073
1293.51 13.5551
1293.49 13.5214
1293.49 13.6078
1293.49 13.7227
1293.49 13.6644
1293.49 13.5593
1293.49 13.658
1293.49 13.7065
1293.49 13.6366
1293.53 13.589
1293.51 13.5895
1276.85 13.5895
1276.83 13.6207
1276.83 13.6222
1276.85 13.6604
1276.83 13.7054
1276.83 13.5657
1276.83 13.6496
1276.82 13.5659
1276.83 13.6108
1276.83 13.5381
1276.83 13.5872
1276.83 13.7434
1276.83 13.6519
1276.85 13.5621
1276.83 13.66
1276.83 13.5353
1276.85 13.746
1276.83 13.588
1276.83 13.646
1276.83 13.6201
1276.85 13.6499
1276.83 13.6151
1276.83 13.4944
1276.84 13.6476
1276.83 13.7482
1276.83 13.6821
1276.83 13.7535
1276.83 13.6916
1276.83 13.6582
1276.81 13.6068
1276.83 13.7635
1276.81 13.6622
1276.83 13.6372
1276.81 13.8261
1276.83 13.6561
1276.83 13.722
1276.83 13.7181
1276.83 13.739
1276.83 13.6316
1276.84 13.568
1276.85 13.659
1276.81 13.6699
1276.81 13.6384
1276.83 13.6981
1260.15 13.6981
1260.15 13.6728
1260.17 13.7177
1260.14 13.759
1260.15 13.5031
1260.15 13.7158
1260.13 13.644
1260.15 13.6305
1260.17 13.5453
1260.17 13.5054
1260.17 13.6297
1260.17 13.4616
1260.17 13.5359
1260.17 13.7001
1260.17 13.5944
1260.16 13.5776
1260.17 13.5479
1260.15 13.5304
1260.17 13.4872
1260.17 13.5922
1260.17 13.5779
1260.17 13.6337
1260.17 13.564
1260.17 13.5519
1260.17 13.5823
1260.17 13.7228
1260.17 13.6663
1260.17 13.7022
1260.17 13.5195
1260.17 13.559
1260.17 13.6104
1260.17 13.5893
1260.17 13.4857
1243.49 13.4857
1243.45 13.5878
1260.15 13.5529
1243.47 13.5529
1260.13 13.5002
1260.15 13.6345
1243.47 13.6345
1243.47 13.5166
1243.45 13.5497
1243.47 13.5654
1243.47 13.6485
1243.47 13.4554
1243.47 13.5255
1243.47 13.5169
1243.47 13.5016
1243.46 13.5049
1243.45 13.4926
1243.47 13.4817
1243.43 13.5201
1243.44 13.4977
1243.46 13.4431
1243.45 13.6297
1243.47 13.5108
1243.47 13.5192
1243.47 13.4355
1243.47 13.4704
1243.46 13.6508
1243.47 13.5777
1243.45 13.6486
1243.47 13.5654
1243.47 13.5752
1243.47 13.4544
1243.47 13.6496
1243.47 13.5717
1243.47 13.5547
1243.49 13.6272
1243.49 13.7734
1243.47 13.4979
1243.47 13.4865
1243.47 13.4553
1243.47 13.5677
1243.47 13.7028
1243.47 13.4513
1243.45 13.5227
1243.49 13.5413
1243.47 13.6418
1243.45 13.5965
1243.47 13.5219
1243.47 13.6327
1243.47 13.4861
1243.45 13.6722
1243.47 13.5582
1243.51 13.5793
1243.47 13.6085
1243.47 13.654
1226.81 13.654
1226.80 13.5991
1226.79 13.5762
1226.81 13.6917
1226.79 13.5306
1226.79 13.588
1226.81 13.5945
1226.79 13.5357
1226.79 13.6675
1226.81 13.6748
1226.79 13.6039
1226.81 13.5151
1226.80 13.6143
1226.81 13.4581
1226.79 13.5094
1226.76 13.5827
1226.79 13.6294
1226.79 13.544
1226.80 13.5969
1226.79 13.6393
1226.79 13.4998
1226.81 13.4725
1226.78 13.4055
1226.79 13.5721
1226.78 13.4119
1226.78 13.4425
1226.78 13.4595
1226.79 13.5277
1226.79 13.4278
1226.78 13.4218
1226.79 13.4536
1226.79 13.5047
1226.81 13.4903
1226.79 13.3695
1226.79 13.3325
1226.80 13.4091
1226.81 13.5393
1226.81 13.4776
1226.79 13.4334
1226.77 13.4294
1226.79 13.4361
1226.79 13.6735
1226.79 13.5959
1226.80 13.6
1210.11 13.6
1210.10 13.6759
1210.10 13.6396
1210.08 13.534
1210.10 13.6616
1210.09 13.5865
1210.11 13.7206
1210.11 13.7807
1210.12 13.7639
1210.10 13.6606
1210.10 13.674
1210.10 13.5715
1210.10 13.6708
1210.10 13.5027
1210.11 13.6196
1210.11 13.6839
1210.10 13.6117
1210.08 13.7969
1210.10 13.6257
1210.11 13.6099
1210.11 13.6299
1210.10 13.7357
1210.11 13.5956
1210.08 13.6412
1210.08 13.7611
1210.10 13.6892
1210.12 13.5902
1210.12 13.8299
1210.08 13.7398
1210.10 13.8552
1210.10 13.6436
1210.12 13.7456
1210.10 13.7303
1210.10 13.871
1210.10 13.6436
1210.10 13.7055
1210.10 13.7012
1210.11 13.7253
1210.10 13.7287
1210.12 13.647
1210.11 13.6966
1193.42 13.6966
1193.43 13.7595
1193.43 13.5505
1193.42 13.5673
1193.40 13.6836
1193.41 13.6968
1193.44 13.5972
1193.44 13.6291
1193.42 13.6311
1193.42 13.6324
1193.42 13.596
1193.43 13.7372
1193.42 13.5549
1193.42 13.5011
1193.42 13.5314
1193.43 13.5265
1193.42 13.6489
1193.42 13.6416
1193.44 13.5359
1193.42 13.628
1193.42 13.491
1193.41 13.4283
1193.40 13.5535
1193.42 13.4007
1193.42 13.5152
1193.42 13.5071
1193.46 13.5876
1193.42 13.436
1193.44 13.5391
1193.42 13.4734
1193.42 13.5025
1193.42 13.4793
1193.44 13.4255
1193.42 13.4427
1193.42 13.5294
1193.42 13.4094
1193.43 13.5197
1193.42 13.4798
1193.45 13.3494
1193.42 13.2822
1193.42 13.3988
1193.40 13.3695
1193.42 13.4025
1193.42 13.3546
1193.44 13.3216
1193.44 13.4199
1193.44 13.5598
1193.44 13.4798
1193.42 13.3283
1193.40 13.2961
1193.42 13.307
1193.42 13.4093
1193.42 13.333
1193.44 13.4463
1176.76 13.4463
1176.73 13.3595
1176.74 13.2693
1176.74 13.4368
1176.72 13.3364
1176.76 13.1896
1176.71 13.4095
1176.76 13.3169
1176.74 13.3887
1176.74 13.5931
1176.72 13.3204
1176.74 13.2449
1176.73 13.4027
1176.74 13.3304
1176.74 13.3235
1176.74 13.3127
1176.74 13.3617
1176.74 13.3984
1176.72 13.4557
1176.70 13.4006
1176.72 13.5105
1176.71 13.5156
1176.70 13.4117
1176.72 13.4369
1176.72 13.3282
1176.73 13.3253
1176.72 13.3708
1176.72 13.3815
1176.72 13.5523
1176.73 13.5524
1176.74 13.2742
1176.72 13.315
1176.76 13.2669
1176.74 13.4006
1176.74 13.3292
1176.74 13.3902
1176.74 13.3957
1176.78 13.4628
1176.76 13.3937
1176.76 13.3628
1176.74 13.4662
1176.71 13.4493
1176.73 13.5229
1176.74 13.4823
1176.72 13.3928
1176.74 13.3936
1176.74 13.356
1176.74 13.3816
1176.74 13.4516
1160.08 13.4516
1160.08 13.24
1176.74 13.0778
1176.74 13.4226
1160.06 13.4226
1176.74 13.318
1160.06 13.318
1160.04 13.2774
1160.08 13.4928
1160.06 13.5434
1160.06 13.3855
1160.08 13.379
1160.06 13.3863
1160.08 13.4256
1160.08 13.35
1160.06 13.3892
1160.06 13.3129
1160.06 13.316
1160.06 13.4175
1160.06 13.3634
1160.06 13.2908
1160.05 13.3168
1160.06 13.4301
1160.08 13.3685
1160.06 13.3662
1160.08 13.3026
1160.06 13.3612
1160.06 13.3993
1160.06 13.392
1160.06 13.3254
1160.06 13.3544
1160.04 13.39
1160.06 13.4261
1160.04 13.2587
1160.06 13.5078
1160.06 13.2445
1160.08 13.4839
1160.06 13.471
1160.06 13.5055
1160.06 13.5343
1160.08 13.5216
1160.04 13.4181
1160.09 13.3317
1160.06 13.3978
1160.07 13.5844
1160.08 13.3411
1160.08 13.4764
1160.08 13.4792
1160.06 13.518
1160.08 13.4045
1160.08 13.4737
1160.09 13.6473
1160.08 13.3817
1143.40 13.3817
1143.40 13.6217
1143.40 13.5195
1143.38 13.3663
1143.38 13.4319
1143.37 13.519
1143.38 13.4158
1143.37 13.4475
1143.38 13.68
1143.38 13.3889
1143.38 13.6138
1143.38 13.4434
1143.38 13.5256
1143.36 13.4104
1143.35 13.6008
1143.38 13.5491
1143.38 13.6331
1143.38 13.5047
1143.38 13.4642
1143.37 13.7077
1143.37 13.5881
1143.37 13.5586
1143.36 13.5567
1143.39 13.4776
1143.38 13.5568
1143.38 13.5116
1143.38 13.8672
1143.39 13.4523
1143.37 13.4957
1143.36 13.4611
1143.36 13.5485
1143.38 13.5504
1143.36 13.5499
1143.36 13.6555
1143.35 13.5268
1143.36 13.7104
1143.35 13.6994
1143.37 13.8265
1143.38 13.7114
1143.38 13.7125
1143.36 13.6044
1143.36 13.7126
1143.36 13.6258
1143.37 13.7236
1143.38 13.6795
1143.38 13.7363
1143.35 13.6963
1143.36 13.6032
1143.38 13.6511
1143.36 13.6907
1143.38 13.5853
1143.40 13.6214
1143.40 13.5825
1143.40 13.6654
1143.39 13.8643
1143.40 13.743
1143.36 13.6316
1126.68 13.6316
1126.69 13.5718
1126.67 13.634
1126.69 13.8169
1126.70 13.6084
1126.72 13.5798
1126.72 13.5881
1126.72 13.7315
1126.70 13.5985
1126.70 13.6164
1126.70 13.6951
1126.71 13.777
1126.70 13.6855
1126.71 13.6627
1126.71 13.8026
1126.71 13.5759
1126.69 13.4818
1126.69 13.6659
1126.70 13.785
1126.71 13.6081
1126.67 13.5337
1126.70 13.6879
1126.69 13.7561
1126.69 13.752
1126.67 13.7801
1126.70 13.6882
1126.69 13.7756
1126.69 13.7562
1126.72 13.7311
1126.71 13.7928
1126.69 13.6857
1126.70 13.7455
1126.69 13.8841
1126.69 13.6711
1126.69 13.762
1126.69 13.8465
1126.70 13.8464
1126.69 13.838
1126.71 13.6571
1126.69 13.6389
1126.69 13.7566
1126.69 13.6809
1126.69 13.6866
1126.68 13.8504
1126.71 13.8144
1126.69 13.8169
1126.71 13.7467
1126.71 13.6783
1126.71 13.8462
1126.72 13.6745
1126.72 13.7347
1126.69 13.8588
1126.67 13.7575
1126.68 13.6359
1126.67 13.7357
1126.70 13.75
1126.70 13.7541
1126.72 13.7172
1126.72 13.5921
1126.69 13.6708
1126.72 13.6508
1126.72 13.6272
1110.02 13.6272
1126.70 13.8422
1110.02 13.8422
1110.04 13.643
1109.99 13.7527
1110.02 13.7402
1110.02 13.5834
1110.02 13.7288
1109.99 13.6819
1110.03 13.597
1110.04 13.8012
1110.01 13.6386
1110.04 13.6148
1110.04 13.642
1110.01 13.7471
1110.02 13.6932
1110.01 13.608
1110.00 13.645
1110.00 13.7323
1110.00 13.7847
1110.01 13.6345
1110.01 13.7297
1110.00 13.8217
1110.01 13.7597
1110.04 13.6942
1110.01 13.7164
1110.03 13.8132
1110.01 13.691
1110.01 13.7185
1110.03 13.6167
1110.03 13.9
1110.01 13.6776
1109.97 13.7921
1110.03 13.601
1110.03 13.8201
1110.01 13.7775
1109.96 13.7188
1110.03 13.7239
1093.37 13.7239
1109.99 13.6805
1093.33 13.6805
1093.31 13.7541
1093.31 13.6969
1093.31 13.6847
1093.33 13.6434
1093.33 13.7283
1093.31 13.717
1093.35 13.6585
1093.36 13.7619
1093.34 13.6336
1093.34 13.8866
1093.33 13.7005
1093.31 13.6478
1093.34 13.728
1093.34 13.7297
1093.34 13.6866
1093.33 13.704
1093.34 13.5929
1093.34 13.6839
1093.34 13.8388
1093.34 13.7616
1093.36 13.7527
1093.36 13.7509
1093.34 13.633
1093.33 13.6585
1093.33 13.6685
1093.34 13.6922
1093.33 13.7692
1093.31 13.6504
1093.33 13.6303
1093.33 13.7038
1093.33 13.7363
1093.34 13.549
1093.33 13.7451
1093.31 13.6166
1093.33 13.7315
1093.34 13.8225
1076.65 13.8225
1076.66 13.6432
1093.34 13.7169
1076.66 13.7169
1076.63 13.6885
1093.33 13.6393
1076.62 13.6393
1076.65 13.6896
1076.63 13.6795
1076.66 13.8248
1076.66 13.7107
1076.66 13.6188
1076.65 13.7751
1076.63 13.7665
1076.65 13.6982
1076.66 13.7405
1076.63 13.7451
1076.66 13.8695
1076.65 13.8023
1076.65 13.8432
1076.66 13.9936
1076.65 13.7476
1076.67 13.8317
1076.66 13.8006
1076.66 13.8333
1076.66 13.7618
1076.66 13.8135
1076.68 13.8735
1076.65 13.7539
1076.68 13.6944
1076.68 13.8716
1076.66 13.7704
1076.67 13.7384
1076.65 13.7955
1076.69 13.7167
1076.68 13.7866
1076.66 13.7134
1076.66 13.8097
1076.68 13.7708
1076.65 13.6327
1076.62 13.7583
1059.94 13.7583
1059.96 13.8556
1059.96 13.6302
1059.96 13.6755
1059.94 13.7501
1059.96 13.7623
1059.96 13.7107
1059.94 13.6072
1059.94 13.7261
1059.96 13.6378
1059.96 13.6331
1059.96 13.6706
1059.96 13.8191
1059.94 13.7084
1059.94 13.7643
1059.94 13.7838
1059.97 13.7074
1059.94 13.821
1059.96 13.713
1059.96 13.7714
1059.97 13.7439
1059.96 13.6496
1059.96 13.8286
1059.97 13.6302
1059.97 13.6228
1059.99 13.6772
1059.96 13.6441
1059.97 13.6106
1059.96 13.7511
1059.97 13.6756
1059.98 13.5936
1043.30 13.5936
1043.29 13.6842
1043.31 13.6898
1043.27 13.5645
1043.29 13.6265
1043.29 13.6293
1043.28 13.7448
1043.28 13.5477
1043.28 13.5285
1043.31 13.6373
1043.29 13.7017
1043.26 13.559
1043.28 13.5954
1043.28 13.71
1043.26 13.8459
1043.29 13.7905
1043.31 13.8036
1043.26 13.7571
1043.26 13.756
1043.29 13.7155
1043.26 13.7851
1043.26 13.8734
1043.26 13.8644
1043.28 13.8392
1043.28 13.6846
1043.31 13.809
1043.28 13.7844
1043.26 13.6843
1043.26 13.7413
1043.26 13.8302
1043.28 13.6494
1043.28 13.7076
1043.26 13.7475
1043.26 13.6357
1043.26 13.7151
1043.29 13.7925
1043.27 13.4869
1043.29 13.7586
1043.27 13.6532
1043.31 13.8014
1043.30 13.6543
1043.29 13.7504
1043.27 13.6666
1043.29 13.6782
1043.31 13.6595
1043.30 13.7992
1043.29 13.6553
1043.29 13.5769
1043.31 13.7956
1043.27 13.7214
1043.26 13.7236
1043.31 13.7678
1043.31 13.7734
1026.63 13.7734
1043.31 13.6644
1026.60 13.6644
1026.60 13.5789
1026.62 13.6331
1026.62 13.7015
1026.60 13.7983
1026.61 13.6056
1026.61 13.7297
1026.61 13.629
1026.59 13.6189
1026.61 13.7295
1026.62 13.6897
1026.61 13.7396
1026.62 13.6214
1026.60 13.7079
1026.60 13.624
1026.60 13.5904
1026.60 13.7769
1026.60 13.635
1026.61 13.626
1026.60 13.6799
1026.60 13.7192
1026.62 13.6338
1026.60 13.7355
1026.62 13.6253
1026.57 13.746
1026.62 13.7461
1026.61 13.6754
1026.62 13.5329
1026.61 13.6233
1026.62 13.7039
1026.62 13.5943
1026.62 13.5691
1026.62 13.6922
1026.62 13.5958
1026.62 13.6485
1026.60 13.7377
1026.61 13.8332
1026.60 13.671
1026.60 13.5879
1026.62 13.6703
1026.62 13.6795
1009.94 13.6795
1026.60 13.5941
1026.62 13.8423
1009.94 13.8423
1009.90 13.6772
1026.62 13.7017
1009.92 13.7017
1009.94 13.7021
1009.94 13.694
1026.62 13.8814
1009.94 13.8814
1009.92 13.8729
1026.62 13.7959
1026.63 13.9423
1009.94 13.9423
1026.63 13.8327
1026.63 13.658
1009.92 13.658
1009.90 13.7911
1026.62 13.5549
1009.94 13.5549
1009.94 13.8407
1009.93 13.7119
1009.93 13.8062
1009.93 13.7653
1009.90 13.7159
993.22 13.7159
1009.94 13.8466
1009.93 13.7204
1009.93 13.7879
1009.93 13.6822
1009.90 13.8367
1009.89 13.8019
1009.95 13.7046
1009.95 13.706
1009.90 13.6924
1009.92 13.6502
1009.93 13.5728
1009.93 13.7375
1009.92 13.7269
1009.93 13.7561
1009.90 13.7593
1009.90 13.7775
1009.92 13.7739
1009.92 13.7176
1009.92 13.8227
1009.90 13.7749
1009.91 13.8348
1009.95 13.6821
1009.93 13.8146
1009.93 13.8914
1009.92 13.8269
1009.92 13.6951
993.23 13.6951
993.24 13.8092
993.22 13.8681
993.27 13.8524
993.25 13.6949
993.24 13.832
993.25 13.8875
993.24 13.841
993.24 13.7829
993.24 13.8607
993.27 13.8155
993.25 13.6597
993.25 13.7804
993.25 13.7422
993.25 13.979
993.25 13.879
993.22 13.789
993.25 13.8608
993.25 13.9686
993.25 13.8566
993.25 13.8537
993.25 13.7842
993.25 13.7598
993.22 13.9074
993.25 13.9198
993.24 13.7924
993.24 13.8996
993.24 14.0179
993.24 13.7363
993.25 13.7544
993.25 13.8866
993.24 13.8437
993.24 13.7672
993.23 13.9999
993.23 13.8119
993.23 13.9165
993.23 13.8737
993.24 13.8322
993.22 13.9513
993.24 13.771
993.26 13.9051
993.24 14.0851
993.24 13.9064
976.58 13.9064
976.58 13.8114
976.56 13.9417
976.53 13.9449
976.54 14.0332
976.53 14.0841
976.55 14.046
976.54 14.0369
976.56 13.9473
976.58 14.1266
976.58 14.0399
976.56 14.1925
976.56 14.0342
976.56 14.1802
976.56 14.0604
976.54 14.0517
976.56 14.0741
976.55 14.0876
976.55 13.968
976.58 13.9828
976.56 13.9507
976.56 14.1374
976.58 14.0124
976.58 14.0076
976.55 13.8783
976.55 13.9952
976.55 13.9561
976.56 14.0151
976.55 13.9391
976.55 13.8236
976.56 13.9953
959.86 13.9953
959.85 14.0662
959.85 13.8776
959.87 13.8918
959.87 13.8315
959.90 13.8242
959.87 14.1618
959.87 13.9178
959.87 13.8445
959.88 13.9674
959.90 13.9741
959.87 13.8657
959.90 13.8574
959.88 13.9332
959.87 13.8606
959.88 13.9636
959.88 13.968
959.88 13.9091
959.87 13.873
959.84 13.9736
959.86 14.0243
959.88 13.8595
959.88 13.9266
959.88 13.8434
959.88 13.969
959.88 13.9224
959.88 13.811
959.88 13.8628
959.88 13.9232
959.88 13.8503
959.87 13.8251
959.87 13.8588
959.87 13.9971
959.87 13.7997
959.90 13.9249
959.87 13.9783
959.88 13.9667
959.88 13.8708
959.91 13.9629
959.88 13.8857
959.88 13.8528
959.88 13.8082
959.86 13.8858
959.90 13.8145
959.88 13.7792
959.88 13.9214
959.86 13.8941
959.86 13.8446
959.88 13.8579
959.86 13.7808
959.88 13.7988
959.88 13.7347
959.88 13.6826
959.90 13.7504
959.89 13.7151
959.90 13.8154
959.88 13.8606
959.91 13.7322
959.88 13.6847
959.90 13.8062
959.88 13.838
943.20 13.838
959.88 13.766
943.21 13.766
943.20 13.7776
943.20 13.8929
943.22 13.9063
943.18 13.756
943.19 13.6943
943.20 13.8233
943.17 13.7497
943.20 13.7065
943.18 13.7335
943.20 13.8583
943.19 13.7044
943.20 13.7116
943.20 13.8004
943.22 13.857
943.20 13.8061
943.20 13.7656
943.20 13.7342
943.20 13.8251
943.20 13.7914
943.18 13.7635
943.18 13.6068
943.18 13.9307
943.19 13.9036
943.19 13.648
943.20 13.8878
943.20 13.7459
943.20 13.7389
943.20 13.8751
943.22 13.7962
943.21 13.8072
943.21 13.8789
943.20 13.8208
943.20 13.7571
943.20 13.9243
943.19 13.7387
943.21 13.7685
943.20 13.8474
943.18 13.7733
943.19 13.818
926.51 13.818
943.19 13.7733
926.48 13.7733
926.49 13.7208
926.51 13.9046
926.51 13.8224
926.49 13.8325
926.49 13.8034
926.51 13.9112
926.52 13.7764
926.49 13.8878
926.51 13.9204
926.51 13.8356
926.52 13.6125
926.51 13.7299
926.51 13.7672
926.51 13.8093
926.51 13.927
926.51 13.8908
926.51 13.8569
926.51 13.835
926.51 13.7859
926.52 13.966
926.51 13.9783
926.52 13.9842
926.55 13.8664
926.51 13.9656
926.49 13.857
926.51 13.9746
926.53 13.969
926.53 13.8893
926.51 13.9087
926.51 13.8673
926.49 14.0129
926.49 13.8928
926.50 14.0072
926.49 15.3371
926.49 13.9694
926.47 13.9652
926.49 13.8578
926.49 13.8711
926.47 15.935
926.51 15.9808
926.51 15.8356
926.49 15.7541
926.48 16.0269
959.86 15.5256
943.18 15.5256
926.51 15.5256
909.81 15.5256
926.49 15.8439
909.83 15.8439
926.49 15.9713
909.81 15.9713
909.81 16.0085
909.81 15.9299
909.81 13.9026
909.82 13.8356
909.83 15.9471
909.83 15.8854
909.84 13.9771
909.84 15.9842
909.83 15.7349
909.85 15.8488
909.85 15.8482
909.85 15.8174
909.85 15.7809
909.88 16.0197
909.83 15.8163
909.83 15.9772
893.15 15.9772
893.15 15.762
909.83 15.8265
893.15 15.8265
926.51 16.0276
909.83 16.0276
893.15 16.0276
893.15 15.8438
893.17 15.9021
893.17 16.0351
893.15 16.0424
893.15 15.8065
893.15 15.9521
893.15 15.9916
893.15 15.802
909.84 15.8004
893.15 15.8004
893.17 15.755
893.15 15.8195
893.16 15.8962
893.13 15.7938
893.17 15.7406
909.83 15.7979
893.17 15.7979
893.16 15.6846
893.16 15.9448
893.17 15.9018
893.18 15.8139
893.17 16.0129
893.18 15.889
893.15 16.0471
893.15 16.0096
893.16 15.9357
893.17 15.9493
893.17 15.9673
876.49 15.9673
876.49 15.8845
893.17 15.7501
876.49 15.7501
876.49 16.0163
876.49 15.899
876.49 15.9122
876.49 15.9645
876.49 15.7844
876.47 15.9078
893.17 15.7824
876.49 15.7824
876.47 15.7518
876.47 15.9373
876.47 15.774
876.50 15.755
876.47 15.9815
876.47 16.014
876.45 15.8632
876.47 15.8978
893.16 15.8713
876.47 15.8713
876.46 16.0427
859.78 16.0427
859.75 15.7487
859.79 16.0674
859.79 15.8711
859.76 15.8023
859.79 15.9388
876.47 15.7527
859.79 15.7527
859.79 16.0206
843.12 16.0206
859.79 15.7701
843.10 15.7701
843.11 15.7931
843.12 16.0809
843.10 15.8847
843.08 15.825
843.11 15.9545
843.10 15.9089
843.10 15.7093
843.10 15.8531
843.12 15.8888
859.79 15.8685
843.11 15.8685
893.16 16.0752
876.48 16.0752
859.81 16.0752
843.10 16.0752
859.78 16.0797
843.12 16.0797
843.14 15.7819
826.45 15.7819
843.11 16.1032
826.42 16.1032
843.12 16.0485
843.11 16.1104
826.42 16.1104
859.81 16.0231
843.13 16.0231
826.45 16.0231
809.77 16.0231
809.74 15.8875
809.74 16.1006
859.77 16.1579
843.09 16.1579
826.40 16.1579
809.72 16.1579
809.74 16.2353
809.76 15.7537
826.42 15.9581
809.74 15.9581
809.76 15.7314
809.76 15.7445
809.74 16.2543
826.40 16.2435
809.74 16.2435
809.75 16.1361
809.75 16.0483
809.74 15.9927
809.74 16.0004
809.74 16.0628
809.74 15.8913
826.42 15.9995
809.74 15.9995
826.43 16.1514
809.75 16.1514
843.11 16.1346
826.42 16.1346
809.74 16.1346
809.74 16.1563
809.74 15.8709
809.74 15.9521
793.06 15.9521
809.74 16.2802
793.06 16.2802
809.74 16.1913
793.06 16.1913
793.06 15.9496
809.74 15.9419
793.06 15.9419
809.71 16.0082
793.04 16.0082
793.06 15.9936
793.06 15.9916
793.06 15.9568
793.06 16.1949
793.06 16.0863
793.06 15.9841
793.06 16.1686
793.06 16.1619
809.74 16.2028
793.06 16.2028
793.06 16.22
793.06 16.0052
793.06 16.1759
793.06 16.2408
793.06 16.3397
793.06 16.1142
793.06 16.3502
776.38 16.3502
793.06 16.1278
776.38 16.1278
776.38 16.1525
776.38 16.3134
776.38 16.1527
776.38 15.8039
776.38 16.3312
776.38 16.1051
793.06 16.4152
776.38 16.4152
776.38 16.2195
776.38 16.0954
776.40 16.3555
776.38 16.077
776.38 16.1339
776.37 16.2377
793.06 15.8996
776.38 15.8996
776.38 16.1034
776.38 16.1917
793.09 16.0516
776.41 16.0516
776.38 16.0632
793.06 16.3647
776.36 16.3647
759.70 16.3647
759.70 16.2489
793.06 16.0969
776.38 16.0969
759.70 16.0969
759.70 16.0225
759.68 16.2605
759.70 16.3408
759.70 16.2592
759.70 16.3599
776.40 16.0064
759.72 16.0064
759.70 16.1489
759.70 16.2229
759.70 16.1852
776.40 16.0995
759.70 16.0995
759.69 16.3066
743.01 16.3066
743.01 16.2805
743.01 16.1529
743.02 16.0625
743.00 15.9276
759.70 16.1253
743.03 16.1253
759.70 15.9445
743.01 15.9445
759.71 15.7208
743.01 15.7208
742.99 15.8727
743.01 16.0191
743.01 15.6686
743.03 15.9489
759.72 15.8125
743.02 15.8125
759.72 15.9454
743.01 15.9454
743.02 15.6884
743.03 15.8231
742.99 15.6992
743.03 15.787
743.00 15.8616
759.68 15.9409
742.99 15.9409
759.68 15.6864
743.00 15.6864
743.01 15.6546
743.02 15.6005
743.03 15.7526
743.01 15.6781
743.02 15.5911
759.70 15.8389
743.01 15.8389
743.04 15.7197
726.34 15.7197
726.35 15.6862
743.03 15.4787
726.33 15.4787
809.74 15.5131
793.06 15.5131
776.40 15.5131
759.72 15.5131
743.01 15.5131
726.33 15.5131
726.34 15.6978
726.33 15.7596
726.32 15.5665
726.33 15.6633
726.33 15.7555
726.33 15.6326
726.33 15.8326
726.33 15.6279
743.03 15.731
726.35 15.731
726.35 15.6071
726.35 15.5202
726.33 15.4735
726.33 15.4783
726.33 15.6112
759.68 15.5802
742.99 15.5802
726.33 15.5802
726.34 15.6295
726.33 15.4926
743.01 15.3998
726.33 15.3998
726.35 15.61
743.03 15.5972
726.35 15.5972
726.35 15.3816
726.35 15.4514
759.70 15.5041
742.99 15.5041
726.31 15.5041
743.03 15.67
726.35 15.67
726.31 15.6417
726.31 15.6399
726.31 15.6563
726.33 15.487
726.33 15.4754
726.33 15.5103
743.02 15.5252
726.34 15.5252
726.33 15.5627
743.01 15.4393
726.33 15.4393
743.02 15.4971
726.32 15.4971
743.01 15.6183
726.33 15.6183
709.64 15.6183
709.65 15.4328
709.63 15.5782
726.35 15.7264
709.65 15.7264
709.65 15.662
709.65 15.5772
709.65 15.4372
726.33 15.5355
709.67 15.5355
709.65 15.8502
709.65 15.5965
726.33 15.2318
709.65 15.2318
709.65 15.6522
709.63 15.6871
709.65 15.6262
709.65 15.4112
726.31 15.453
709.63 15.453
726.33 15.6301
709.65 15.6301
709.65 15.5356
709.65 15.6004
709.65 15.7059
709.65 15.4481
726.33 15.5667
709.65 15.5667
726.33 15.4065
709.65 15.4065
709.67 15.4755
692.97 15.4755
692.97 15.6016
709.67 15.6615
692.99 15.6615
692.98 15.5222
692.97 15.6838
709.65 15.409
692.97 15.409
692.97 15.6252
726.34 15.5691
709.64 15.5691
692.95 15.5691
692.99 15.661
692.97 15.5739
692.97 15.7634
692.97 15.7317
709.65 15.6813
692.97 15.6813
692.98 15.7294
692.96 15.4884
692.98 15.5888
692.98 15.6133
692.98 15.5407
692.96 15.7358
676.29 15.7358
676.29 15.6837
676.29 15.6344
676.30 15.74
692.98 15.5463
676.29 15.5463
676.29 15.4592
676.31 15.6316
676.31 15.5476
676.29 15.6973
676.29 15.5739
676.29 15.5804
676.29 15.4371
676.28 15.704
709.65 15.545
692.97 15.545
676.28 15.545
676.28 15.4009
676.29 15.6574
676.28 15.724
676.30 15.5683
676.29 15.6531
692.97 15.4899
676.30 15.4899
676.29 15.6422
692.97 15.6296
676.29 15.6296
676.29 15.6462
676.29 15.749
676.30 15.5891
676.27 15.3094
676.27 15.3647
676.27 15.484
676.26 15.3595
676.29 15.4109
709.65 15.3423
692.97 15.3423
676.29 15.3423
659.61 15.3423
659.58 15.3765
659.60 15.3011
659.63 15.4588
676.32 15.2544
659.61 15.2544
659.62 15.4823
659.60 15.4051
659.60 15.3431
659.62 15.3946
659.60 15.2599
659.60 15.2337
659.63 15.3953
659.60 15.4571
659.61 15.3766
659.61 15.3541
659.63 15.3703
709.65 15.5525
692.98 15.5525
676.29 15.5525
659.61 15.5525
659.61 15.234
659.61 15.2725
659.61 15.3806
659.61 15.3784
659.60 15.1268
659.60 15.446
659.61 15.3426
659.63 15.3445
676.30 15.2243
659.62 15.2243
659.60 15.2685
659.61 15.1176
659.61 15.2059
659.59 15.1341
676.29 15.2963
659.63 15.2963
659.63 15.0772
659.63 15.1778
659.62 15.0577
659.62 15.2937
659.61 15.4505
659.63 15.316
659.61 15.2813
659.61 15.2815
659.61 15.0533
659.61 15.3352
659.63 15.2335
659.60 15.1206
659.62 15.3808
676.29 15.1455
659.61 15.1455
659.61 15.2342
659.61 15.3745
659.59 14.9736
676.30 15.4319
659.62 15.4319
659.60 15.5221
642.94 15.5221
642.95 15.3375
642.92 15.2574
642.92 15.3723
659.59 15.4229
642.92 15.4229
642.92 15.2048
659.61 15.2648
642.92 15.2648
642.93 15.3926
642.94 15.0382
642.92 15.228
642.91 15.2875
642.92 15.2255
642.92 15.149
642.92 15.342
642.92 15.2987
659.60 15.1415
642.92 15.1415
642.92 15.1984
642.92 15.2828
642.95 15.1981
642.90 15.0782
642.92 15.145
642.95 15.1665
659.62 15.3638
642.93 15.3638
676.29 15.1398
659.61 15.1398
642.92 15.1398
642.92 15.2435
659.61 15.4905
642.95 15.4905
642.95 15.2106
642.93 15.0109
642.93 15.1897
642.93 15.5757
642.93 15.2363
642.93 15.2604
642.95 15.177
659.62 15.1729
642.93 15.1729
642.90 15.4152
659.62 15.228
642.93 15.228
676.29 15.0154
659.60 15.0154
642.92 15.0154
659.61 15.2267
642.92 15.2267
642.90 15.1118
642.92 15.2845
642.92 15.2995
642.92 15.3473
642.92 15.536
642.92 15.1019
642.95 15.282
642.91 15.3171
642.92 15.3593
642.92 15.2148
642.92 14.9814
642.92 15.4048
642.93 15.233
642.92 15.1591
692.97 15.4129
676.29 15.4129
659.60 15.4129
642.93 15.4129
676.28 15.2804
659.59 15.2804
642.91 15.2804
642.92 15.1633
626.24 15.1633
626.23 15.1892
676.28 15.4258
659.60 15.4258
642.91 15.4258
626.23 15.4258
626.24 15.4247
626.23 15.2969
626.24 15.268
626.24 15.4475
642.94 14.9833
626.23 14.9833
659.60 15.486
642.92 15.486
626.24 15.486
626.24 15.1876
626.23 15.1897
626.23 15.3801
659.60 15.1094
642.92 15.1094
626.23 15.1094
659.60 15.0649
642.91 15.0649
626.24 15.0649
626.23 15.32
626.23 15.3902
626.24 15.3731
642.91 15.3621
626.24 15.3621
659.60 15.2671
642.92 15.2671
626.24 15.2671
626.24 15.3397
642.92 14.9659
626.24 14.9659
626.24 15.441
659.58 15.1854
642.90 15.1854
626.22 15.1854
626.24 15.6332
626.22 15.5875
642.90 15.5703
626.20 15.5703
626.22 15.4896
626.24 15.5356
642.92 15.4464
626.24 15.4464
626.26 15.2966
626.26 15.5463
626.25 15.3996
626.24 15.5301
626.24 15.7645
626.24 15.4906
626.24 15.7851
626.24 15.4053
626.24 15.435
626.24 15.3053
626.26 15.1499
626.24 15.2487
626.24 15.2971
609.53 15.2971
659.61 15.4736
642.92 15.4736
626.26 15.4736
609.57 15.4736
609.56 15.5119
609.56 15.4281
609.56 15.655
626.24 15.6029
609.56 15.6029
609.58 15.3187
642.91 15.4347
626.23 15.4347
609.57 15.4347
609.56 15.4045
626.26 15.2395
609.58 15.2395
609.58 15.3095
626.26 15.303
609.58 15.303
609.58 15.4894
609.58 15.3795
609.57 15.3196
609.58 15.2676
609.56 15.1645
609.56 15.2238
609.56 15.1509
626.26 15.5995
609.58 15.5995
642.92 15.4336
626.26 15.4336
609.56 15.4336
659.62 15.5397
642.92 15.5397
626.24 15.5397
609.56 15.5397
609.58 15.358
609.56 15.4154
609.56 15.343
609.53 15.2873
609.56 15.3936
609.56 15.3031
609.56 15.3093
642.92 15.3006
626.24 15.3006
609.57 15.3006
626.26 15.4372
609.56 15.4372
609.58 15.2531
609.56 15.387
609.57 15.3496
609.58 15.4664
642.94 15.4052
626.26 15.4052
609.56 15.4052
592.87 15.4052
592.87 15.5415
642.92 15.2764
626.26 15.2764
609.56 15.2764
592.90 15.2764
592.89 15.5881
626.26 15.1909
609.56 15.1909
592.90 15.1909
592.90 15.4552
642.94 15.2391
626.21 15.2391
609.56 15.2391
592.90 15.2391
592.90 14.9936
609.57 15.3351
592.88 15.3351
592.86 15.4669
626.24 15.2484
609.56 15.2484
592.87 15.2484
609.56 15.3475
592.88 15.3475
592.88 15.1298
592.86 15.0717
592.88 15.1456
609.56 15.1137
592.88 15.1137
609.56 15.0846
592.88 15.0846
592.88 14.9969
592.86 15.3669
592.88 15.316
592.86 15.3087
592.86 14.836
592.90 15.1693
592.84 15.2486
592.87 15.353
642.92 15.1667
626.26 15.1667
609.56 15.1667
592.88 15.1667
609.60 15.1021
592.90 15.1021
609.58 14.96
592.89 14.96
592.88 15.1725
592.88 15.106
626.27 15.3942
609.59 15.3942
592.90 15.3942
592.88 15.3022
609.56 15.3632
592.88 15.3632
592.88 15.1017
576.20 15.1017
592.88 15.1947
609.58 15.2972
592.88 15.2972
592.86 15.2774
609.56 15.2996
592.88 15.2996
576.21 15.2996
576.20 15.0422
576.17 14.9973
576.20 15.0996
576.22 15.2049
576.22 15.3897
592.90 15.534
576.20 15.534
592.92 14.8576
576.21 14.8576
576.22 15.4845
576.18 15.3503
576.18 15.2892
576.20 15.5072
576.20 15.4615
576.20 15.4394
576.22 15.3814
576.22 15.4561
576.22 15.6195
609.58 15.2709
592.90 15.2709
576.20 15.2709
576.18 15.2378
592.88 15.4963
576.20 15.4963
576.20 15.3498
576.22 15.24
576.19 15.2062
576.22 15.508
609.56 15.3965
592.87 15.3965
576.22 15.3965
576.22 15.2958
576.20 15.5802
592.88 15.4676
576.22 15.4676
592.90 15.3329
576.20 15.3329
576.22 15.467
576.20 15.2057
576.22 15.2057
576.22 15.2493
576.20 15.2583
592.90 15.2973
576.20 15.2973
559.50 15.2973
576.22 15.3417
576.22 15.2346
559.51 15.2346
559.54 15.5352
559.53 15.3188
559.52 15.3589
576.19 15.4844
559.49 15.4844
559.52 15.5905
559.52 15.3058
576.19 15.0667
559.51 15.0667
559.51 15.4216
559.51 15.4963
576.22 15.4071
559.51 15.4071
576.21 15.3407
559.51 15.3407
559.51 15.4687
559.53 15.4328
576.20 15.3429
559.51 15.3429
559.51 15.3254
559.51 15.4825
559.51 15.4842
576.20 15.4987
559.51 15.4987
576.20 15.1641
559.51 15.1641
576.20 15.3176
559.52 15.3176
559.51 15.2747
559.51 15.2067
576.20 15.3753
559.53 15.3753
592.88 15.296
576.20 15.296
559.53 15.296
559.51 15.2613
559.51 15.5052
559.50 15.3844
559.51 15.3065
559.50 15.3704
559.52 15.4604
576.20 15.4225
559.52 15.4225
559.52 15.3183
559.52 15.2535
559.51 15.5134
559.54 15.3664
559.52 15.4162
576.20 15.365
559.51 15.365
576.20 15.3713
559.52 15.3713
576.20 15.3179
559.52 15.3179
559.50 15.4553
592.88 15.2294
576.20 15.2294
559.51 15.2294
576.20 15.4465
559.52 15.4465
559.50 15.4757
542.83 15.4757
559.51 15.9563
576.20 15.3197
559.53 15.3197
542.83 15.3197
559.51 15.5753
576.20 15.4145
559.51 15.4145
542.81 15.4145
542.83 15.5182
542.82 15.4941
542.87 15.6329
559.51 15.7216
542.83 15.7216
576.22 15.2577
559.51 15.2577
542.85 15.2577
542.86 15.4058
559.51 16.0099
542.83 16.0099
559.51 15.84
542.83 15.84
542.83 15.6774
542.83 15.5259
542.83 15.4922
559.50 15.6115
542.82 15.6115
542.83 15.5289
542.83 15.5867
559.49 15.4369
542.81 15.4369
576.20 15.6919
559.51 15.6919
542.83 15.6919
576.18 15.3943
559.50 15.3943
542.82 15.3943
542.83 15.5223
542.83 15.1598
542.81 15.3758
542.83 15.4935
542.81 15.3596
542.81 15.352
542.83 15.7184
559.57 15.297
542.89 15.297
559.51 15.4633
542.83 15.4633
542.84 15.3586
542.81 15.5048
542.85 15.4499
542.83 15.4481
542.82 15.3933
542.81 15.6133
542.83 15.2794
559.52 15.3854
542.83 15.3854
542.84 15.3111
542.84 15.2996
542.84 15.3266
542.84 15.3997
559.52 15.3447
542.83 15.3447
542.83 15.3051
576.20 15.2679
559.52 15.2679
542.84 15.2679
542.82 15.2785
526.13 15.2785
559.51 15.2167
542.83 15.2167
526.17 15.2167
526.15 15.3283
526.15 15.3045
526.13 15.3958
526.13 15.5787
526.15 15.4359
526.13 15.7162
526.13 15.526
526.15 15.4226
526.15 15.4392
526.15 15.7196
526.15 15.4497
526.18 15.5735
542.85 15.483
526.14 15.483
526.15 15.4308
526.15 15.3422
526.15 15.4751
526.15 15.5046
526.13 15.3914
542.85 15.6523
526.14 15.6523
526.14 15.4362
542.83 15.5264
526.14 15.5264
526.14 15.6554
559.51 15.6176
542.80 15.6176
526.13 15.6176
526.17 15.6774
526.13 15.6142
526.13 15.9036
542.83 15.6109
526.15 15.6109
526.15 15.64
559.51 15.5216
542.83 15.5216
526.15 15.5216
526.15 15.6177
526.17 15.76
526.15 15.6789
526.17 15.8446
526.17 15.5234
526.17 15.5078
526.15 15.4404
526.16 15.6032
526.17 15.5231
542.83 15.323
526.17 15.323
526.17 15.5195
509.47 15.5195
509.47 15.247
509.45 15.3996
509.47 15.5186
509.47 15.3793
526.17 15.4373
509.49 15.4373
509.49 15.2974
509.49 15.3766
509.45 15.2089
509.47 15.3489
509.44 15.3219
509.47 15.2459
509.49 15.3732
509.49 15.3252
509.49 15.2661
509.49 15.0737
509.47 15.2911
509.47 15.3532
509.49 15.1705
509.47 15.4666
526.15 15.315
509.47 15.315
526.16 15.5972
509.49 15.5972
526.17 15.4766
509.47 15.4766
509.47 15.4252
526.17 15.6826
509.49 15.6826
509.47 15.4244
509.47 15.5419
542.83 15.3536
526.15 15.3536
509.46 15.3536
509.47 15.4197
509.45 15.2814
509.46 15.3456
526.15 15.5369
509.47 15.5369
509.46 15.3346
509.47 15.2034
509.46 15.5083
509.48 15.3788
526.15 15.4123
509.46 15.4123
509.49 15.6265
509.47 15.3631
509.47 15.5134
509.46 15.4403
509.45 15.4282
509.49 15.5804
526.17 15.3835
509.47 15.3835
526.15 15.2836
509.47 15.2836
509.47 15.3609
509.47 15.464
509.49 15.4535
526.15 15.7464
509.47 15.7464
509.47 15.5684
509.46 15.3886
526.15 15.3501
509.46 15.3501
509.45 15.3787
509.49 15.7014
509.47 15.4784
542.80 15.636
526.15 15.636
509.45 15.636
492.77 15.636
492.77 15.46
509.47 15.6825
492.80 15.6825
526.17 15.7248
509.47 15.7248
492.79 15.7248
509.47 15.8558
492.80 15.8558
509.47 15.6748
492.79 15.6748
492.79 15.53
509.51 15.6662
492.82 15.6662
492.79 15.6057
492.82 15.7339
492.79 15.9526
492.79 15.6713
509.45 15.629
492.77 15.629
492.77 15.4524
492.79 15.8036
509.48 16.0106
492.79 16.0106
492.79 15.7664
492.75 15.8055
492.79 15.9352
492.79 15.8497
492.81 15.8177
492.81 15.7712
492.79 15.7329
509.48 15.9041
492.82 15.9041
492.81 15.7807
509.47 15.5169
492.77 15.5169
492.79 15.7424
492.79 15.6707
492.79 15.8463
492.78 15.6201
492.79 15.937
492.79 15.8594
492.79 16.0415
492.81 15.7363
492.78 15.7695
492.80 15.9031
509.48 15.9758
492.79 15.9758
492.80 15.8902
492.80 15.9755
492.79 15.8267
509.45 15.9571
492.79 15.9571
492.81 15.7959
492.79 15.6927
509.48 16.1657
492.79 16.1657
492.79 15.9568
509.48 15.7436
492.79 15.7436
509.47 15.9233
492.79 15.9233
509.47 15.8782
492.79 15.8782
492.79 15.9918
509.47 15.923
492.79 15.923
492.81 16.1549
492.79 15.9331
526.16 15.6638
509.48 15.6638
492.80 15.6638
509.47 15.7837
492.79 15.7837
509.47 16.0361
492.79 16.0361
509.47 15.7487
492.79 15.7487
492.80 16.0208
492.79 15.8194
492.78 16.1654
492.78 15.7991
492.78 16.1321
492.79 15.9017
492.80 15.915
492.79 16.3649
476.08 16.3649
476.11 16.21
509.47 16.0178
492.79 16.0178
476.10 16.0178
476.09 15.7177
476.10 16.1438
509.46 16.2453
492.78 16.2453
476.11 16.2453
476.09 16.0573
476.09 16.0092
476.11 16.026
476.11 16.3204
476.11 15.9684
476.10 16.2806
476.10 16.0626
476.10 16.0185
476.08 16.1666
476.08 16.2231
492.79 16.178
476.11 16.178
476.07 16.1758
476.09 16.1365
476.12 16.1295
476.09 16.0441
476.11 16.2807
476.10 16.155
492.79 16.0281
476.10 16.0281
476.08 15.8701
492.78 15.688
476.10 15.688
459.42 15.688
459.42 16.2095
459.45 15.7781
459.42 15.6304
459.42 16.0393
459.42 16.2805
459.41 16.135
459.42 15.7452
476.09 15.9076
459.40 15.9076
459.43 15.7749
476.11 16.0547
459.42 16.0547
459.42 15.4433
459.43 15.6056
459.42 15.7245
492.79 15.7586
476.11 15.7586
459.44 15.7586
476.11 15.9423
459.42 15.9423
476.11 15.9051
459.45 15.9051
459.44 16.0363
476.11 15.9315
459.45 15.9315
476.11 15.9391
459.43 15.9391
459.42 15.8175
476.11 15.6811
459.43 15.6811
459.45 15.911
459.41 15.7561
492.79 15.652
476.11 15.652
459.42 15.652
492.79 15.8507
476.11 15.8507
459.43 15.8507
459.43 15.5793
459.42 15.5674
459.43 15.606
459.42 15.8053
476.11 15.9318
459.43 15.9318
492.79 16.053
476.11 16.053
459.42 16.053
476.11 15.784
459.43 15.784
459.43 15.8285
459.43 15.7328
492.79 16.0333
476.11 16.0333
459.42 16.0333
476.09 15.921
459.41 15.921
459.42 16.0187
459.40 16.0293
476.11 15.8237
459.44 15.8237
459.40 15.7522
459.39 15.9867
459.44 15.8476
459.42 15.8133
476.13 16.044
459.44 16.044
442.76 16.044
459.45 15.8553
442.76 15.8553
442.76 15.8624
459.40 15.8865
442.72 15.8865
442.74 16.0085
442.72 15.9388
459.42 15.7099
442.74 15.7099
442.74 15.9212
442.72 15.9317
442.74 16.064
459.43 16.0258
442.74 16.0258
492.79 15.9467
476.13 15.9467
459.44 15.9467
442.76 15.9467
442.75 15.9392
459.44 15.8669
442.76 15.8669
442.79 16.138
442.74 16.0705
442.78 16.0274
442.77 15.8609
442.77 15.6333
476.09 15.7882
459.40 15.7882
442.72 15.7882
442.74 16.0081
442.74 15.9115
442.74 15.9619
442.76 15.9532
442.74 16.0223
442.74 15.8518
442.76 15.9609
442.76 16.18
442.76 16.0383
442.74 15.931
459.45 16.0894
442.76 16.0894
442.76 15.986
476.13 16.0513
459.44 16.0513
442.76 16.0513
459.44 15.9213
442.76 15.9213
442.74 15.9944
442.74 16.1699
442.74 16.0202
442.74 16.1021
476.11 15.8137
459.43 15.8137
442.74 15.8137
442.76 16.2644
442.74 15.9998
442.74 16.0368
459.44 16.0241
442.76 16.0241
459.47 15.8725
442.79 15.8725
459.45 16.0643
442.76 16.0643
442.75 16.1827
442.76 15.9488
442.74 16.1375
442.79 16.0704
442.74 16.184
459.42 16.0738
442.74 16.0738
442.76 16.1791
442.74 16.0091
442.74 16.1139
442.74 16.0275
476.12 16.0398
459.42 16.0398
442.74 16.0398
459.42 15.944
442.76 15.944
442.75 15.9862
476.12 16.0448
459.42 16.0448
442.74 16.0448
442.74 15.9556
442.78 16.1024
442.75 16.1046
442.74 15.9377
442.74 16.1299
442.74 16.2448
442.74 16.1623
459.42 16.0844
442.74 16.0844
442.77 16.2821
442.74 16.0838
442.79 16.1353
442.76 16.287
459.44 16.2232
442.74 16.2232
426.06 16.2232
426.04 16.3875
426.06 16.0524
426.06 16.2939
426.08 16.2623
426.04 16.0975
426.06 16.1838
426.06 16.18
442.74 16.3283
426.06 16.3283
426.06 16.0975
442.77 16.1667
426.08 16.1667
426.04 16.2584
426.04 15.7486
426.06 15.8732
442.72 16.046
426.04 16.046
426.06 16.3641
426.07 16.2427
426.07 16.3428
442.75 16.2594
426.07 16.2594
426.07 16.2667
426.07 16.1135
426.07 16.1572
426.07 16.255
426.06 16.2838
426.06 16.0511
426.05 16.1391
426.06 16.1592
426.06 16.3139
442.75 16.2602
426.06 16.2602
426.08 16.3156
426.06 16.1108
426.06 16.3249
426.03 16.2121
459.43 16.2474
442.75 16.2474
426.09 16.2474
426.06 16.0444
426.08 16.1527
426.08 15.7974
442.74 16.3146
426.06 16.3146
426.06 16.1396
426.07 16.0893
442.73 16.2336
426.05 16.2336
426.03 16.194
426.05 16.2347
426.05 16.0727
426.04 16.1344
442.73 16.124
426.05 16.124
426.06 16.3027
426.07 16.0388
426.06 16.2621
426.06 16.2251
426.06 16.0639
442.74 16.4557
426.06 16.4557
426.06 16.1406
426.06 16.1308
426.06 16.0972
426.09 16.2336
426.06 15.9383
426.04 15.6962
426.05 16.2185
426.06 15.917
442.75 15.8574
426.06 15.8574
442.74 16.1088
426.06 16.1088
426.08 15.9135
409.37 15.9135
426.04 15.8416
409.37 15.8416
409.39 15.971
409.40 16.0906
409.38 15.9642
409.39 15.6935
409.39 15.7611
426.07 16.2779
409.40 16.2779
426.07 15.75
409.38 15.75
409.39 15.8921
409.39 16.0329
442.75 16.0498
426.06 16.0498
409.39 16.0498
426.07 16.1667
409.37 16.1667
442.74 16.085
426.05 16.085
409.40 16.085
409.40 16.024
409.37 16.2055
426.04 16.2183
409.37 16.2183
426.04 15.8889
409.38 15.8889
409.38 15.6433
409.36 15.8456
409.38 15.7878
409.38 16.0127
409.38 15.9091
409.38 15.6482
409.37 15.7581
409.37 15.7224
409.37 15.7411
409.37 15.9205
426.05 15.5949
409.37 15.5949
409.37 15.7332
409.37 15.7235
409.37 15.778
426.06 15.7195
409.37 15.7195
409.37 15.9188
409.40 15.7487
409.38 15.9336
409.37 15.863
442.76 15.8857
426.06 15.8857
409.40 15.8857
409.38 15.7749
409.38 15.6738
409.38 15.8282
409.38 15.8276
409.38 15.7418
426.06 15.7908
409.38 15.7908
409.40 15.6771
409.38 15.705
409.38 15.5794
409.36 15.7534
426.06 15.7486
409.38 15.7486
426.07 15.7003
409.39 15.7003
409.38 15.5637
409.38 15.6292
409.38 15.5203
426.06 15.7525
409.38 15.7525
409.38 15.5898
409.35 15.5269
409.38 15.567
409.38 15.6554
409.38 15.695
409.38 15.5244
409.38 15.7996
409.38 15.8821
442.74 15.6369
426.06 15.6369
409.38 15.6369
409.39 15.7167
409.38 15.3209
426.07 15.781
409.38 15.781
392.69 15.781
392.67 15.4977
392.70 15.6564
392.70 15.6606
392.70 15.8887
392.72 15.7759
409.40 15.5876
392.72 15.5876
392.71 15.7932
392.70 15.7096
509.50 15.4908
492.80 15.4908
476.11 15.4908
459.45 15.4908
442.77 15.4908
426.07 15.4908
409.39 15.4908
392.70 15.4908
392.70 15.6964
392.70 15.7445
392.70 15.5581
392.70 15.6279
392.71 15.4608
392.67 15.6899
392.69 15.8168
392.70 15.6032
392.70 15.7615
392.70 15.5914
409.35 15.686
392.68 15.686
409.38 15.5846
392.70 15.5846
392.70 15.7808
409.38 15.6317
392.70 15.6317
426.06 15.6998
409.38 15.6998
392.70 15.6998
392.72 15.578
392.71 15.7166
392.72 15.6218
409.39 15.7194
392.71 15.7194
392.70 15.6726
392.70 15.7936
392.70 15.6177
392.71 15.8127
409.36 15.5589
392.67 15.5589
392.70 15.6973
392.70 15.6443
392.71 15.6281
392.70 15.8273
392.71 15.8104
392.72 15.5867
392.70 15.5399
392.72 15.9439
409.38 15.7628
392.70 15.7628
392.67 15.7287
392.67 15.6932
392.67 15.6254
392.70 15.6453
426.04 15.814
409.36 15.814
392.67 15.814
392.67 15.6465
409.37 15.6863
392.67 15.6863
476.12 15.7225
459.41 15.7225
442.73 15.7225
426.05 15.7225
409.37 15.7225
392.68 15.7225
392.72 15.7668
392.69 15.8776
392.69 15.7695
392.69 15.666
409.35 15.689
392.67 15.689
392.69 15.7747
392.66 15.697
459.41 15.7494
442.73 15.7494
426.05 15.7494
409.40 15.7494
392.72 15.7494
392.72 15.9752
376.04 15.9752
392.72 15.7175
376.04 15.7175
376.01 15.9349
376.01 15.8412
392.73 15.9098
376.05 15.9098
376.04 15.9377
376.04 15.6862
376.04 16.0084
376.04 15.7623
375.99 15.9339
376.00 15.9143
376.00 15.6907
376.00 15.8137
376.01 15.9806
376.01 15.8184
375.98 15.7865
376.00 15.8365
392.70 15.7745
376.01 15.7745
409.38 15.8759
392.69 15.8759
376.01 15.8759
376.02 15.9631
376.00 16.0213
392.69 15.782
376.01 15.782
392.70 16.0922
376.01 16.0922
376.01 15.9943
376.01 16.1732
409.40 16.2261
392.70 16.2261
376.04 16.2261
376.04 16.0097
376.02 15.9786
376.04 15.6877
376.03 15.913
376.04 15.9327
376.03 15.8053
392.72 15.9592
376.02 15.9592
376.01 15.8667
376.01 16.0416
376.01 16.1684
376.04 16.0583
376.01 16.1707
376.02 16.0931
392.70 16.0945
376.01 16.0945
376.01 16.0322
376.02 15.8809
376.01 16.2016
376.02 16.2232
409.38 16.2111
392.70 16.2111
376.02 16.2111
409.37 16.0518
392.70 16.0518
376.02 16.0518
376.01 16.0349
359.33 16.0349
392.72 16.0268
376.06 16.0268
376.04 16.2901
376.04 16.4441
376.01 16.1924
359.31 16.1924
359.33 16.1357
359.33 16.153
359.35 16.3371
376.04 16.2199
359.33 16.2199
359.33 16.1326
359.35 16.2368
392.72 16.2504
376.04 16.2504
359.33 16.2504
359.35 16.0526
359.33 15.971
359.33 16.2412
376.04 16.1572
359.35 16.1572
359.35 16.2307
359.31 16.3353
359.35 16.1358
376.01 16.2709
359.35 16.2709
376.04 16.2185
359.36 16.2185
376.01 16.3135
359.35 16.3135
359.33 16.1285
376.04 16.0967
359.36 16.0967
359.36 16.2851
359.35 16.0651
359.33 16.1613
359.35 16.2782
359.36 16.4452
359.35 16.2748
392.70 16.1157
376.01 16.1157
359.33 16.1157
359.33 16.0965
359.33 16.1023
376.01 15.9809
359.35 15.9809
392.71 16.1363
376.04 16.1363
359.35 16.1363
359.33 15.8136
359.33 15.8373
392.72 15.9587
376.00 15.9587
359.35 15.9587
359.35 15.9908
376.04 16.2259
359.35 16.2259
359.31 15.9519
359.33 15.8631
359.35 16.0045
359.35 16.2171
359.33 16.178
376.01 15.999
359.31 15.999
359.29 15.9571
359.31 15.9644
359.35 16.0794
359.35 16.1874
376.05 16.0665
359.37 16.0665
359.33 16.2782
359.35 15.9727
359.36 16.06
376.04 16.1428
359.33 16.1428
359.35 16.0577
376.04 16.2818
359.35 16.2818
359.35 16.0185
359.35 16.0718
342.67 16.0718
359.33 16.083
342.67 16.083
342.67 16.1381
359.36 16.0051
342.66 16.0051
342.67 15.8643
342.67 15.8931
342.67 15.9024
342.65 15.8289
342.65 16.0311
342.64 15.8452
342.65 16.1736
342.63 15.9295
342.65 15.8789
359.33 15.824
342.65 15.824
342.63 15.9274
359.33 16.0843
342.65 16.0843
342.65 16.1474
342.65 16.1909
342.65 16.003
342.67 15.9811
342.65 15.7449
342.65 15.5797
342.68 16.1446
342.67 15.9663
359.33 15.8664
342.67 15.8664
342.65 15.8858
359.33 16.1039
342.65 16.1039
342.70 15.8401
342.67 15.925
342.67 15.6997
359.33 16.0323
342.65 16.0323
342.66 15.9643
359.35 16.0684
342.65 16.0684
342.65 16.0519
342.65 15.7475
359.33 15.7496
342.65 15.7496
342.65 16.0031
342.65 15.912
342.65 15.6015
342.65 15.4825
342.67 15.5817
342.66 15.83
342.65 15.7701
342.65 15.7291
342.65 15.5367
342.66 15.6788
359.33 15.6722
342.65 15.6722
342.67 15.6285
342.65 15.8416
342.67 15.8662
342.66 15.7465
342.64 15.7374
376.02 15.6885
359.33 15.6885
342.65 15.6885
342.65 15.6295
342.65 15.3801
342.68 15.6225
342.65 15.8434
342.65 15.6113
342.65 15.7922
359.30 15.5991
342.63 15.5991
376.02 15.5414
359.33 15.5414
342.65 15.5414
342.65 15.8308
342.65 15.6082
342.65 15.5388
342.65 15.3349
359.36 15.4443
342.67 15.4443
359.32 15.5545
342.62 15.5545
342.65 15.616
342.65 15.7394
342.65 15.6826
342.65 15.2993
342.65 15.3466
376.02 15.6564
359.35 15.6564
342.65 15.6564
342.65 15.3189
342.65 15.0067
342.65 15.471
342.65 15.3702
359.33 15.2044
342.65 15.2044
342.65 15.6917
342.63 15.4141
342.65 15.3008
409.38 15.5003
392.70 15.5003
376.01 15.5003
359.35 15.5003
342.67 15.5003
359.33 15.3846
342.64 15.3846
342.66 15.3843
376.01 15.4221
359.33 15.4221
342.65 15.4221
342.65 15.2793
342.66 15.5403
342.63 15.4843
342.68 15.48
342.65 15.1747
342.68 15.1647
342.65 15.1891
359.34 15.249
342.66 15.249
359.34 15.1066
342.66 15.1066
359.34 15.2145
342.66 15.2145
342.66 15.2355
342.66 15.1495
359.31 15.4735
342.65 15.4735
342.65 15.4057
325.97 15.4057
342.65 15.2289
325.96 15.2289
325.95 15.42
325.97 15.38
342.64 15.2878
342.65 15.4785
325.99 15.4785
342.64 15.543
325.96 15.543
325.98 15.5592
325.96 15.5678
342.68 15.6709
325.98 15.6709
326.00 15.3736
325.94 15.4591
325.94 15.416
325.94 15.4192
325.96 15.358
325.94 15.5452
325.94 15.42
325.94 15.5095
325.94 15.3213
325.95 15.3764
325.95 15.1774
325.92 15.3828
325.95 15.3259
325.95 15.4552
325.95 15.2981
325.97 15.3402
325.97 15.4105
325.97 15.5052
325.94 15.4699
325.99 15.5378
325.96 15.4493
325.96 15.4912
359.33 15.2176
342.64 15.2176
325.96 15.2176
325.99 15.2092
342.67 15.4502
325.99 15.4502
342.67 15.4453
325.99 15.4453
325.99 15.2009
325.99 15.1509
325.99 15.2901
325.99 15.2851
342.67 15.4544
325.99 15.4544
359.39 15.5974
342.71 15.5974
326.02 15.5974
325.96 15.4143
376.04 15.3221
359.35 15.3221
342.67 15.3221
325.96 15.3221
342.65 15.1634
325.96 15.1634
325.95 15.6351
325.99 15.4626
325.97 15.4167
325.97 15.6559
325.99 15.6636
325.95 15.5228
325.97 15.8171
325.97 15.667
325.98 15.4865
342.65 15.522
325.97 15.522
342.63 15.4197
325.95 15.4197
342.63 15.4921
325.93 15.4921
342.65 15.4683
325.97 15.4683
325.97 15.3198
325.97 15.4101
325.97 15.3367
325.97 15.4103
325.99 15.394
